Students	1000
1	12 1 4 6
2	5 10 3 7
3	2 6 3 4
4	12 1 5 4
5	7 1 10 8
6	6 5 7 3
7	2 9 5 4
8	11 5 1 6
9	9 4 10 5
10	1 4 11 12
11	10 1 8 11
12	6 2 7 1
13	5 2 3 1
14	8 6 12 10
15	11 5 8 7
16	7 1 12 6
17	4 2 11 5
18	12 8 7 6
19	3 2 6 9
20	3 7 6 2
21	8 11 9 1
22	10 6 2 7
23	9 5 4 1
24	3 11 10 12
25	12 11 8 6
26	6 12 9 5
27	10 12 9 1
28	10 5 2 8
29	7 6 1 11
30	6 7 4 12
31	7 4 8 6
32	7 10 8 11
33	1 7 4 9
34	10 8 9 3
35	8 3 4 6
36	2 10 11 4
37	5 1 6 10
38	1 10 4 6
39	9 11 3 12
40	9 6 2 8
41	1 8 12 10
42	9 4 5 3
43	10 4 2 1
44	6 4 8 10
45	1 3 2 12
46	4 2 10 11
47	4 6 7 1
48	7 3 8 6
49	11 9 10 4
50	3 1 9 4
51	9 1 11 3
52	8 3 6 5
53	4 1 12 5
54	1 8 10 3
55	11 12 3 4
56	8 2 4 10
57	2 6 9 10
58	4 3 8 5
59	10 12 4 9
60	9 8 2 3
61	6 12 10 9
62	2 6 12 5
63	8 4 11 9
64	5 1 10 6
65	12 8 11 3
66	10 3 11 6
67	4 12 2 6
68	5 9 1 11
69	3 11 6 12
70	9 2 7 11
71	6 12 4 9
72	5 7 8 6
73	5 7 1 2
74	11 9 6 10
75	8 7 9 11
76	1 3 2 12
77	9 3 6 1
78	6 11 8 1
79	8 10 5 1
80	7 2 1 9
81	8 5 6 4
82	2 6 4 3
83	4 11 1 10
84	7 5 11 6
85	8 11 6 3
86	4 12 11 10
87	2 7 1 4
88	2 10 8 3
89	6 3 2 9
90	7 12 10 9
91	1 2 8 7
92	9 10 7 2
93	5 4 7 1
94	11 4 12 1
95	9 11 2 4
96	9 12 5 10
97	1 2 10 5
98	3 7 6 10
99	5 6 12 2
100	1 10 4 9
101	6 1 4 3
102	11 4 1 7
103	4 6 1 5
104	5 10 9 7
105	1 11 3 8
106	12 4 5 8
107	4 9 6 8
108	10 3 7 12
109	1 4 12 9
110	5 11 4 2
111	11 6 1 5
112	9 12 7 11
113	8 1 9 10
114	12 7 10 1
115	5 3 8 10
116	4 7 3 8
117	1 8 6 7
118	7 6 1 5
119	3 6 12 7
120	11 7 9 10
121	11 6 5 4
122	9 11 3 5
123	11 7 10 3
124	1 12 4 6
125	3 6 1 2
126	1 12 4 3
127	1 11 10 5
128	2 9 4 11
129	4 1 10 12
130	10 7 11 8
131	3 6 8 2
132	12 6 2 10
133	4 1 6 11
134	10 2 5 6
135	3 11 10 8
136	4 5 6 9
137	10 1 9 4
138	3 2 7 11
139	12 2 3 7
140	1 7 6 4
141	10 4 5 8
142	9 4 3 12
143	12 4 11 1
144	5 9 6 4
145	4 10 7 9
146	2 11 4 9
147	8 4 11 5
148	5 4 9 11
149	8 10 1 5
150	7 3 1 6
151	6 11 5 12
152	4 1 10 3
153	8 11 3 1
154	8 7 3 12
155	9 6 10 12
156	12 3 4 7
157	10 9 1 4
158	9 11 12 1
159	8 7 2 12
160	4 3 8 1
161	5 10 8 7
162	3 5 12 1
163	10 12 9 4
164	9 4 5 2
165	6 10 2 4
166	8 3 12 6
167	2 5 10 9
168	3 9 7 4
169	3 10 12 4
170	1 9 6 11
171	1 3 8 12
172	8 1 3 2
173	7 9 3 6
174	9 3 2 8
175	9 12 11 6
176	2 7 11 12
177	1 2 10 9
178	6 12 3 7
179	10 2 8 1
180	9 12 11 8
181	6 9 4 7
182	2 3 9 4
183	4 9 8 1
184	4 12 5 6
185	5 8 6 1
186	10 9 2 1
187	10 2 5 12
188	5 9 11 10
189	12 4 6 3
190	6 8 10 5
191	9 5 11 4
192	11 6 12 7
193	11 12 1 6
194	6 3 2 10
195	4 12 2 5
196	9 11 10 1
197	7 4 9 12
198	10 7 6 12
199	12 7 10 1
200	10 8 11 4
201	9 7 2 1
202	5 11 9 7
203	5 1 12 3
204	6 9 1 4
205	9 8 5 2
206	5 6 10 7
207	9 2 7 12
208	2 3 4 5
209	12 7 4 1
210	9 11 7 12
211	11 2 1 3
212	11 8 9 6
213	10 5 9 11
214	4 2 1 6
215	5 4 7 12
216	12 8 1 7
217	9 8 12 11
218	12 7 10 3
219	1 9 7 3
220	8 1 5 6
221	11 12 7 5
222	1 11 4 2
223	3 9 8 10
224	5 9 4 7
225	9 5 10 7
226	9 10 5 7
227	6 2 7 4
228	12 1 11 7
229	6 9 3 8
230	6 9 11 2
231	6 10 12 8
232	9 1 7 12
233	2 9 5 12
234	8 2 3 1
235	1 6 2 12
236	7 3 11 8
237	8 3 9 4
238	12 9 3 6
239	7 11 12 1
240	12 11 3 9
241	3 10 12 6
242	8 4 10 3
243	4 9 8 5
244	2 7 4 6
245	6 11 1 8
246	10 2 6 9
247	5 11 10 7
248	2 11 3 6
249	7 12 5 6
250	1 10 11 2
251	8 4 2 12
252	4 3 12 9
253	7 11 5 4
254	2 7 10 1
255	2 1 9 7
256	8 4 9 12
257	5 1 3 11
258	8 9 4 3
259	8 4 5 11
260	10 3 11 8
261	2 10 6 9
262	1 10 7 8
263	9 1 6 3
264	2 6 11 9
265	12 9 6 2
266	4 10 5 8
267	12 10 5 9
268	7 6 8 11
269	9 1 10 2
270	9 11 12 10
271	12 6 8 9
272	12 2 8 6
273	1 2 8 3
274	6 12 2 7
275	9 10 6 3
276	7 1 5 3
277	4 1 10 12
278	12 7 2 6
279	6 4 3 8
280	5 10 3 12
281	1 8 11 6
282	5 6 9 1
283	8 3 5 4
284	7 11 1 6
285	1 6 2 7
286	6 12 5 2
287	1 2 11 9
288	4 9 12 10
289	5 11 6 1
290	12 7 10 4
291	10 12 5 8
292	10 5 11 9
293	6 9 12 1
294	6 3 4 10
295	12 10 4 3
296	12 7 2 4
297	3 5 2 12
298	12 10 1 8
299	4 1 6 7
300	11 5 2 9
301	8 12 2 3
302	6 3 9 5
303	2 1 10 4
304	4 12 8 1
305	6 10 1 4
306	2 8 7 4
307	2 1 5 7
308	5 7 1 9
309	6 1 12 2
310	6 11 4 7
311	9 3 11 10
312	3 1 7 12
313	11 3 10 4
314	4 1 11 6
315	6 5 10 12
316	5 6 2 7
317	1 8 3 4
318	4 6 9 2
319	1 2 7 5
320	2 1 11 12
321	8 5 11 10
322	8 10 1 6
323	10 8 5 12
324	11 12 7 6
325	4 12 2 8
326	11 6 1 5
327	10 4 7 6
328	10 1 2 9
329	4 9 11 10
330	10 2 11 3
331	12 2 10 11
332	3 10 8 12
333	2 9 1 10
334	3 12 10 11
335	10 3 4 12
336	7 6 10 9
337	9 2 3 11
338	11 7 3 12
339	2 7 10 1
340	1 9 11 6
341	12 9 3 4
342	3 12 5 7
343	8 1 3 9
344	1 6 7 12
345	11 6 12 3
346	10 11 3 2
347	2 9 1 11
348	3 5 2 4
349	11 10 8 7
350	3 5 10 4
351	7 3 12 2
352	10 6 4 12
353	8 12 9 3
354	8 12 11 2
355	10 12 9 8
356	6 2 4 5
357	11 12 1 9
358	5 11 9 1
359	12 3 9 10
360	5 2 9 8
361	10 5 2 1
362	7 10 12 8
363	12 6 4 5
364	1 2 10 3
365	9 5 8 11
366	10 11 9 3
367	4 11 5 8
368	11 10 5 8
369	9 12 5 1
370	4 8 10 12
371	10 12 1 9
372	7 4 5 1
373	11 2 1 9
374	6 8 12 5
375	12 7 10 9
376	11 4 8 9
377	10 5 9 11
378	6 12 10 5
379	6 9 5 7
380	9 10 12 6
381	8 4 2 12
382	9 4 2 3
383	6 8 5 3
384	10 6 11 3
385	3 4 12 11
386	4 2 1 12
387	1 12 2 9
388	5 9 8 12
389	5 11 3 6
390	4 11 3 9
391	4 8 10 11
392	6 2 7 9
393	3 12 10 8
394	3 12 9 5
395	11 2 7 10
396	6 7 2 4
397	7 11 8 12
398	4 10 11 12
399	6 11 8 5
400	4 3 9 1
401	10 9 1 7
402	12 3 8 11
403	11 8 7 3
404	10 11 8 2
405	8 11 4 7
406	5 3 10 4
407	4 11 7 3
408	6 8 11 7
409	9 12 7 8
410	5 11 10 2
411	1 10 4 6
412	9 1 11 10
413	12 10 6 9
414	2 3 12 6
415	10 1 3 5
416	9 1 3 10
417	5 1 3 8
418	1 10 2 7
419	6 12 7 1
420	6 8 7 9
421	2 3 9 1
422	2 12 9 11
423	3 8 2 10
424	11 6 10 3
425	3 8 11 12
426	11 1 12 3
427	10 2 11 6
428	5 3 4 7
429	6 3 4 12
430	8 1 6 7
431	6 12 5 7
432	10 8 5 2
433	4 9 11 12
434	9 11 1 5
435	5 2 3 4
436	4 6 8 12
437	12 7 6 3
438	12 6 8 11
439	11 3 10 9
440	8 11 7 4
441	9 3 11 7
442	9 10 7 3
443	12 4 5 6
444	11 1 7 4
445	6 10 9 12
446	2 11 1 12
447	10 8 11 9
448	1 7 10 11
449	5 6 1 9
450	6 9 12 5
451	1 2 10 5
452	4 6 3 9
453	4 3 1 2
454	3 1 10 6
455	10 8 7 3
456	1 10 7 11
457	5 11 12 8
458	4 11 9 1
459	11 8 9 7
460	9 4 3 12
461	3 7 5 1
462	7 12 1 2
463	8 2 6 7
464	12 11 5 3
465	2 6 4 9
466	5 10 1 11
467	4 12 11 8
468	12 11 10 9
469	6 2 8 1
470	6 3 8 2
471	5 4 10 12
472	12 6 10 3
473	8 7 4 12
474	11 2 10 8
475	10 8 7 3
476	10 9 12 1
477	11 8 3 9
478	12 10 1 2
479	7 3 4 11
480	9 10 12 7
481	1 11 3 5
482	5 7 8 1
483	10 1 11 3
484	4 1 12 7
485	9 10 2 11
486	11 8 9 5
487	9 4 7 12
488	9 4 5 2
489	8 11 6 12
490	4 5 9 6
491	7 6 1 8
492	10 3 8 12
493	10 5 4 9
494	11 6 8 5
495	4 11 3 5
496	11 6 8 10
497	10 2 9 11
498	1 2 7 9
499	4 11 3 6
500	3 4 11 9
501	9 7 2 11
502	4 11 10 2
503	6 12 2 11
504	9 1 5 4
505	12 2 4 1
506	10 7 1 5
507	8 3 6 7
508	11 7 9 1
509	11 12 9 7
510	10 11 6 12
511	7 9 10 11
512	4 1 10 11
513	8 1 9 10
514	9 8 10 7
515	8 2 9 11
516	11 1 7 2
517	2 4 1 9
518	10 6 7 1
519	5 2 9 12
520	9 6 1 7
521	12 10 8 11
522	4 9 6 11
523	2 10 5 8
524	11 2 8 4
525	2 9 11 6
526	11 3 1 10
527	9 1 2 8
528	4 11 5 2
529	10 5 9 8
530	3 8 9 12
531	5 7 11 6
532	3 12 8 4
533	10 11 2 1
534	5 6 3 12
535	2 1 11 5
536	10 8 1 9
537	6 2 8 4
538	1 7 9 11
539	12 10 5 11
540	6 4 7 11
541	5 6 8 10
542	5 1 9 3
543	7 4 2 3
544	12 1 4 10
545	3 7 2 11
546	3 6 2 9
547	3 10 9 2
548	1 9 10 4
549	8 2 10 11
550	5 4 3 9
551	4 2 10 7
552	9 6 12 11
553	8 2 10 11
554	12 2 4 8
555	10 6 1 8
556	2 12 4 10
557	2 11 12 1
558	8 10 3 5
559	7 4 11 6
560	9 3 11 7
561	5 8 1 2
562	8 2 4 10
563	8 11 4 6
564	3 2 8 7
565	3 8 9 4
566	5 6 1 4
567	4 5 9 3
568	12 3 1 9
569	6 12 7 3
570	1 9 12 2
571	10 5 3 11
572	12 4 10 2
573	2 7 4 12
574	9 3 11 7
575	9 8 1 3
576	12 10 9 5
577	11 4 10 8
578	2 12 7 9
579	8 2 7 5
580	4 7 5 9
581	5 6 1 7
582	2 4 6 5
583	11 2 7 6
584	2 3 5 9
585	6 4 5 9
586	12 4 3 5
587	4 9 12 7
588	4 9 11 10
589	10 6 9 1
590	2 9 12 8
591	4 3 2 11
592	1 4 3 9
593	6 11 7 1
594	4 9 11 2
595	4 7 10 1
596	5 9 12 6
597	2 11 1 7
598	11 3 8 6
599	4 11 3 8
600	8 2 12 6
601	7 1 8 12
602	4 12 1 5
603	10 1 8 9
604	12 8 4 1
605	2 1 11 7
606	2 3 8 12
607	9 2 4 5
608	7 2 4 3
609	8 6 11 9
610	3 12 6 10
611	3 9 11 6
612	6 11 5 8
613	10 3 6 4
614	9 5 3 12
615	12 8 7 5
616	8 1 4 9
617	4 11 3 2
618	10 9 6 2
619	7 8 11 4
620	10 9 2 4
621	7 12 10 2
622	1 11 7 3
623	12 4 9 5
624	4 9 12 6
625	9 11 7 10
626	8 1 10 11
627	10 12 7 3
628	6 4 8 7
629	3 1 8 7
630	11 6 5 1
631	3 6 5 1
632	3 12 6 2
633	7 8 10 12
634	10 11 3 8
635	12 3 7 6
636	4 10 1 3
637	5 11 9 6
638	10 12 5 1
639	11 1 3 10
640	12 10 8 4
641	12 2 11 9
642	1 2 5 10
643	11 2 8 6
644	1 12 2 10
645	10 5 6 3
646	12 2 4 1
647	3 10 2 8
648	5 7 11 12
649	5 10 6 11
650	11 2 8 7
651	5 11 10 4
652	12 9 10 6
653	12 11 3 10
654	2 8 1 11
655	10 1 9 8
656	10 11 6 12
657	6 3 12 9
658	3 6 2 11
659	3 6 8 7
660	12 8 4 2
661	5 1 2 10
662	7 1 9 11
663	5 8 7 12
664	7 5 2 12
665	11 5 10 7
666	9 1 12 2
667	10 9 2 11
668	1 3 11 2
669	12 8 9 7
670	1 10 3 12
671	1 6 3 2
672	5 2 4 11
673	5 12 7 2
674	8 12 11 3
675	11 10 3 1
676	3 6 9 4
677	10 1 6 5
678	9 3 11 7
679	7 4 5 6
680	11 8 12 2
681	12 8 5 4
682	3 10 8 9
683	8 3 6 5
684	3 2 9 5
685	1 3 8 7
686	4 2 3 12
687	5 10 3 4
688	5 8 7 9
689	3 5 7 10
690	11 3 10 9
691	10 11 12 3
692	6 10 11 9
693	6 9 8 7
694	4 1 9 5
695	11 9 2 12
696	6 7 10 9
697	4 9 5 11
698	1 11 2 12
699	2 1 4 12
700	7 9 4 1
701	12 2 3 10
702	9 1 7 4
703	5 11 1 12
704	6 11 5 1
705	10 3 8 2
706	6 5 3 7
707	2 7 10 5
708	10 4 6 11
709	8 7 9 5
710	7 3 10 5
711	3 2 5 6
712	12 5 11 1
713	7 6 8 3
714	11 10 1 7
715	11 7 9 3
716	6 5 2 8
717	2 8 3 12
718	2 4 1 12
719	7 2 3 5
720	7 4 1 8
721	2 4 12 11
722	12 3 11 1
723	11 7 2 9
724	11 7 12 9
725	6 11 2 7
726	2 1 9 4
727	12 6 9 1
728	10 11 2 1
729	12 5 7 6
730	2 6 7 3
731	3 2 8 11
732	11 1 7 9
733	11 12 4 9
734	11 2 9 1
735	11 1 12 6
736	2 10 11 9
737	7 4 12 1
738	10 12 2 3
739	12 11 7 3
740	9 12 8 3
741	2 12 9 6
742	4 12 11 6
743	1 5 7 12
744	7 4 2 10
745	3 9 11 6
746	11 5 4 7
747	5 7 11 3
748	8 12 5 10
749	2 3 5 9
750	5 3 8 9
751	9 6 3 10
752	3 1 5 4
753	3 1 9 4
754	11 2 6 10
755	7 5 6 12
756	11 9 2 3
757	9 12 1 4
758	2 12 9 8
759	11 5 7 12
760	8 5 11 12
761	1 4 3 2
762	7 3 6 1
763	2 1 5 10
764	1 5 7 11
765	5 2 1 10
766	8 5 1 11
767	1 5 12 10
768	6 3 2 12
769	11 8 7 10
770	10 5 9 3
771	2 9 6 8
772	12 3 1 4
773	5 8 1 10
774	5 2 11 12
775	6 7 11 9
776	10 11 6 12
777	7 1 3 11
778	5 4 1 9
779	12 2 4 11
780	11 6 7 5
781	8 11 12 2
782	11 1 10 4
783	5 9 8 7
784	7 9 3 12
785	2 4 12 11
786	5 7 6 2
787	11 10 6 2
788	9 8 1 7
789	11 7 10 8
790	4 2 7 8
791	11 6 8 12
792	12 9 10 1
793	10 1 2 3
794	12 3 10 1
795	3 6 8 10
796	8 11 6 10
797	8 10 9 7
798	7 1 8 12
799	12 10 11 2
800	6 12 9 8
801	2 5 1 9
802	6 2 8 9
803	2 6 4 8
804	2 10 6 3
805	1 11 5 3
806	12 8 2 9
807	7 8 11 4
808	12 9 11 6
809	11 9 8 12
810	4 5 3 11
811	3 9 4 5
812	10 5 12 2
813	5 10 11 12
814	4 8 3 11
815	5 1 4 9
816	11 6 8 5
817	3 10 12 1
818	2 4 6 3
819	1 9 11 8
820	6 2 10 9
821	12 2 4 5
822	5 1 12 6
823	2 7 9 10
824	8 1 4 12
825	12 6 11 7
826	2 5 12 1
827	3 6 1 10
828	10 1 2 12
829	9 3 10 6
830	8 4 2 11
831	2 4 9 10
832	8 2 5 6
833	2 11 3 8
834	12 6 3 4
835	12 10 2 3
836	4 8 3 7
837	4 5 1 8
838	3 12 10 9
839	11 5 12 6
840	2 10 4 8
841	6 8 2 3
842	4 9 5 1
843	6 12 1 9
844	11 3 7 1
845	7 8 9 12
846	2 9 7 10
847	7 2 8 11
848	12 3 9 10
849	9 12 2 11
850	12 6 7 8
851	12 4 2 5
852	6 5 12 4
853	6 7 4 11
854	1 3 12 7
855	2 9 11 5
856	7 2 3 12
857	1 9 3 4
858	6 3 2 5
859	5 9 4 7
860	5 12 2 4
861	7 2 11 10
862	6 8 2 7
863	9 11 10 6
864	9 10 2 3
865	1 3 5 2
866	6 10 9 5
867	7 9 5 12
868	11 9 3 4
869	2 10 8 7
870	4 12 7 11
871	2 1 9 4
872	7 9 11 6
873	9 4 5 3
874	7 8 1 11
875	1 3 11 9
876	7 10 6 12
877	2 3 11 7
878	5 6 4 2
879	9 4 10 5
880	8 2 4 7
881	2 11 5 1
882	12 3 4 6
883	3 1 8 11
884	10 7 3 4
885	9 10 12 2
886	2 7 10 12
887	6 7 11 2
888	8 9 12 3
889	4 8 2 10
890	4 6 3 11
891	7 4 12 9
892	8 2 10 4
893	11 8 12 9
894	6 9 5 2
895	12 6 4 1
896	9 4 8 7
897	1 6 3 5
898	4 2 11 12
899	7 1 4 2
900	2 12 5 9
901	4 6 7 5
902	8 11 12 3
903	6 10 5 8
904	7 12 9 10
905	12 9 3 1
906	1 2 5 7
907	6 2 7 8
908	12 4 6 1
909	11 4 5 1
910	3 12 6 4
911	11 8 6 5
912	12 11 7 5
913	4 12 2 5
914	3 11 9 8
915	3 4 5 8
916	2 12 1 3
917	1 12 11 8
918	2 11 5 9
919	12 3 7 9
920	10 4 3 1
921	8 9 7 4
922	2 5 12 9
923	6 2 5 10
924	7 2 4 10
925	4 9 11 1
926	9 10 4 2
927	6 7 11 10
928	5 1 6 7
929	12 7 1 10
930	9 12 4 2
931	5 4 7 1
932	9 10 5 11
933	8 1 2 6
934	11 7 12 1
935	4 2 7 3
936	8 12 1 9
937	12 2 6 4
938	3 5 12 10
939	1 12 9 2
940	1 12 10 11
941	8 3 9 4
942	2 8 5 10
943	11 8 4 5
944	12 7 11 5
945	1 9 8 4
946	3 2 10 12
947	3 5 11 12
948	12 10 2 6
949	1 5 4 10
950	10 11 7 4
951	7 2 5 6
952	12 1 4 11
953	6 1 8 10
954	3 10 6 11
955	10 11 5 2
956	7 9 8 12
957	3 10 9 8
958	9 5 7 12
959	8 11 12 9
960	4 7 2 9
961	4 9 1 2
962	6 7 8 10
963	9 3 6 4
964	3 11 1 7
965	8 3 6 10
966	8 11 4 9
967	1 12 4 11
968	2 4 11 6
969	10 5 9 2
970	6 7 2 4
971	9 10 7 6
972	6 4 1 7
973	11 6 12 10
974	4 9 6 1
975	5 11 7 1
976	6 12 4 3
977	6 4 11 9
978	5 3 1 10
979	10 1 6 11
980	6 12 1 8
981	5 9 7 3
982	11 2 6 7
983	8 2 9 1
984	8 11 6 7
985	11 6 3 7
986	10 7 5 8
987	5 7 6 3
988	5 6 9 3
989	1 4 10 3
990	12 2 4 9
991	6 9 2 1
992	5 12 4 2
993	11 8 10 1
994	5 7 4 12
995	4 3 1 8
996	1 4 8 6
997	9 12 3 4
998	8 9 5 7
999	1 4 11 7
1000	10 7 9 11
