Students	1000
1	6 7 1 3
2	11 12 4 2
3	4 7 9 2
4	12 9 5 3
5	10 7 3 2
6	4 11 3 6
7	11 7 9 6
8	11 2 4 9
9	8 9 6 5
10	1 3 2 4
11	11 2 7 9
12	1 8 9 10
13	8 5 10 4
14	10 4 2 1
15	8 2 4 12
16	3 12 5 8
17	12 6 4 1
18	9 7 8 12
19	5 11 1 9
20	3 7 2 12
21	2 9 3 10
22	2 7 11 12
23	6 9 11 1
24	4 2 8 7
25	7 5 12 6
26	3 2 4 7
27	2 7 5 3
28	7 4 5 8
29	7 2 3 5
30	12 9 1 8
31	8 6 5 3
32	8 10 6 7
33	5 11 7 6
34	4 10 12 5
35	7 12 3 8
36	4 5 1 3
37	7 10 11 2
38	1 4 11 10
39	5 4 3 9
40	10 11 5 7
41	5 2 9 6
42	10 4 2 9
43	9 12 5 7
44	5 11 7 9
45	5 4 1 3
46	6 7 8 1
47	4 6 8 10
48	6 5 10 11
49	8 6 9 2
50	1 12 11 8
51	7 3 2 4
52	6 2 4 11
53	10 12 2 6
54	5 12 6 8
55	6 3 4 10
56	7 5 11 12
57	9 8 5 11
58	3 4 5 9
59	9 5 3 10
60	1 11 2 5
61	9 7 11 2
62	6 9 5 11
63	3 9 11 1
64	8 10 1 6
65	4 6 12 10
66	2 5 8 10
67	2 9 1 12
68	10 7 5 1
69	7 3 2 8
70	9 10 7 11
71	12 6 7 3
72	7 5 8 3
73	11 4 1 3
74	5 1 7 9
75	5 12 11 2
76	2 6 9 1
77	10 11 2 6
78	3 1 8 10
79	4 10 12 6
80	10 6 4 11
81	7 9 4 12
82	8 1 10 2
83	12 4 2 1
84	6 9 10 12
85	2 5 12 8
86	6 3 8 4
87	9 8 10 5
88	3 9 12 7
89	6 8 11 5
90	12 2 11 10
91	6 8 3 1
92	3 4 8 9
93	6 3 1 10
94	9 2 4 10
95	10 1 7 5
96	7 12 8 2
97	3 10 11 9
98	3 2 8 10
99	10 3 7 6
100	3 10 2 1
101	1 11 2 8
102	12 7 5 8
103	6 7 1 8
104	10 2 12 8
105	2 5 4 3
106	6 5 2 7
107	7 12 8 5
108	1 7 8 6
109	1 12 3 5
110	7 11 10 12
111	7 5 1 4
112	6 4 12 5
113	7 11 9 6
114	8 7 10 9
115	8 6 4 10
116	1 9 2 11
117	10 11 7 2
118	3 12 5 11
119	10 2 4 11
120	9 11 6 12
121	11 10 3 7
122	1 8 10 9
123	7 5 8 11
124	5 8 3 10
125	5 8 1 2
126	9 4 10 3
127	9 1 3 5
128	8 12 5 7
129	9 1 3 12
130	2 4 1 5
131	8 9 6 7
132	6 8 12 5
133	8 6 2 5
134	9 11 12 3
135	5 4 9 7
136	6 11 10 1
137	8 12 1 11
138	11 12 7 2
139	9 1 10 12
140	9 2 6 7
141	5 10 4 9
142	3 2 6 1
143	6 10 11 1
144	12 10 2 3
145	12 8 1 6
146	6 12 10 2
147	11 9 1 2
148	1 9 4 5
149	11 3 1 5
150	1 9 7 10
151	12 10 6 3
152	10 9 2 6
153	4 5 7 10
154	11 7 9 2
155	2 5 12 4
156	11 7 10 1
157	5 9 11 10
158	9 10 6 12
159	6 5 10 8
160	9 12 4 11
161	7 9 11 6
162	1 9 11 3
163	5 8 6 11
164	1 4 12 8
165	4 7 3 11
166	10 7 8 5
167	1 11 4 7
168	9 3 12 11
169	7 6 9 1
170	3 9 11 1
171	9 10 1 8
172	9 7 10 4
173	5 7 3 9
174	7 9 5 3
175	10 5 7 6
176	6 4 5 1
177	3 7 5 9
178	5 1 9 12
179	12 10 6 5
180	12 6 4 9
181	11 5 6 12
182	8 5 4 11
183	7 2 4 10
184	1 8 6 9
185	11 7 4 10
186	7 11 1 3
187	9 5 12 8
188	8 6 5 12
189	3 4 6 2
190	8 10 1 6
191	6 9 2 3
192	9 4 3 7
193	11 12 1 9
194	4 8 12 1
195	2 7 4 6
196	8 5 10 12
197	1 3 2 12
198	11 4 10 2
199	3 12 9 8
200	11 6 4 7
201	11 4 3 5
202	9 8 4 6
203	1 4 11 8
204	2 7 6 12
205	6 4 10 3
206	10 4 5 3
207	12 1 2 11
208	1 2 4 11
209	8 4 1 5
210	5 2 1 11
211	12 6 11 10
212	2 9 7 12
213	7 9 2 10
214	6 5 10 9
215	6 4 5 9
216	6 3 8 12
217	3 5 10 11
218	7 9 4 5
219	9 5 7 11
220	7 12 9 11
221	2 8 9 10
222	2 1 12 4
223	5 2 9 6
224	4 12 2 9
225	9 6 8 7
226	5 11 8 12
227	5 6 11 2
228	5 8 11 10
229	7 1 8 4
230	3 6 8 2
231	4 11 5 9
232	3 6 10 7
233	8 5 2 4
234	7 11 4 12
235	3 2 12 10
236	2 10 11 7
237	7 2 8 3
238	12 4 9 2
239	12 5 11 8
240	8 10 2 5
241	4 9 11 6
242	4 10 5 11
243	3 10 12 5
244	11 4 8 7
245	3 5 4 9
246	4 10 7 5
247	11 6 4 1
248	10 2 6 12
249	3 8 1 9
250	8 9 3 1
251	4 9 3 8
252	10 11 2 4
253	2 10 6 7
254	12 3 9 2
255	6 1 9 2
256	2 4 10 11
257	2 12 5 11
258	10 1 2 6
259	11 3 8 7
260	6 4 7 10
261	7 8 4 11
262	10 9 12 2
263	5 11 12 7
264	9 4 11 1
265	5 10 11 8
266	7 6 9 8
267	8 10 2 4
268	9 4 3 1
269	3 10 1 5
270	8 6 10 9
271	10 11 7 9
272	2 4 7 8
273	9 5 12 10
274	1 8 2 9
275	4 5 7 6
276	10 7 5 3
277	2 10 7 4
278	5 8 7 3
279	11 12 7 6
280	4 6 9 5
281	6 2 7 12
282	4 10 2 11
283	11 7 2 8
284	6 4 3 12
285	11 7 6 4
286	8 7 6 9
287	3 11 6 5
288	8 1 6 3
289	3 11 1 7
290	9 8 10 1
291	7 4 6 2
292	2 8 7 11
293	4 8 7 5
294	8 1 10 12
295	8 7 10 2
296	9 11 3 5
297	7 3 6 4
298	11 1 10 8
299	3 9 2 7
300	10 3 2 4
301	3 4 2 7
302	2 11 3 5
303	9 5 11 8
304	1 9 2 12
305	10 2 7 6
306	1 11 10 9
307	6 5 10 3
308	11 9 3 6
309	11 1 9 10
310	7 4 10 11
311	8 1 2 3
312	9 4 2 7
313	7 1 10 2
314	12 9 5 10
315	1 12 7 11
316	10 7 12 5
317	9 12 5 10
318	6 11 10 8
319	10 5 4 2
320	4 8 5 10
321	12 3 9 6
322	12 8 6 4
323	12 9 10 1
324	7 5 2 3
325	4 12 10 6
326	1 10 11 3
327	11 2 3 9
328	11 5 7 4
329	4 7 5 8
330	3 7 8 6
331	8 1 6 4
332	1 3 5 2
333	7 2 11 3
334	8 7 2 3
335	1 6 9 2
336	6 4 1 7
337	4 10 3 8
338	7 4 6 8
339	3 11 2 7
340	8 9 10 6
341	8 1 5 4
342	5 3 4 10
343	7 4 12 1
344	5 12 7 1
345	2 9 11 12
346	9 12 11 10
347	4 12 10 7
348	11 7 3 10
349	8 5 3 6
350	6 3 4 1
351	7 11 5 2
352	7 12 3 5
353	11 9 2 4
354	11 2 9 12
355	7 5 8 11
356	10 7 6 3
357	12 6 10 5
358	10 9 7 8
359	11 6 5 10
360	2 4 8 7
361	6 8 9 10
362	4 12 8 10
363	1 4 11 7
364	2 11 1 7
365	4 7 10 1
366	7 8 4 5
367	2 9 1 3
368	9 4 1 7
369	12 3 2 5
370	5 12 1 3
371	2 3 8 11
372	8 7 9 3
373	11 9 3 4
374	4 7 1 2
375	1 3 4 5
376	8 7 11 6
377	4 10 9 12
378	6 7 1 11
379	2 11 12 7
380	1 9 2 6
381	9 1 7 11
382	8 12 5 9
383	5 12 9 6
384	10 12 8 3
385	6 4 11 12
386	4 5 1 3
387	10 2 8 9
388	4 9 8 3
389	6 3 12 2
390	4 6 12 11
391	1 10 7 12
392	2 3 12 4
393	11 4 7 2
394	2 10 4 6
395	1 10 8 9
396	10 1 4 11
397	9 1 3 4
398	2 11 9 4
399	2 8 4 11
400	4 9 1 2
401	8 11 4 1
402	3 6 7 10
403	9 8 1 3
404	7 6 4 5
405	9 12 3 7
406	11 8 1 9
407	9 7 8 1
408	10 11 3 4
409	5 11 6 10
410	12 7 10 11
411	11 7 5 1
412	9 11 6 5
413	5 3 7 10
414	12 6 8 7
415	3 12 6 9
416	5 7 8 2
417	11 5 12 2
418	4 5 1 6
419	2 10 9 4
420	1 2 11 6
421	7 3 8 12
422	1 9 4 3
423	5 4 3 9
424	11 9 1 2
425	10 3 5 11
426	3 7 1 5
427	10 5 9 12
428	12 1 5 3
429	2 5 8 7
430	3 11 9 4
431	7 12 2 10
432	2 7 1 3
433	1 11 10 6
434	3 5 12 11
435	11 4 9 6
436	12 8 5 3
437	8 11 7 12
438	7 4 10 12
439	11 10 3 2
440	6 12 11 1
441	5 6 1 9
442	3 2 6 9
443	3 9 11 6
444	9 8 1 10
445	11 1 4 3
446	6 7 5 11
447	5 3 7 1
448	6 7 4 9
449	4 6 8 7
450	7 8 11 3
451	6 5 2 3
452	4 9 5 11
453	12 10 11 9
454	8 6 9 11
455	12 10 7 3
456	8 10 4 11
457	5 11 6 10
458	1 8 10 4
459	12 10 3 7
460	4 8 10 7
461	4 3 10 1
462	1 5 2 10
463	9 11 6 1
464	6 11 5 1
465	2 1 12 8
466	1 11 10 12
467	7 4 8 9
468	2 6 4 9
469	4 1 11 9
470	2 12 6 8
471	5 8 7 9
472	7 4 3 9
473	6 4 5 7
474	1 5 10 11
475	1 11 5 10
476	1 5 9 10
477	4 7 1 12
478	4 5 6 2
479	4 12 2 8
480	8 10 9 6
481	11 3 6 7
482	5 1 7 2
483	12 10 3 7
484	10 12 9 4
485	6 4 2 5
486	4 10 1 12
487	9 1 7 2
488	8 9 11 4
489	9 10 3 12
490	4 7 2 6
491	10 8 3 12
492	3 6 9 7
493	8 4 1 11
494	7 5 1 4
495	3 9 2 11
496	3 8 1 11
497	4 6 11 5
498	2 3 10 1
499	4 3 6 5
500	11 2 4 5
501	2 6 8 5
502	7 1 4 10
503	10 7 5 2
504	9 7 6 2
505	8 1 12 2
506	3 1 9 6
507	3 9 8 2
508	11 7 5 6
509	1 12 4 9
510	11 3 9 1
511	4 8 11 10
512	12 1 3 8
513	10 8 3 4
514	7 12 8 5
515	6 2 8 1
516	5 6 3 7
517	1 5 10 11
518	6 3 9 8
519	11 12 3 9
520	2 11 12 5
521	7 10 9 6
522	11 7 12 8
523	6 10 5 2
524	11 4 6 3
525	6 9 5 7
526	7 10 8 1
527	5 3 1 7
528	2 12 7 5
529	4 12 8 11
530	5 9 12 1
531	4 3 2 1
532	4 8 9 12
533	7 4 2 5
534	4 12 11 1
535	2 3 11 12
536	4 3 12 1
537	10 2 6 12
538	5 11 4 2
539	9 6 8 1
540	7 2 8 12
541	11 9 5 6
542	7 1 8 9
543	4 10 6 11
544	11 7 9 2
545	12 2 10 4
546	10 5 6 2
547	3 8 6 2
548	4 10 11 5
549	12 4 2 9
550	7 10 2 3
551	1 12 9 11
552	10 1 2 11
553	6 8 7 4
554	4 11 10 7
555	3 8 9 6
556	3 12 5 7
557	4 9 8 3
558	4 3 5 12
559	4 2 3 8
560	9 10 2 5
561	11 10 3 9
562	3 6 12 2
563	6 7 9 4
564	5 11 7 10
565	6 10 5 8
566	7 12 5 3
567	9 4 2 6
568	2 4 3 5
569	2 10 5 6
570	6 3 10 5
571	2 6 12 3
572	8 9 4 7
573	2 5 10 7
574	11 10 4 1
575	4 8 3 5
576	6 12 9 5
577	7 1 3 4
578	11 10 3 9
579	7 11 9 3
580	1 9 7 11
581	9 2 4 5
582	9 11 7 4
583	3 6 8 5
584	6 3 11 4
585	9 2 7 10
586	9 8 2 7
587	11 5 4 7
588	8 11 10 4
589	5 6 3 2
590	11 7 5 6
591	1 11 6 4
592	11 4 12 2
593	4 7 10 1
594	10 5 7 12
595	4 1 6 2
596	8 5 11 6
597	12 7 5 4
598	11 7 3 9
599	7 10 2 6
600	8 6 3 10
601	9 8 11 5
602	10 5 4 8
603	10 3 2 7
604	4 9 6 7
605	7 5 4 1
606	12 5 11 9
607	4 6 3 11
608	1 4 10 7
609	8 7 3 4
610	7 9 8 3
611	7 6 10 8
612	1 10 11 4
613	6 1 5 7
614	12 11 4 5
615	7 1 4 6
616	1 11 7 6
617	4 10 11 1
618	8 4 7 5
619	11 6 4 3
620	12 9 5 6
621	12 2 6 11
622	6 12 9 3
623	8 2 12 4
624	6 9 3 8
625	3 9 11 4
626	2 10 8 4
627	4 8 5 11
628	3 2 4 7
629	2 9 12 11
630	4 2 7 1
631	5 4 8 2
632	10 9 2 5
633	8 12 7 11
634	4 6 5 7
635	6 9 10 2
636	7 4 2 8
637	10 3 9 2
638	6 1 3 7
639	2 7 12 10
640	11 4 3 5
641	3 11 1 10
642	5 11 1 7
643	7 11 12 8
644	4 2 11 6
645	11 8 6 5
646	12 1 10 6
647	10 5 7 2
648	9 1 11 7
649	12 2 11 4
650	1 8 4 5
651	12 5 8 2
652	5 4 3 8
653	1 6 4 12
654	12 11 9 1
655	3 10 5 8
656	1 5 7 9
657	2 7 9 1
658	11 9 12 3
659	10 9 2 3
660	1 12 4 3
661	12 7 10 1
662	11 8 9 5
663	7 12 10 4
664	2 11 10 7
665	12 5 9 2
666	12 1 11 9
667	1 3 7 9
668	1 8 11 5
669	11 9 10 2
670	11 8 5 9
671	6 12 2 10
672	6 7 4 1
673	9 7 5 8
674	12 2 8 9
675	2 3 9 5
676	1 5 8 12
677	8 6 9 2
678	7 6 8 12
679	2 3 10 6
680	2 9 5 12
681	9 11 2 6
682	9 3 10 6
683	8 6 3 12
684	3 11 8 6
685	4 6 1 10
686	9 8 12 4
687	2 5 6 1
688	1 12 7 6
689	12 4 9 6
690	5 7 4 10
691	9 1 8 12
692	3 5 4 12
693	2 11 12 7
694	3 9 6 11
695	11 7 10 5
696	8 6 2 11
697	7 6 11 12
698	7 8 10 6
699	8 10 6 3
700	10 7 6 1
701	6 1 7 3
702	1 6 7 12
703	10 4 2 8
704	8 7 4 10
705	12 11 10 5
706	1 8 12 4
707	1 3 12 9
708	6 8 4 10
709	10 9 11 12
710	6 5 2 1
711	5 3 6 1
712	1 5 3 6
713	12 7 8 5
714	11 7 6 10
715	2 1 12 4
716	11 7 9 12
717	11 3 10 4
718	12 1 5 9
719	1 12 2 4
720	8 1 2 9
721	4 9 11 10
722	11 4 12 7
723	8 10 5 7
724	5 4 11 6
725	5 3 9 11
726	5 6 1 3
727	5 2 1 7
728	12 9 3 11
729	6 3 12 10
730	12 6 8 1
731	6 5 9 8
732	3 9 12 11
733	5 7 9 6
734	8 9 5 6
735	3 2 10 12
736	2 5 9 10
737	8 7 2 5
738	4 8 6 5
739	2 7 11 9
740	3 10 2 1
741	5 4 12 6
742	12 4 11 8
743	4 1 6 3
744	2 11 7 5
745	2 6 11 9
746	7 9 6 8
747	2 9 3 5
748	12 4 2 5
749	3 5 7 12
750	12 11 6 3
751	7 2 8 1
752	8 7 11 1
753	2 4 10 12
754	2 5 10 3
755	8 11 4 7
756	12 3 2 6
757	10 2 11 12
758	1 6 9 11
759	11 1 2 3
760	2 6 10 1
761	1 11 12 6
762	1 5 3 11
763	3 6 10 7
764	9 1 10 12
765	2 5 11 3
766	5 11 3 9
767	6 12 5 1
768	5 9 10 4
769	1 3 12 10
770	4 12 7 6
771	12 1 11 8
772	12 2 6 1
773	7 10 2 1
774	6 9 4 7
775	4 8 5 7
776	6 8 3 1
777	2 3 12 11
778	2 5 8 10
779	5 9 11 8
780	3 6 5 7
781	8 12 6 9
782	12 1 4 9
783	4 5 7 10
784	8 2 3 4
785	10 5 12 8
786	8 10 7 1
787	1 4 11 2
788	1 9 10 7
789	11 9 7 5
790	10 3 11 4
791	12 11 6 1
792	4 5 2 3
793	1 5 6 4
794	9 12 1 6
795	4 1 10 7
796	12 10 1 7
797	10 7 6 1
798	3 8 1 10
799	1 10 7 2
800	12 10 2 11
801	7 2 12 9
802	3 4 1 8
803	8 10 9 5
804	5 6 10 12
805	2 12 4 7
806	3 7 2 6
807	6 3 10 8
808	1 12 6 8
809	7 6 5 10
810	5 2 10 6
811	8 6 9 7
812	5 9 11 1
813	2 11 8 3
814	2 7 8 10
815	2 11 5 1
816	8 4 3 9
817	11 4 2 8
818	10 8 1 4
819	11 12 10 7
820	9 2 6 12
821	11 12 1 7
822	5 11 6 4
823	6 12 3 9
824	10 1 4 2
825	7 12 2 5
826	4 6 10 7
827	1 2 8 4
828	11 4 12 9
829	9 10 4 1
830	7 3 8 2
831	6 3 5 11
832	8 1 5 4
833	10 8 9 11
834	9 4 1 10
835	2 8 12 7
836	4 9 1 11
837	1 10 5 12
838	4 9 3 12
839	7 12 9 5
840	2 5 3 4
841	1 9 10 4
842	8 1 12 6
843	3 9 7 4
844	1 11 7 2
845	6 11 8 3
846	1 8 10 11
847	3 4 8 1
848	3 11 4 6
849	2 6 11 3
850	12 1 2 6
851	8 2 7 4
852	7 3 8 4
853	7 4 5 12
854	6 11 2 5
855	10 1 11 7
856	11 5 7 10
857	12 7 9 1
858	7 4 1 5
859	2 10 7 9
860	12 8 3 2
861	4 3 11 1
862	4 2 12 11
863	3 2 10 12
864	12 6 4 10
865	2 10 7 5
866	5 12 6 1
867	8 3 11 7
868	10 8 5 9
869	8 3 1 11
870	4 6 9 12
871	9 1 12 3
872	3 6 2 1
873	12 5 1 9
874	11 4 8 3
875	4 12 8 11
876	10 6 4 5
877	5 3 4 8
878	9 7 12 11
879	5 10 3 8
880	9 4 3 5
881	8 9 6 2
882	12 2 11 9
883	9 12 2 1
884	11 7 2 3
885	4 11 9 6
886	6 1 2 4
887	5 4 11 8
888	1 5 10 6
889	1 10 5 11
890	8 11 3 7
891	6 4 9 10
892	1 10 12 4
893	7 3 5 8
894	1 10 6 12
895	7 6 3 5
896	1 6 5 9
897	3 8 12 10
898	10 5 4 9
899	11 10 1 6
900	9 11 6 10
901	4 2 5 8
902	4 5 10 9
903	2 10 7 6
904	5 7 1 3
905	7 6 12 11
906	5 3 12 10
907	2 8 9 12
908	4 6 9 11
909	10 9 11 4
910	6 5 11 10
911	8 10 6 3
912	3 4 7 2
913	11 8 6 5
914	10 4 3 5
915	8 2 11 10
916	3 6 11 2
917	12 2 3 10
918	2 9 12 1
919	9 11 1 12
920	4 1 11 3
921	10 3 11 6
922	2 7 3 8
923	3 8 11 7
924	5 4 10 2
925	9 7 6 5
926	1 3 10 11
927	1 5 4 12
928	5 12 4 11
929	5 1 9 8
930	1 2 3 8
931	10 12 6 8
932	1 2 3 7
933	8 6 1 3
934	3 10 7 9
935	3 5 11 8
936	4 12 11 3
937	12 2 10 11
938	10 7 6 5
939	8 4 5 3
940	3 2 5 12
941	4 2 7 6
942	2 11 12 6
943	3 4 2 5
944	5 12 4 3
945	7 6 5 2
946	7 11 8 3
947	4 3 11 10
948	2 12 7 3
949	7 1 4 6
950	8 12 3 1
951	9 11 2 4
952	8 10 6 4
953	6 8 4 9
954	4 12 9 3
955	5 1 8 11
956	11 4 12 1
957	6 8 4 10
958	7 5 6 12
959	2 7 9 8
960	5 1 9 4
961	4 9 5 11
962	8 5 11 2
963	1 9 3 2
964	12 4 8 1
965	8 5 1 3
966	1 3 9 2
967	12 9 5 11
968	6 4 5 1
969	1 3 5 11
970	2 3 7 9
971	10 11 8 1
972	5 4 2 7
973	9 2 7 5
974	1 4 5 11
975	1 4 6 2
976	6 11 1 8
977	9 6 12 2
978	11 7 12 10
979	11 2 3 8
980	4 12 10 2
981	7 8 6 10
982	4 10 9 8
983	3 8 11 6
984	3 10 4 11
985	8 5 4 11
986	5 11 7 4
987	8 1 11 12
988	10 5 6 4
989	2 5 3 11
990	7 5 12 8
991	1 9 4 11
992	10 4 1 3
993	12 6 9 11
994	9 6 11 1
995	6 2 7 8
996	11 10 8 5
997	11 12 1 3
998	2 9 12 7
999	12 3 2 8
1000	10 3 5 7
