Students	1000
1	8 7 11 1
2	2 3 8 9
3	7 4 2 10
4	7 12 11 2
5	10 9 11 1
6	6 7 11 1
7	1 10 12 11
8	3 12 8 1
9	7 10 11 8
10	10 8 6 9
11	8 10 6 7
12	5 12 3 9
13	9 10 5 12
14	7 11 1 10
15	2 9 3 12
16	10 11 7 6
17	8 9 12 5
18	9 11 5 3
19	12 9 8 7
20	1 12 9 6
21	8 11 6 3
22	1 9 5 10
23	11 10 3 4
24	3 11 7 8
25	12 11 8 9
26	11 10 8 3
27	5 2 12 8
28	4 12 5 7
29	9 12 3 5
30	6 3 7 11
31	3 4 10 11
32	2 12 6 11
33	5 10 12 8
34	4 8 7 6
35	1 4 6 9
36	4 8 12 3
37	4 1 9 3
38	12 7 9 11
39	3 11 6 4
40	4 2 7 5
41	9 11 6 5
42	2 7 12 11
43	3 10 1 8
44	1 7 4 6
45	5 6 10 2
46	11 7 12 5
47	10 4 3 6
48	12 7 6 8
49	10 2 11 1
50	11 4 7 10
51	8 7 4 2
52	10 4 1 5
53	2 4 8 5
54	7 9 3 12
55	9 7 10 6
56	5 10 7 8
57	2 3 1 10
58	4 7 9 1
59	10 9 5 11
60	11 5 7 9
61	11 12 6 5
62	9 11 4 2
63	8 10 12 6
64	3 9 4 1
65	5 11 10 1
66	11 6 5 1
67	10 5 7 1
68	8 12 1 5
69	9 5 2 10
70	8 3 6 4
71	11 10 1 2
72	1 2 11 6
73	8 1 12 7
74	9 11 4 7
75	10 5 4 3
76	1 7 4 3
77	7 1 5 11
78	4 9 5 6
79	7 4 11 10
80	12 7 11 9
81	12 8 9 2
82	2 3 9 8
83	6 8 3 5
84	10 8 3 11
85	6 11 4 2
86	7 8 4 11
87	12 5 9 3
88	1 6 4 5
89	1 6 4 5
90	1 4 5 8
91	5 8 10 7
92	5 6 8 10
93	4 3 9 7
94	6 10 1 7
95	4 1 7 11
96	3 2 4 5
97	7 6 2 12
98	11 1 6 10
99	11 7 9 1
100	11 5 3 7
101	2 8 6 5
102	12 1 10 9
103	2 6 8 1
104	2 9 11 8
105	1 10 6 5
106	11 6 1 12
107	7 8 6 2
108	7 5 9 1
109	3 12 6 2
110	8 6 5 9
111	8 9 11 10
112	2 5 4 9
113	8 5 10 11
114	11 2 1 8
115	8 12 10 2
116	12 1 3 4
117	6 3 8 11
118	10 2 11 3
119	9 2 1 12
120	8 7 5 1
121	4 8 11 6
122	1 2 4 3
123	5 4 11 1
124	2 1 3 11
125	6 10 3 9
126	10 1 8 9
127	3 10 2 6
128	3 8 2 1
129	3 12 1 8
130	4 2 3 9
131	9 1 3 12
132	8 11 7 5
133	4 9 11 10
134	6 11 12 5
135	7 4 10 12
136	12 7 9 6
137	12 2 4 5
138	4 10 5 8
139	6 7 2 11
140	10 4 2 7
141	3 4 7 9
142	5 10 1 6
143	3 2 4 7
144	5 4 11 1
145	4 12 8 1
146	3 7 5 9
147	12 4 7 10
148	7 1 12 6
149	10 8 4 6
150	1 10 3 6
151	11 4 9 12
152	3 10 11 7
153	8 5 3 2
154	2 5 10 11
155	12 4 7 11
156	7 6 2 5
157	1 6 9 4
158	8 3 5 1
159	7 5 12 6
160	4 12 10 3
161	4 10 3 12
162	2 3 6 1
163	6 1 10 11
164	5 12 7 10
165	6 1 2 7
166	10 11 3 7
167	4 11 10 3
168	6 4 12 1
169	11 12 6 3
170	6 12 7 3
171	11 10 1 7
172	12 10 8 7
173	2 1 6 8
174	8 6 7 10
175	12 10 7 9
176	4 6 12 5
177	10 7 9 1
178	8 3 11 5
179	9 4 1 2
180	10 7 6 9
181	4 6 3 8
182	10 3 11 12
183	11 8 10 2
184	12 2 4 7
185	4 12 6 1
186	7 4 11 6
187	10 1 3 4
188	12 11 5 9
189	5 10 1 2
190	2 3 8 10
191	9 5 12 7
192	12 9 8 3
193	3 4 12 5
194	3 4 11 5
195	5 11 9 12
196	11 7 9 8
197	12 9 3 6
198	10 1 8 12
199	9 5 12 7
200	5 1 4 11
201	8 12 2 9
202	7 4 8 5
203	10 5 6 2
204	6 2 4 11
205	5 11 3 1
206	5 1 8 4
207	12 11 6 8
208	9 4 10 11
209	8 10 1 9
210	2 10 3 1
211	11 8 4 1
212	10 2 12 8
213	10 8 9 12
214	12 2 7 1
215	10 4 3 6
216	3 1 7 6
217	2 10 1 9
218	10 11 9 7
219	11 12 8 9
220	4 6 5 9
221	4 8 3 10
222	6 4 7 5
223	11 4 6 7
224	1 4 9 11
225	8 1 3 6
226	9 2 7 8
227	4 9 12 5
228	5 6 11 10
229	9 11 8 1
230	12 4 10 8
231	11 12 1 4
232	4 9 5 10
233	9 7 1 12
234	7 6 4 10
235	12 2 4 6
236	1 11 5 6
237	1 3 12 2
238	4 11 8 1
239	7 3 12 5
240	9 10 11 8
241	7 6 12 1
242	3 4 2 5
243	9 12 3 2
244	1 10 11 9
245	11 10 2 1
246	12 8 1 11
247	4 11 3 9
248	3 7 4 11
249	10 7 9 8
250	12 11 10 9
251	1 7 9 2
252	4 8 6 11
253	1 10 3 6
254	5 4 2 3
255	4 3 12 7
256	1 3 8 6
257	4 7 1 10
258	10 3 1 4
259	10 1 9 3
260	5 2 10 8
261	5 7 2 6
262	8 4 7 11
263	2 3 4 7
264	6 8 3 5
265	1 12 9 7
266	7 2 5 3
267	1 7 9 11
268	2 4 3 12
269	11 10 1 4
270	1 10 8 9
271	10 7 12 5
272	11 2 9 3
273	6 2 12 9
274	10 2 11 9
275	6 3 12 9
276	11 10 5 9
277	5 6 10 8
278	3 2 12 7
279	10 1 11 9
280	9 5 7 12
281	1 2 5 10
282	4 8 2 1
283	3 4 1 5
284	5 2 3 7
285	4 9 6 5
286	10 2 1 9
287	1 3 4 2
288	11 2 8 12
289	3 1 4 9
290	2 7 10 8
291	5 10 2 6
292	7 9 6 5
293	12 1 7 3
294	1 3 9 7
295	6 9 2 3
296	9 10 3 6
297	3 5 11 1
298	1 3 12 9
299	7 1 8 12
300	2 9 11 12
301	11 5 4 10
302	3 5 1 8
303	1 12 11 7
304	12 10 2 3
305	9 2 12 7
306	1 11 5 9
307	7 10 1 11
308	6 5 4 10
309	4 9 3 2
310	2 7 6 12
311	10 6 2 4
312	10 1 12 7
313	4 11 6 3
314	10 6 12 2
315	7 12 2 6
316	3 1 11 8
317	12 6 5 9
318	8 5 4 3
319	8 6 4 3
320	10 7 3 5
321	2 5 9 4
322	4 12 6 10
323	3 10 6 2
324	6 5 12 3
325	11 10 6 4
326	7 11 5 4
327	7 1 4 2
328	4 7 2 12
329	4 8 11 5
330	12 11 5 10
331	5 9 11 7
332	9 7 5 11
333	7 6 8 4
334	9 4 3 1
335	1 11 10 8
336	1 6 8 3
337	4 6 9 8
338	12 3 4 11
339	1 3 10 11
340	2 5 1 11
341	7 6 11 5
342	4 6 12 3
343	12 7 1 4
344	1 9 7 3
345	7 8 9 5
346	9 5 4 8
347	12 10 4 6
348	4 10 1 3
349	9 11 10 4
350	1 6 2 11
351	12 2 8 5
352	11 10 8 9
353	5 3 8 6
354	3 9 1 8
355	12 1 2 10
356	10 12 4 7
357	5 1 2 8
358	2 4 1 7
359	1 8 11 4
360	7 3 6 4
361	8 12 9 3
362	3 10 8 6
363	10 5 12 9
364	6 5 10 8
365	3 1 6 4
366	12 10 8 1
367	1 9 6 2
368	12 4 1 3
369	9 7 5 8
370	8 11 6 7
371	11 4 1 12
372	7 3 2 11
373	11 7 4 8
374	3 10 7 12
375	2 8 3 10
376	7 9 1 10
377	7 11 8 3
378	1 9 11 2
379	9 1 6 11
380	4 12 6 10
381	7 10 3 9
382	10 3 9 1
383	8 10 4 7
384	7 10 9 8
385	7 1 4 12
386	11 3 2 10
387	10 3 1 6
388	5 2 8 9
389	2 4 3 9
390	11 2 8 12
391	8 2 9 12
392	1 5 9 2
393	10 8 2 9
394	2 6 7 1
395	3 2 9 7
396	10 2 9 5
397	4 2 12 8
398	4 7 2 12
399	11 8 3 7
400	6 8 2 10
401	7 3 12 4
402	3 10 8 6
403	5 12 3 8
404	12 2 11 6
405	12 2 5 6
406	4 12 2 10
407	3 9 11 6
408	3 6 4 8
409	6 4 7 11
410	6 3 11 9
411	2 1 12 4
412	6 12 11 1
413	9 7 3 5
414	9 1 5 11
415	1 12 3 4
416	7 4 3 9
417	1 12 5 7
418	12 4 1 5
419	5 7 11 2
420	7 11 5 4
421	2 6 1 3
422	11 4 5 6
423	8 2 4 6
424	3 10 9 1
425	9 12 3 7
426	7 1 3 9
427	8 3 2 7
428	1 3 11 12
429	4 2 7 6
430	11 8 7 12
431	6 7 10 4
432	1 4 9 5
433	10 2 1 7
434	5 3 4 9
435	4 6 1 3
436	5 11 8 2
437	2 3 12 7
438	3 10 9 8
439	9 1 3 6
440	4 7 6 1
441	12 1 4 8
442	5 9 7 1
443	10 7 11 8
444	6 12 3 8
445	10 4 6 1
446	12 5 11 1
447	3 7 1 8
448	4 9 5 1
449	1 4 5 7
450	7 10 5 6
451	11 2 9 12
452	6 2 3 12
453	3 10 12 1
454	3 1 8 7
455	3 7 5 10
456	6 10 12 3
457	10 9 12 6
458	9 1 10 12
459	10 12 2 6
460	2 10 6 12
461	3 2 12 10
462	5 11 4 12
463	10 4 5 1
464	3 2 12 4
465	5 9 3 4
466	10 4 5 6
467	10 11 12 2
468	12 6 11 7
469	5 10 6 1
470	8 1 3 7
471	7 6 3 10
472	9 6 5 3
473	5 3 10 4
474	3 10 2 9
475	12 4 6 10
476	10 1 6 4
477	8 1 2 4
478	3 1 5 7
479	10 11 6 9
480	6 3 8 2
481	8 10 7 2
482	5 6 8 2
483	5 6 10 1
484	9 2 7 1
485	1 12 2 5
486	8 12 1 5
487	10 6 11 1
488	5 1 2 3
489	1 10 4 12
490	8 5 4 2
491	2 11 5 12
492	1 4 6 5
493	7 2 4 6
494	8 7 9 1
495	10 12 6 3
496	2 7 5 10
497	8 3 12 10
498	10 11 5 12
499	3 5 8 2
500	12 10 7 9
501	7 3 6 1
502	10 11 2 9
503	10 7 6 1
504	3 6 2 8
505	6 7 10 3
506	7 2 11 9
507	7 11 1 4
508	10 8 1 11
509	1 5 3 12
510	5 1 9 3
511	9 7 12 11
512	7 1 10 3
513	6 12 10 4
514	8 11 5 1
515	5 7 6 8
516	1 11 12 10
517	10 7 1 6
518	9 7 5 3
519	3 4 12 9
520	8 3 12 1
521	10 8 7 1
522	5 1 11 8
523	5 1 3 8
524	6 10 1 9
525	9 6 10 7
526	12 7 8 6
527	3 12 7 11
528	9 7 2 1
529	12 10 11 8
530	2 5 12 3
531	5 10 2 7
532	2 11 1 6
533	4 12 8 10
534	1 9 7 11
535	4 2 1 10
536	8 9 2 5
537	2 4 7 9
538	1 12 3 5
539	2 1 7 9
540	8 2 5 7
541	2 1 6 3
542	9 1 8 10
543	2 1 3 11
544	4 10 9 1
545	11 9 2 1
546	7 6 1 10
547	6 2 12 7
548	6 5 1 7
549	8 6 4 9
550	9 3 11 4
551	2 4 10 6
552	5 9 10 7
553	11 5 9 10
554	7 3 9 8
555	12 9 3 5
556	4 5 10 1
557	3 9 5 8
558	10 4 11 6
559	2 12 9 3
560	2 1 5 10
561	8 5 12 9
562	1 12 5 3
563	4 2 3 8
564	8 5 1 7
565	8 12 3 2
566	7 2 8 3
567	6 11 8 5
568	8 7 11 2
569	3 5 7 1
570	3 4 2 10
571	9 2 12 10
572	3 5 9 11
573	9 5 6 12
574	3 11 4 9
575	9 11 2 8
576	1 4 9 7
577	12 2 5 9
578	1 5 7 6
579	7 12 8 9
580	12 7 2 8
581	5 4 12 11
582	9 7 2 5
583	12 10 7 5
584	2 8 4 12
585	10 4 7 1
586	11 8 5 9
587	3 6 12 7
588	6 4 3 5
589	6 11 5 12
590	1 8 2 12
591	10 6 8 1
592	11 8 3 7
593	3 6 5 11
594	3 7 5 2
595	10 6 2 5
596	1 7 6 8
597	2 1 5 7
598	12 11 10 7
599	10 11 1 2
600	1 11 5 7
601	8 2 10 9
602	9 8 10 7
603	11 2 6 10
604	10 5 12 11
605	5 7 3 11
606	2 11 4 12
607	12 9 5 7
608	3 5 2 9
609	10 6 9 4
610	3 2 8 1
611	2 11 8 12
612	12 10 5 2
613	3 6 10 7
614	4 8 2 1
615	1 11 4 7
616	1 9 6 3
617	4 12 5 1
618	2 4 6 7
619	9 4 8 6
620	7 3 12 8
621	4 6 9 10
622	4 6 12 9
623	6 2 4 3
624	5 2 12 4
625	1 3 5 6
626	2 5 6 10
627	11 10 1 9
628	10 9 11 2
629	6 4 10 8
630	2 9 1 11
631	3 2 6 10
632	9 6 12 8
633	9 7 10 8
634	2 7 1 12
635	1 12 4 8
636	12 3 11 1
637	6 8 10 5
638	8 6 2 4
639	6 9 11 2
640	7 6 1 3
641	6 9 1 5
642	11 10 3 5
643	9 4 6 12
644	8 3 9 12
645	1 11 4 3
646	3 1 12 9
647	12 10 2 6
648	3 12 8 7
649	12 8 11 7
650	3 6 10 4
651	5 3 10 11
652	4 2 5 9
653	5 4 8 1
654	8 1 4 11
655	7 1 11 12
656	11 1 12 6
657	11 12 9 8
658	12 7 5 11
659	12 10 7 9
660	6 11 7 12
661	7 2 6 9
662	1 5 4 11
663	6 5 10 11
664	7 6 4 1
665	12 9 4 11
666	3 6 11 7
667	3 1 8 12
668	3 1 6 10
669	10 6 9 8
670	6 5 7 3
671	4 8 10 12
672	3 8 9 10
673	11 2 5 8
674	10 11 12 9
675	6 5 4 3
676	9 5 4 6
677	9 8 12 6
678	6 7 5 3
679	11 4 6 1
680	11 1 3 10
681	2 5 7 10
682	12 4 6 10
683	7 10 6 11
684	8 12 7 3
685	3 7 12 1
686	10 11 8 7
687	11 9 3 2
688	6 9 7 3
689	8 3 6 10
690	2 5 6 3
691	8 10 3 7
692	12 6 4 10
693	3 8 5 12
694	12 8 5 7
695	9 11 6 1
696	8 9 11 2
697	8 1 3 12
698	1 10 11 12
699	6 11 9 4
700	2 8 6 12
701	2 6 5 3
702	6 9 7 10
703	7 3 11 6
704	1 3 9 2
705	7 11 1 2
706	5 12 11 6
707	6 12 3 11
708	7 10 12 6
709	6 9 8 5
710	3 5 12 4
711	8 2 12 1
712	10 2 6 5
713	9 2 5 3
714	2 5 4 1
715	5 11 4 8
716	9 4 3 5
717	1 12 11 2
718	6 11 12 10
719	3 10 4 1
720	1 9 5 4
721	6 1 7 4
722	10 1 7 11
723	8 6 3 12
724	3 4 11 10
725	7 5 12 4
726	3 11 5 10
727	9 4 7 11
728	8 7 11 12
729	6 1 5 11
730	5 12 6 11
731	8 6 12 4
732	7 1 5 3
733	10 7 8 9
734	5 12 1 10
735	3 2 11 7
736	6 7 5 3
737	5 10 4 6
738	2 10 7 11
739	12 5 1 6
740	2 7 10 5
741	5 8 12 1
742	4 10 8 7
743	3 2 8 7
744	7 3 12 2
745	3 4 9 10
746	11 2 3 12
747	12 11 5 1
748	2 1 10 4
749	3 10 7 1
750	6 12 10 2
751	3 6 1 4
752	9 10 3 11
753	1 6 5 8
754	1 5 9 2
755	10 1 2 7
756	9 11 12 10
757	4 12 6 5
758	3 5 2 12
759	9 7 8 12
760	12 2 1 3
761	7 3 11 10
762	11 7 10 5
763	1 9 3 7
764	10 3 1 12
765	6 12 5 2
766	5 4 1 2
767	3 7 1 5
768	8 7 10 5
769	7 1 12 10
770	9 12 1 6
771	2 8 3 10
772	6 8 7 9
773	4 5 12 10
774	5 11 6 10
775	10 12 4 9
776	1 10 6 12
777	7 10 9 5
778	2 11 9 4
779	5 7 10 1
780	4 7 1 5
781	2 9 6 1
782	5 1 2 9
783	11 7 2 8
784	9 12 7 11
785	10 6 3 4
786	2 3 10 6
787	12 7 11 5
788	10 7 11 1
789	10 12 7 8
790	12 8 9 7
791	1 5 12 8
792	10 7 6 5
793	1 3 11 12
794	3 4 6 9
795	10 3 6 8
796	1 9 10 4
797	7 2 10 3
798	12 6 1 3
799	2 6 12 5
800	9 1 10 5
801	8 7 9 2
802	6 5 11 10
803	11 7 4 12
804	6 3 1 8
805	4 2 1 7
806	1 12 3 10
807	6 7 2 1
808	7 5 4 2
809	10 8 7 6
810	2 4 8 7
811	4 10 3 7
812	1 3 6 8
813	4 11 3 10
814	11 3 8 12
815	6 2 5 8
816	8 1 6 5
817	2 3 4 7
818	2 7 3 11
819	7 4 6 9
820	4 8 9 7
821	7 8 1 5
822	11 1 12 5
823	12 5 10 11
824	12 8 10 6
825	7 10 8 3
826	2 7 3 11
827	4 2 12 1
828	8 10 12 1
829	2 8 12 3
830	8 2 11 9
831	11 2 4 12
832	11 8 12 10
833	2 4 10 3
834	10 6 9 5
835	11 1 8 12
836	9 1 8 10
837	10 8 6 3
838	3 9 6 11
839	10 5 12 7
840	11 8 5 4
841	5 8 3 10
842	4 12 1 3
843	5 9 4 1
844	3 12 7 5
845	8 3 6 10
846	9 8 12 3
847	6 3 11 4
848	8 10 2 7
849	4 8 6 12
850	9 5 12 6
851	8 1 3 7
852	10 12 1 2
853	7 6 8 11
854	1 2 9 5
855	9 3 10 8
856	2 10 12 3
857	1 2 12 10
858	10 6 3 12
859	12 8 3 2
860	11 8 4 2
861	10 3 8 9
862	1 9 7 4
863	12 5 8 4
864	1 6 7 3
865	3 2 12 1
866	6 10 1 3
867	3 7 5 12
868	3 10 5 1
869	7 9 5 11
870	4 2 8 12
871	2 9 11 4
872	1 3 7 4
873	8 2 5 1
874	7 8 9 4
875	10 6 4 8
876	12 11 9 3
877	1 10 7 6
878	4 7 5 12
879	11 9 6 4
880	12 3 6 8
881	7 5 11 10
882	3 6 5 10
883	4 12 9 11
884	11 4 2 9
885	4 7 6 9
886	7 8 10 9
887	7 10 3 4
888	2 8 11 3
889	6 9 3 1
890	1 8 11 4
891	6 3 7 2
892	6 1 2 3
893	12 2 4 11
894	7 10 12 3
895	12 2 7 11
896	2 7 8 4
897	10 12 9 3
898	1 10 4 8
899	9 4 6 5
900	2 6 4 10
901	11 6 5 4
902	5 8 3 2
903	12 10 4 2
904	7 6 2 1
905	4 12 3 6
906	9 2 12 10
907	2 4 3 7
908	9 2 1 5
909	1 3 2 9
910	6 1 11 5
911	7 2 12 10
912	2 7 12 9
913	5 3 6 2
914	10 11 7 3
915	4 8 2 11
916	1 2 7 6
917	4 9 2 5
918	1 6 2 5
919	9 6 11 2
920	9 6 1 4
921	8 6 5 4
922	4 2 3 12
923	8 1 3 5
924	4 1 11 5
925	4 2 12 7
926	9 11 7 12
927	4 5 10 6
928	11 2 9 7
929	4 7 2 10
930	6 3 7 2
931	11 3 10 5
932	2 7 5 9
933	7 2 9 11
934	5 3 7 6
935	7 8 2 1
936	5 9 10 6
937	12 6 10 1
938	7 4 1 6
939	7 2 6 4
940	5 1 3 2
941	11 2 1 5
942	6 11 2 8
943	1 8 6 2
944	12 7 3 6
945	3 10 12 8
946	11 6 10 3
947	10 12 1 3
948	6 12 11 1
949	9 11 4 1
950	10 4 5 3
951	8 5 9 1
952	9 1 12 5
953	6 7 3 4
954	5 1 12 7
955	9 5 7 6
956	4 8 9 12
957	4 6 1 2
958	9 3 12 10
959	7 11 4 12
960	6 10 3 2
961	9 4 7 12
962	10 6 12 1
963	12 8 6 5
964	6 7 10 3
965	11 5 2 3
966	6 8 1 4
967	6 2 12 9
968	7 6 4 1
969	5 2 9 12
970	5 4 10 11
971	7 9 2 1
972	1 9 2 11
973	5 4 10 2
974	1 6 11 4
975	11 8 9 12
976	5 7 3 1
977	2 12 1 7
978	7 1 10 3
979	11 5 2 6
980	12 3 10 6
981	9 12 3 11
982	8 3 12 4
983	11 1 9 12
984	8 4 11 7
985	10 9 7 6
986	8 5 1 9
987	4 11 7 9
988	10 7 5 2
989	9 3 11 7
990	11 2 1 6
991	11 9 6 10
992	11 7 8 12
993	1 12 8 10
994	7 11 4 6
995	2 12 6 9
996	8 7 10 11
997	1 8 10 7
998	6 5 11 10
999	8 6 9 4
1000	9 10 12 8
