Students	1000
1	6 4 12 3
2	2 6 7 9
3	6 5 11 10
4	11 10 3 8
5	7 11 8 4
6	1 12 2 11
7	10 8 9 1
8	7 1 9 2
9	9 12 5 1
10	6 4 10 11
11	2 8 4 1
12	9 5 6 7
13	1 10 7 5
14	3 8 6 1
15	8 2 10 3
16	7 5 12 6
17	6 8 1 4
18	12 11 1 9
19	1 7 8 9
20	6 11 7 8
21	4 12 11 1
22	8 12 3 11
23	2 10 4 6
24	7 1 2 10
25	5 4 10 2
26	2 6 4 12
27	8 2 1 4
28	10 11 1 2
29	2 1 6 9
30	4 3 6 2
31	1 7 4 11
32	4 11 8 1
33	6 2 12 11
34	5 12 3 4
35	4 11 7 6
36	11 7 8 12
37	1 6 2 10
38	6 5 2 7
39	1 12 9 7
40	12 3 1 7
41	5 12 2 11
42	1 7 10 4
43	1 11 2 5
44	2 7 10 11
45	1 8 7 6
46	10 1 8 6
47	1 9 11 6
48	4 6 2 11
49	9 10 2 11
50	10 11 5 2
51	6 8 4 2
52	6 2 11 12
53	9 2 12 8
54	3 11 2 8
55	5 2 1 9
56	7 5 10 4
57	6 10 8 2
58	4 3 10 11
59	1 7 10 6
60	10 8 6 4
61	12 5 3 2
62	5 1 6 12
63	1 10 9 4
64	12 1 10 3
65	7 3 2 8
66	9 2 5 8
67	9 1 2 12
68	4 2 7 6
69	5 7 10 11
70	11 5 12 2
71	5 6 4 3
72	6 11 12 10
73	8 7 12 2
74	4 3 2 6
75	7 6 4 11
76	8 3 5 2
77	6 3 10 1
78	6 3 9 8
79	8 11 5 10
80	12 7 4 6
81	10 12 11 7
82	7 1 5 10
83	9 8 3 1
84	1 9 5 8
85	3 5 1 8
86	8 4 12 7
87	1 6 12 8
88	12 3 7 10
89	3 1 11 2
90	10 3 11 1
91	5 11 6 7
92	10 12 5 7
93	5 9 7 8
94	2 1 6 11
95	7 4 12 6
96	7 1 3 4
97	10 6 12 11
98	8 4 11 2
99	7 10 1 2
100	9 3 11 7
101	4 2 3 6
102	12 11 2 8
103	9 12 5 2
104	1 2 3 8
105	8 3 7 4
106	11 10 9 8
107	3 9 4 5
108	2 12 10 1
109	11 2 10 8
110	3 9 10 5
111	12 8 5 2
112	11 4 7 5
113	8 4 11 12
114	2 12 9 4
115	4 10 1 6
116	5 10 2 11
117	3 4 2 10
118	6 10 8 5
119	3 4 11 8
120	10 1 11 9
121	12 11 5 6
122	9 11 12 10
123	9 7 8 10
124	1 6 9 5
125	10 8 7 11
126	12 8 11 1
127	10 5 6 9
128	9 5 3 10
129	2 11 12 3
130	2 5 12 11
131	4 12 9 1
132	6 1 10 9
133	3 6 11 1
134	5 8 4 7
135	7 3 2 10
136	3 9 11 5
137	12 4 11 10
138	7 9 5 3
139	11 8 7 2
140	11 5 1 7
141	7 3 6 9
142	2 6 10 4
143	2 3 8 9
144	2 10 6 1
145	9 2 12 6
146	6 12 3 2
147	3 6 9 1
148	6 7 8 10
149	8 5 3 1
150	5 6 7 11
151	11 5 6 8
152	12 3 8 10
153	10 2 5 1
154	9 6 11 10
155	4 5 12 8
156	9 12 1 7
157	7 1 5 2
158	3 4 9 1
159	1 12 7 4
160	4 5 6 10
161	12 5 7 8
162	9 1 4 11
163	7 5 3 11
164	7 9 5 10
165	5 1 2 9
166	8 1 6 11
167	1 4 2 10
168	7 4 12 11
169	4 9 6 3
170	5 11 10 12
171	11 7 9 3
172	6 12 4 7
173	6 11 8 9
174	9 4 5 1
175	4 1 7 3
176	3 9 7 5
177	6 11 10 8
178	1 8 2 7
179	5 6 1 7
180	11 10 12 8
181	11 6 8 4
182	5 9 11 10
183	11 8 6 2
184	12 7 5 8
185	11 5 10 12
186	10 11 9 5
187	4 11 6 9
188	4 11 1 10
189	5 9 12 4
190	2 5 3 9
191	9 3 5 2
192	6 10 3 9
193	9 10 8 5
194	4 10 11 2
195	5 6 2 12
196	6 10 7 9
197	11 8 7 4
198	3 1 7 5
199	10 2 4 6
200	7 9 11 1
201	8 1 12 3
202	12 8 2 9
203	10 5 1 12
204	12 11 2 6
205	8 7 6 12
206	9 1 12 2
207	11 8 2 10
208	1 3 10 8
209	12 7 4 8
210	1 5 4 10
211	9 6 5 10
212	6 10 7 11
213	7 11 2 10
214	10 7 1 6
215	12 7 11 1
216	7 5 8 9
217	4 3 8 2
218	7 8 11 3
219	12 6 1 10
220	8 3 7 1
221	11 3 5 4
222	1 9 7 5
223	12 2 1 3
224	10 5 3 7
225	5 6 9 10
226	12 11 6 3
227	4 6 2 5
228	10 12 9 11
229	1 11 6 4
230	7 2 12 5
231	10 4 5 8
232	11 3 1 2
233	10 1 9 12
234	3 10 2 5
235	9 1 3 10
236	12 5 3 7
237	3 11 12 9
238	12 3 9 5
239	2 8 5 3
240	9 8 11 6
241	1 3 9 5
242	12 1 3 11
243	11 1 8 7
244	12 2 7 3
245	11 4 7 6
246	7 11 3 6
247	8 1 7 11
248	10 5 1 3
249	12 7 3 6
250	6 8 9 11
251	5 8 6 9
252	8 11 10 6
253	6 11 5 8
254	12 6 4 8
255	7 12 10 4
256	5 1 8 11
257	5 6 8 3
258	4 5 9 2
259	2 6 12 3
260	8 5 6 11
261	3 8 5 6
262	8 5 9 10
263	7 4 9 12
264	1 3 8 11
265	6 1 11 5
266	5 4 7 1
267	6 7 2 10
268	8 6 10 3
269	5 8 2 10
270	11 10 7 5
271	10 2 3 12
272	2 1 4 9
273	4 2 8 1
274	5 12 7 8
275	10 6 12 11
276	5 1 9 7
277	8 5 12 3
278	1 3 8 11
279	4 9 7 6
280	12 2 5 4
281	1 9 11 5
282	1 3 8 4
283	5 12 3 11
284	9 11 8 5
285	12 1 3 7
286	7 3 10 11
287	12 11 5 6
288	3 1 8 5
289	5 12 2 1
290	12 7 1 3
291	2 11 1 9
292	7 4 1 9
293	12 7 6 1
294	11 9 10 5
295	8 3 2 9
296	3 7 6 8
297	4 11 6 12
298	12 5 2 7
299	7 5 9 2
300	4 2 5 12
301	6 2 4 8
302	3 8 12 1
303	4 7 8 6
304	6 12 8 4
305	3 5 9 1
306	11 7 4 10
307	1 11 10 7
308	12 2 11 1
309	5 1 11 8
310	8 7 12 9
311	7 9 3 4
312	1 7 3 12
313	5 2 8 3
314	11 4 1 3
315	1 10 12 6
316	12 9 10 1
317	4 12 3 10
318	6 8 3 9
319	11 9 5 1
320	11 6 4 2
321	11 5 1 2
322	4 8 12 7
323	9 7 11 3
324	12 4 8 11
325	6 2 8 1
326	11 2 12 10
327	6 10 7 12
328	10 2 5 3
329	8 2 11 3
330	10 8 4 2
331	5 12 7 6
332	5 12 8 1
333	1 8 4 3
334	10 11 9 3
335	3 11 10 7
336	5 10 2 4
337	7 3 10 12
338	3 11 1 4
339	12 2 3 1
340	8 6 5 7
341	11 7 5 8
342	9 11 1 6
343	7 9 10 11
344	9 8 2 7
345	4 11 1 9
346	4 5 2 1
347	11 3 8 6
348	7 4 12 8
349	4 8 7 11
350	1 11 12 2
351	9 5 6 11
352	10 4 11 8
353	12 7 3 5
354	3 5 12 9
355	10 5 9 3
356	6 1 3 2
357	2 3 11 9
358	5 8 1 7
359	3 8 11 12
360	1 11 6 10
361	10 9 3 12
362	6 3 12 8
363	4 1 5 7
364	8 1 7 4
365	6 5 11 12
366	3 6 1 9
367	2 1 6 10
368	2 12 1 11
369	7 3 8 6
370	11 3 7 1
371	8 6 7 3
372	2 4 11 9
373	9 5 1 11
374	4 2 8 6
375	12 2 10 7
376	8 10 3 9
377	2 10 6 5
378	8 11 12 7
379	2 10 12 9
380	7 8 9 1
381	10 4 12 1
382	9 3 7 1
383	11 8 3 4
384	11 4 7 10
385	4 6 8 1
386	6 9 1 5
387	3 8 5 10
388	11 5 12 6
389	6 2 5 7
390	3 10 9 7
391	3 10 6 1
392	7 8 9 3
393	5 7 11 6
394	7 2 12 9
395	6 8 5 12
396	6 10 3 8
397	8 4 2 7
398	8 11 7 9
399	10 3 11 8
400	6 9 5 4
401	6 5 2 1
402	12 1 6 3
403	7 2 10 1
404	1 6 3 2
405	4 1 12 10
406	1 12 8 10
407	5 9 7 3
408	5 7 8 12
409	6 2 11 10
410	11 4 12 1
411	5 11 2 1
412	9 12 4 1
413	4 10 5 1
414	12 3 8 11
415	2 12 7 9
416	4 7 8 5
417	5 4 3 11
418	2 6 9 5
419	5 12 6 9
420	4 2 10 6
421	3 2 12 8
422	6 1 10 8
423	1 9 10 5
424	3 7 12 9
425	5 4 2 3
426	7 8 10 1
427	12 11 10 7
428	3 6 7 4
429	4 5 1 7
430	1 4 8 7
431	12 8 9 11
432	9 4 10 2
433	4 3 7 1
434	2 12 6 9
435	3 2 12 6
436	10 1 5 12
437	1 9 8 7
438	11 9 6 3
439	9 2 5 8
440	8 9 5 1
441	3 1 10 2
442	8 7 5 12
443	11 2 12 9
444	6 9 11 3
445	3 11 12 2
446	1 6 12 5
447	1 3 5 11
448	10 11 4 5
449	2 7 3 6
450	9 2 6 12
451	12 8 7 6
452	7 2 3 10
453	2 1 5 11
454	5 8 4 10
455	11 3 12 5
456	9 2 8 10
457	12 1 10 6
458	7 6 12 5
459	12 8 4 7
460	5 12 8 3
461	11 6 4 12
462	2 5 8 12
463	2 4 3 8
464	8 12 7 5
465	3 12 1 8
466	5 6 8 11
467	9 10 4 1
468	6 3 9 2
469	8 3 12 1
470	1 6 8 9
471	5 7 11 1
472	1 11 10 9
473	12 3 2 11
474	1 4 12 3
475	10 1 5 2
476	12 10 2 1
477	6 4 9 5
478	7 4 8 12
479	5 10 3 2
480	10 1 9 3
481	1 10 2 4
482	8 1 9 11
483	4 9 7 12
484	10 9 6 4
485	6 7 9 11
486	2 9 10 4
487	12 4 2 10
488	4 5 7 2
489	11 9 4 10
490	3 2 10 9
491	10 3 5 7
492	1 2 12 7
493	9 2 3 6
494	1 3 5 8
495	8 7 2 11
496	9 4 3 10
497	6 1 4 10
498	1 6 11 8
499	5 6 8 9
500	7 2 6 5
501	8 2 7 3
502	7 6 1 8
503	9 1 12 10
504	2 8 12 11
505	10 3 11 4
506	3 4 6 9
507	11 3 6 4
508	3 10 4 6
509	9 2 1 11
510	8 4 12 9
511	6 5 1 3
512	2 6 1 10
513	5 10 2 11
514	4 10 5 8
515	3 10 6 2
516	10 3 9 11
517	10 9 12 8
518	2 12 4 9
519	10 11 4 12
520	6 5 7 4
521	10 7 1 11
522	10 6 2 1
523	8 1 6 5
524	4 12 6 1
525	8 11 7 3
526	4 1 10 2
527	2 3 4 1
528	8 4 10 1
529	10 12 7 3
530	5 2 12 9
531	3 11 1 4
532	12 3 6 2
533	9 8 5 12
534	4 8 2 3
535	9 5 12 11
536	4 9 2 8
537	4 6 10 2
538	2 6 9 11
539	7 6 8 9
540	4 12 3 7
541	7 8 9 6
542	12 4 10 8
543	4 3 7 11
544	7 5 1 9
545	6 4 8 11
546	6 3 2 11
547	12 2 4 11
548	3 6 10 11
549	9 12 11 4
550	4 2 11 6
551	11 4 1 3
552	2 1 5 6
553	4 5 1 6
554	6 5 2 3
555	7 1 5 2
556	1 2 5 11
557	4 2 5 8
558	4 10 3 8
559	4 11 1 6
560	4 10 12 3
561	3 8 1 2
562	11 9 12 10
563	7 10 12 5
564	10 1 6 8
565	10 4 1 2
566	10 7 3 11
567	3 8 4 7
568	10 3 11 9
569	9 10 3 5
570	12 1 10 3
571	1 9 2 3
572	5 10 7 1
573	9 4 5 6
574	5 11 12 3
575	9 10 5 4
576	12 10 2 4
577	5 3 10 1
578	6 8 9 4
579	7 6 1 5
580	8 11 1 4
581	5 6 7 8
582	2 6 10 5
583	6 1 2 8
584	8 7 10 11
585	11 8 3 9
586	8 4 7 9
587	9 11 12 7
588	10 12 6 8
589	5 1 2 8
590	5 7 6 8
591	8 6 9 3
592	8 3 1 4
593	1 8 5 9
594	8 7 9 1
595	3 8 9 7
596	3 6 5 12
597	11 8 2 4
598	11 4 6 1
599	9 6 4 10
600	5 10 4 1
601	1 3 8 9
602	9 3 7 11
603	3 6 2 7
604	5 10 1 8
605	9 8 1 10
606	5 11 7 2
607	11 8 6 5
608	5 8 3 11
609	12 2 11 7
610	10 4 7 11
611	11 10 6 2
612	12 9 7 8
613	7 12 10 5
614	12 5 10 6
615	12 10 4 5
616	2 3 11 10
617	12 4 11 9
618	9 6 7 2
619	6 10 12 5
620	4 7 10 2
621	3 4 1 10
622	5 6 12 4
623	8 5 6 9
624	12 3 6 10
625	7 2 8 1
626	6 4 1 10
627	11 9 2 7
628	7 3 11 1
629	3 9 7 5
630	7 6 12 8
631	9 1 6 10
632	10 4 3 6
633	5 8 10 7
634	7 1 4 8
635	2 10 7 11
636	8 7 12 9
637	11 9 5 10
638	12 5 4 9
639	2 4 1 10
640	4 11 10 2
641	12 4 7 6
642	4 12 8 11
643	8 1 10 5
644	8 6 11 7
645	1 4 7 12
646	6 1 5 8
647	8 5 2 12
648	9 2 1 5
649	3 1 5 8
650	9 10 4 6
651	7 8 11 9
652	9 10 1 8
653	5 10 11 7
654	3 1 4 11
655	6 4 2 3
656	3 8 9 11
657	3 8 10 5
658	1 4 10 3
659	10 5 2 9
660	5 2 11 4
661	1 5 12 10
662	3 6 4 12
663	9 5 4 12
664	5 2 4 12
665	1 5 10 3
666	10 11 1 4
667	11 9 1 12
668	5 7 1 9
669	3 5 4 7
670	12 9 10 3
671	12 9 11 4
672	12 2 8 5
673	4 2 3 1
674	3 5 11 7
675	5 6 12 2
676	3 8 5 9
677	7 12 8 2
678	12 3 2 4
679	2 5 3 4
680	8 6 3 10
681	10 12 9 1
682	6 5 3 4
683	1 11 2 12
684	1 2 3 5
685	7 11 10 8
686	2 8 9 10
687	10 3 4 8
688	1 6 3 8
689	12 4 7 2
690	12 10 5 4
691	6 11 2 9
692	1 4 7 8
693	5 9 10 2
694	2 11 3 9
695	2 5 12 6
696	2 8 10 6
697	9 12 7 6
698	11 1 9 4
699	8 10 6 12
700	2 9 12 10
701	10 9 7 6
702	7 8 2 1
703	10 1 5 3
704	3 1 11 5
705	5 3 11 6
706	4 1 8 5
707	1 3 7 12
708	1 4 10 12
709	2 4 1 11
710	4 6 7 12
711	11 12 10 5
712	1 9 2 3
713	7 8 11 1
714	1 9 4 2
715	11 1 10 3
716	1 2 3 8
717	4 7 6 2
718	10 12 9 7
719	4 12 6 10
720	7 1 8 11
721	1 10 3 4
722	2 10 6 7
723	4 7 10 2
724	1 12 3 8
725	2 10 6 4
726	12 11 10 4
727	11 4 10 1
728	1 12 2 8
729	3 6 5 11
730	2 1 6 11
731	11 4 8 12
732	5 1 3 10
733	6 11 7 10
734	7 8 9 6
735	6 5 12 7
736	12 5 10 7
737	6 1 7 11
738	1 2 12 9
739	12 2 7 11
740	5 10 1 9
741	4 8 1 12
742	8 5 6 9
743	9 6 8 11
744	11 10 5 12
745	3 7 9 6
746	6 4 3 12
747	11 10 4 1
748	7 4 8 2
749	1 6 8 3
750	5 12 8 9
751	9 8 5 1
752	11 4 3 8
753	2 5 3 10
754	12 5 4 11
755	7 3 4 9
756	7 9 4 12
757	10 8 2 7
758	1 10 8 3
759	4 10 5 11
760	6 10 12 11
761	11 1 12 5
762	7 11 8 9
763	11 2 4 10
764	11 4 6 5
765	8 1 7 6
766	12 7 11 10
767	11 1 7 12
768	2 5 9 4
769	8 11 7 4
770	4 1 9 2
771	4 9 10 5
772	9 12 7 4
773	8 1 5 2
774	2 10 6 11
775	10 2 6 9
776	9 1 2 4
777	6 10 2 11
778	7 12 9 1
779	7 12 4 11
780	1 6 7 12
781	7 11 6 10
782	8 6 9 3
783	12 10 2 6
784	9 8 4 2
785	12 3 11 1
786	9 7 4 6
787	1 4 3 10
788	10 9 7 6
789	11 1 6 10
790	6 2 9 10
791	1 2 4 9
792	7 11 12 1
793	7 4 9 10
794	10 6 9 7
795	9 7 4 3
796	5 8 12 10
797	6 5 10 8
798	6 3 2 5
799	3 11 5 1
800	12 6 7 1
801	3 8 9 7
802	12 7 3 9
803	1 5 7 3
804	6 9 3 10
805	5 1 9 6
806	6 11 5 10
807	12 4 2 8
808	7 3 12 5
809	5 12 1 2
810	9 2 12 3
811	3 6 5 11
812	7 3 1 8
813	1 10 11 12
814	7 3 10 9
815	8 7 10 9
816	10 9 8 5
817	8 9 2 11
818	7 4 12 2
819	12 6 5 7
820	2 6 11 10
821	5 2 12 9
822	11 2 7 4
823	12 2 4 7
824	6 8 7 12
825	11 12 8 6
826	5 1 12 11
827	2 7 6 9
828	6 1 3 5
829	7 3 6 2
830	3 5 12 6
831	5 10 6 1
832	10 7 6 4
833	3 12 9 11
834	2 1 9 4
835	1 2 8 11
836	6 10 3 1
837	8 3 11 1
838	3 5 6 1
839	4 12 6 1
840	12 5 8 7
841	12 3 11 1
842	11 10 6 3
843	5 1 2 10
844	1 9 11 8
845	9 7 4 12
846	7 10 9 4
847	10 6 12 4
848	10 6 8 2
849	9 5 2 3
850	1 3 12 10
851	9 2 4 7
852	6 8 1 2
853	10 12 1 7
854	9 4 1 10
855	8 5 6 10
856	6 8 7 5
857	7 9 12 6
858	1 6 10 9
859	11 3 6 4
860	4 8 6 5
861	10 12 9 4
862	5 8 7 10
863	4 8 2 10
864	1 8 12 6
865	6 8 9 10
866	4 2 12 9
867	3 8 9 4
868	2 4 8 11
869	2 6 5 11
870	3 12 1 2
871	12 7 6 2
872	10 1 2 3
873	4 6 5 3
874	1 5 9 2
875	7 5 9 4
876	10 1 4 7
877	11 10 9 1
878	12 2 1 5
879	2 10 7 9
880	10 8 3 11
881	2 3 5 12
882	2 5 10 3
883	5 4 12 2
884	6 2 1 4
885	4 10 12 11
886	9 7 6 8
887	5 6 11 2
888	5 6 12 10
889	7 3 1 6
890	9 7 8 4
891	11 2 6 9
892	2 6 9 10
893	2 5 9 7
894	10 5 12 6
895	3 9 4 11
896	8 7 1 9
897	6 1 11 12
898	4 1 3 10
899	10 6 3 4
900	5 7 9 8
901	11 10 7 1
902	3 6 11 10
903	2 4 11 3
904	1 4 9 2
905	9 10 11 2
906	1 12 11 7
907	11 4 6 2
908	6 2 4 7
909	5 6 10 2
910	3 11 9 10
911	10 2 6 8
912	1 4 8 9
913	9 10 6 11
914	6 12 9 5
915	4 10 1 5
916	2 8 10 4
917	7 10 6 4
918	3 11 2 1
919	12 1 7 11
920	12 8 4 5
921	8 12 2 11
922	3 4 6 9
923	5 9 11 1
924	6 3 10 1
925	5 4 2 3
926	6 4 8 9
927	6 10 11 9
928	6 10 11 1
929	2 10 9 3
930	2 3 10 9
931	4 6 9 5
932	5 12 1 10
933	3 10 4 7
934	2 9 6 11
935	11 10 3 7
936	9 10 5 7
937	1 4 12 3
938	2 1 10 8
939	10 9 11 1
940	11 9 3 1
941	12 6 9 1
942	4 6 2 5
943	12 10 8 3
944	2 8 11 4
945	5 6 4 1
946	10 1 6 5
947	3 10 1 2
948	4 2 8 1
949	10 2 7 12
950	5 7 9 6
951	10 8 7 1
952	6 12 3 10
953	11 9 7 5
954	9 6 3 11
955	2 5 6 12
956	10 11 12 2
957	5 2 8 1
958	1 5 12 9
959	12 2 7 4
960	10 3 7 5
961	10 4 6 5
962	1 9 11 2
963	7 10 5 9
964	12 8 5 1
965	7 5 3 1
966	10 7 12 11
967	12 6 11 9
968	10 6 2 5
969	8 2 6 7
970	9 5 4 7
971	5 8 12 4
972	3 9 12 5
973	8 3 9 5
974	8 10 11 2
975	1 3 7 5
976	7 8 9 3
977	4 9 8 10
978	12 2 9 1
979	1 12 7 9
980	7 4 5 3
981	6 5 9 12
982	5 3 4 11
983	11 10 5 7
984	11 8 12 2
985	7 2 9 4
986	10 3 2 1
987	12 11 1 2
988	7 2 6 9
989	2 9 4 3
990	2 7 12 3
991	2 8 6 10
992	2 5 9 4
993	7 4 3 6
994	12 11 10 2
995	12 7 3 6
996	5 8 1 11
997	7 10 12 6
998	7 11 9 4
999	11 1 3 8
1000	11 12 4 1
