Course	Room	Teacher	Time		Students
007888	PK232	0470839	44	4	0171491 3462246 
005271	PK230	1137952	44	4	0496921 3350298 3389574 3458451 3458469 3463126 3482588 
003406	DAL2	3320456	33	0750570 3334029 3416998 3430527 3441310 3463022 3464638 3469615 3476930 3477576 3478050 3479718 3483084 3483546 3483567 3483651 3484314 3484750 3484752 3484763 3485416 3485727 3485800 3486133 3486182 3486311 3486475 3487316 3487321 3487429 
011298	TH104	0058557	44	4	0825970 3396312 3414205 3419470 3429732 3431672 3442641 3460820 3463589 3466014 3482198 3484243 3486844 3487621 
008764	CARP21	0428728	52	60	1086489 3337463 3429810 3450546 3455227 3458136 3458957 3460737 3462416 3464638 3465050 3466962 3469615 3475745 3475941 3478964 3479054 3479350 3479718 3479885 3480069 3480810 3481557 3481967 3483003 3483467 3483546 3484243 3485228 3485288 3485537 3486311 3486777 3487276 3487640 
007397	DAL315	3474098	44	4	3093424 3342969 3352269 3396377 3405248 3411158 3411254 3420434 3429894 3433788 3433881 3438443 3439283 3439564 
008423	RCCON	0132890	33	3093424 3344151 3372100 3377851 3419002 3426638 3439588 3455294 3457979 3459647 3478309 3481557 
012107	TAYB	0031619	35	3093424 3337246 3411186 3420837 3434210 3439588 3456290 3461057 3462115 3462414 
013999	PK278	3461401	44	4	3094516 3340797 3398070 3411018 
005217	RCCON	0493856	44	4	3103190 3219927 3340287 3404534 3415217 3437365 3439511 3440024 3460073 3463919 3477580 3482989 
005310	CARP25	1020104	33	3103190 3251781 3252368 3330264 3342762 3342814 3344218 3350298 3350812 3355412 3362442 3367107 3395624 3397992 3402266 3411005 3412381 3413574 3417314 3437701 3462936 
007028	PEMSTD	0316015	35	3103190 3236337 3453472 3454476 3456645 3459972 3461937 3468504 3480166 3480734 3481798 3483467 3486858 3487093 
006872	TH251	0031347	44	4	3198918 3411108 3425755 3430978 3432344 
004048	PK259	0031578	33	3212483 3331186 3337246 3339029 3343167 3397442 3406042 3406073 3417359 3431672 3436683 3483929 
006043	CARP15	0409737	34	58	3212483 3331071 3364991 3404179 3413193 3436260 3437778 3439437 3439670 3441004 3463587 
006060	DAL6	0431634	44	4	3212483 3281059 3331071 3334029 3369591 3412100 3415827 3416354 
007043	TAYD	3481299	58	8	3217041 3227014 3248623 3331179 3343167 3374470 3396208 3414298 3417000 3419002 3426244 3432027 3447306 3453218 3453467 3454115 3460369 3462872 3479945 3484334 3485931 
005247	BYC239	3555101	14	3219927 3249725 3393147 3414811 3416424 3417001 3421604 3459109 3462936 
009304	DAL25	0493856	35	3219927 3366307 3415801 3416286 3416424 3421770 3426556 3426658 3429524 3429706 3429810 3432759 3435734 3437365 3438471 3439511 3440024 3460766 3462554 
013642	DAL2	3195964	39	3219927 3343387 3352040 3358228 3379786 3397066 3404364 3405604 3409210 3413441 3417097 3417338 3422964 3426638 3432798 3437962 3437978 3438342 3455294 3458469 3459584 3459645 3462262 3463919 3474207 3478747 3480423 3481562 3484334 3485970 3486050 
004888	CARP13	0031373	44	4	3221756 3319863 3340316 3344264 3352904 3364124 3401311 3402556 3404243 3404642 3405744 3406042 3413022 3415627 3417097 3418058 
012286	RCSEM	1165592	44	4	3223454 3250498 3372272 3424318 3433275 
004306	DVR	3447501	33	3223467 3369591 
012304	RCCON	0031572	14	3226945 3343167 3396312 3404204 3411254 3416998 3417003 3417088 3438455 3438550 3440958 3486609 
012726	TAYSEM	0416447	2	3226945 3350298 3366138 3433501 3451664 3481518 
013920	PK337	0897399	44	4	3226945 3416750 3458441 3458934 3459032 3481520 3576571 
001195	DAL25	0031471	39	3227014 3338762 3358960 3380465 3398117 3413283 3414811 3415615 3417000 3417073 3418907 3420837 3432223 3455058 3455291 3457917 3457979 3461498 3461933 
002874	TAYB	0031582	44	4	3227014 3416375 3420884 3426858 3438287 3454439 3455148 3468281 3485361 3576509 
001455	PK264	0020093	44	4	3227669 3442188 
013638	TH104	1168489	60	52	3227669 3241275 3314570 3340838 3381424 3396036 3406406 3417273 3418117 3421604 3430196 3438465 3455220 3458932 3462414 3483567 
001165	TH104	3557246	41	48	3231046 3337246 3340287 3340324 3404828 3430383 3453445 3456677 3459645 3460488 3461498 3462417 3463993 3475198 3483965 3485912 
006504	BYC127	3554648	39	3231046 3375120 3377851 3411108 3412874 3417336 3418094 3421153 3430697 3433945 3439636 3443731 3459508 3462116 3463745 3480810 3481419 3482198 3485053 3486133 3486623 3486844 3576306 3576342 3576425 3576569 
006518	EHI	0031399	34	49	3231046 3352904 3415125 3417338 3418094 3425239 3427633 3430697 3430953 3431060 3433501 3435628 3439409 3454115 3461517 3463126 3463524 
006588	DAL6	0031478	35	3231046 3340533 3352904 3372100 3384120 3406295 3417359 3418094 
006049	EHI	0031454	14	3236337 3341634 3359188 3404179 3413193 3413598 3413923 3414201 3414467 3416354 3430383 3430978 3432259 3433829 3436260 3439437 3439670 
013919	CARP13	0897399	33	3236337 3337037 3397598 3429732 3443207 3450546 3451557 3455043 3459109 3460766 3475327 3475445 3478713 3480150 3484202 3484845 
001768	TAYSEM	3474420	35	3241275 3342984 3352040 3374569 3381424 3414467 3437701 3437781 3438443 3439364 3457979 3459584 3475445 3481354 
008770	PK229	3554385	39	3241275 3402721 3429199 3433881 3440606 3451553 3451663 3452529 3454115 3455093 3456290 3456820 3457777 3458049 3460369 3462554 3462849 3467427 3467983 3478691 3480067 3480710 3481354 3481518 3483925 3484990 3487621 
002395	CARP15	1051497	44	4	3248623 3375629 3405427 3412549 3412835 3417075 3420380 3436683 3438878 3455227 3458452 3463883 3576500 
001166	PK126	0135660	2	3249454 3331686 3337246 3337334 3340287 3358345 3380697 3397066 3405144 3405153 3416536 3419470 3430944 3431294 3432040 3438472 3443283 3448687 3455058 3461933 3462416 3462849 
001187	PK127	0031388	41	48	3249454 3255465 3413283 3417073 3418606 3429532 3431740 3435187 3457231 
001249	PK126	0031471	35	3249454 3340838 3341874 3351574 3351809 3354445 3358345 3364639 3380465 3393147 3396313 3396422 3396892 3397066 3405153 3412523 3413255 3414811 3415217 3417073 3417355 3440606 
001170	TH104	3556528	58	8	3249725 3319386 3414068 3415217 3416073 3418117 3422414 3431535 3439588 3439912 3458533 3462240 3464100 3484361 3487261 
001763	PK229	3573269	44	34	3249725 3412881 3426718 3431740 3437827 3438999 3463327 3471745 3479838 3480937 3483996 3576565 
013921	PK230	3483424	35	3249725 3250227 3352269 3375120 3433760 3436119 3439558 
001474	TAYB	0853792	14	3250074 3250084 3250395 3251757 3255465 3344941 3358339 3366745 3397586 3417553 
010933	TH251	0031632	35	3250084 3358339 3374194 3425095 3425356 
001840	TAYF	0168763	39	3250227 3319602 3329409 3339567 3404976 3411159 3414843 3415849 3435384 3435771 3438113 3438442 3443421 3455915 3460820 3460867 3462297 3462514 3463602 3463776 3471745 3479976 3484216 3576404 
001857	DAL300	0123161	44	4	3250227 3360165 3397265 3436119 
011299	TH104	0058557	33	3250227 3319386 3340316 3412523 3421770 3429810 3431445 3432595 3435161 3435384 3435922 3463776 3475941 3480935 3481813 
007370	TAYG	0826964	35	3250244 3250803 3337781 3339814 3343615 3362442 3395299 3398117 3416997 3417003 3418106 3418120 3418907 3426020 3426638 3430142 3430196 3437756 
011987	PK10	0004955	35	3250395 3425239 3455148 3481075 3483965 
013201	TH251	0020093	33	3250395 3374194 3462955 
003439	TH224	1165592	14	3250498 3352040 3369702 3374040 3413283 3414205 3416374 3417284 3418264 3423839 3425114 3432759 3440687 3442335 3450069 3455519 3458049 3459584 3477004 3483567 
003489	DAL1	3318436	2	3250498 3358378 3427633 3447306 3449263 3451551 3457393 3459584 3467452 
005743	RCSEM	3392421	2	3250803 3402721 3413774 3420037 3432595 
013640	EHIII	0893542	44	4	3250803 3390220 3411136 3418117 3435628 3438442 3438550 3441166 
005291	TH223	3555100	44	4	3251757 3350812 3413574 3426556 3428844 3429524 3438471 3441838 
006852	TAYF	0031347	2	3251757 3354500 3364124 3366307 3389674 3431155 3431226 3431939 3432782 3434781 3436227 3439912 3455297 3457808 3458641 3459508 3462554 3462936 3463453 3483965 3576328 3576329 3576352 3576360 3576405 3576425 3576569 
013774	EHI	0058557	35	3251757 3359188 3374470 3404204 3406196 3413923 3417097 3418145 3435397 3435771 3438472 3446645 3456313 3457393 3457935 3477580 3486050 
003278	PK278	0675005	44	4	3251781 3329449 
002876	EHII	1084458	35	3252368 3416375 3436710 3438287 3443522 3446353 3455341 3461020 3463560 3464666 3466014 3468281 3476418 3480937 3484898 3486740 3576374 
005180	DAL25	3461286	41	48	3252368 3415801 3430953 3431303 3433881 3437756 3443522 3447322 3455808 3461517 3462955 3464306 3465591 3479054 3484216 3485727 3486321 3486740 
002868	TH104	0004955	2	3254408 3384120 3404642 3412523 3413574 3415827 3420884 3425347 3438287 3464855 3464954 3467781 3480382 3483327 3576498 
005853	DAL6	3470325	14	3254408 3420884 3426858 3436206 3455148 3458533 3461020 3463453 
013645	DAL6	0493725	41	48	3254408 3334029 3381424 3438442 3454182 3456994 3458932 3475745 
004815	CARP25	3092667	60	52	3254734 3339814 3412381 3412866 3413255 3436206 3436514 3437589 3454494 3457327 3457777 3459508 3464848 3467932 3480150 3480382 3484334 3485970 
005161	SW3	0031582	33	3254734 3457932 
013839	RCCON	3447549	34	49	3254734 3422964 3433788 3459730 3464954 3475745 3478297 3478747 3479976 3482263 3487321 
009386	PK127	0031388	34	49	3255465 3344151 3416375 3418606 3421770 3455291 3459980 3466011 3485028 
013922	ROSTUD	3557246	44	4	3255465 3374194 3404828 3425095 
002390	PK10	0316015	44	4	3274299 3416232 3454100 3463879 3469119 3479355 
007113	PK259	0316015	2	3274299 3340683 3372100 3405604 3405829 3414124 3415175 3415489 3419570 3437089 3438550 3440024 
002562	PK229	0564741	52	8	3281059 3337390 3429199 3429706 3431060 3447478 3451553 3453663 3454210 3463708 3464263 3464855 3465244 3465591 3476899 3477004 3478102 3478691 3478713 3481354 3481520 3482445 3483557 3485327 3485416 3485636 3485803 3485812 3486632 3486858 3576364 3576512 
006045	DAL315	0431634	33	3281059 3411108 3412100 3412644 3413923 3425150 3425755 3429761 3433849 3441004 3441900 3455046 3456066 3459897 3460701 
011535	PK227	3213249	35	3281059 3430944 3434468 3455151 3462417 3487505 
002713	TAYSEM	1167978	44	4	3311775 3340558 3412874 3418216 3439364 
003270	PK336	0695890	35	3312777 3431226 3431257 3437574 3438999 3441310 3455220 3455519 3459111 3462228 3462872 3464985 3476930 3482989 3483560 3486311 3576305 3576323 
003541	TAYG	0599596	41	48	3312777 3316620 3331071 3375685 3404976 3406406 3416073 3416997 3417002 3418145 3418499 3421604 3426654 3429832 3432238 3432622 3438465 3443092 
009270	TAYG	3554810	34	49	3312777 3340716 3342814 3375685 3424363 3430131 3435397 3443092 3443207 3447306 3458441 3467932 3480166 3481562 3481643 3486623 
005263	CARP17	0029475	39	3314570 3316620 3330264 3339814 3342814 3369702 3397807 3397992 3415801 3416286 3425114 3425219 3426658 3429524 3429706 3437011 3438471 
011305	PK20	0077135	4	52	3315530 3353145 3358768 3363977 3412725 3416073 3416374 3417284 3429832 3436212 3449263 3460586 3479838 
002569	BYC127	3393847	33	3319602 3379786 3443453 3455562 3462512 
013775	RCCON	0058557	2	3319602 3364991 3395299 3396313 3411646 3433760 3436260 3440409 3443453 3462262 3484243 3486834 
005258	PEMSTD	3461286	39	3319863 3352660 3366307 3411005 3421770 3432759 3435734 3437756 3439511 3442237 3452561 3452988 3454100 3456053 
013287	TH224	3474664	34	49	3319863 3338175 3339315 3340316 3393147 3401311 3405393 3411158 3415175 3416286 3416374 3418145 3425114 3425219 3425356 3425401 3431750 3438842 3454100 
001182	PK259	0493725	44	4	3322886 3462851 
013641	RCSEM	0893542	35	3329409 3343387 3483155 
005198	PK227	0853792	44	4	3330264 3429810 3438455 3486632 3559218 
001550	TAYD	0031756	2	3330300 3338175 3340316 3397856 3404341 3411531 3411546 3412644 3420434 3424363 3437534 3440454 3454497 3459635 3463022 3463226 3464272 3479712 3483557 3486250 3486632 3486998 
002153	PK338	3415849	44	4	3330300 3375323 3405451 3417108 3421500 3428042 3428608 3432223 3436216 3436311 3436588 3437240 3438113 3438232 3438254 3440419 3441177 3443421 3445738 3448679 3451168 3453445 3455625 3455690 3455908 3455915 3456089 3457873 3458176 3458972 3459523 3460235 3460338 3460488 3461826 3462297 3462514 3462647 3462817 3462896 3462964 3463602 3465103 3466364 3475198 3477824 3480375 3481203 3481805 3481875 3481943 3484887 3485912 3486379 3486782 3487087 3576572 
004282	TAYB	1165566	33	3429532 3435692 3454433 3457231 3482144 
004066	EHII	0854975	44	4	3330355 3414238 3463353 
007041	CARP15	0162976	35	3330355 3337463 3353511 3396837 3399606 3412835 3426654 3434079 3437089 3437827 3438589 3453856 
010851	TAYSEM	0621313	7	3331071 3334029 3358756 3404179 3404534 3413598 3417055 3418079 3418106 3418908 3437511 3455043 3455046 3482019 
013185	PK127	0031619	44	4	3331179 3343387 3378849 3431155 3431260 3431939 3432782 3439387 3439475 
006026	CARP21	3470402	58	8	3331180 3338762 3413574 3415615 3419570 3423839 3425578 3429732 3431226 3435183 3435248 3437962 3443522 3452561 3454494 3455151 3455519 3458441 3460867 3463189 3464306 3465245 3466011 3467781 3469615 3476860 3484763 3486596 3576303 3576310 3576360 3576378 3576407 3576479 3576504 3576525 3576535 
006847	PK243	0402773	49	8	3375120 3375389 3375544 3389676 3396461 3397565 3404693 3411059 3416536 3417135 3419470 3421700 3430152 3430383 3430401 3431294 3431445 3431672 3432238 3433760 3435039 3435070 3435771 3439670 3441900 3456228 3458451 3463022 3463745 3463768 3464027 3487035 3576347 
008782	DAL6	0576472	39	3331186 3414201 3416998 3417003 3435161 3453218 3455297 3463587 
002182	PK336	0428815	44	4	3331686 3363924 3405153 3411154 3411531 3413582 3414273 3414843 3415044 3415615 3415852 3433663 3435248 3440036 
004803	PK230	0031373	33	3451551 3462298 3466962 3467384 3478951 3480166 
011536	PK231	3213249	2	3337037 3433788 
002396	DAL119	0020988	33	3337390 3366138 3415827 
008469	DAL315	0125630	41	48	3337463 3381050 3411186 3419002 3420837 3432782 3439475 3439564 3456290 3457979 3459647 3462115 3462414 
013996	PK227	0125630	14	3337463 3350812 3381050 3405144 3412381 3431260 3439387 3439564 
001843	DAL119	0056992	60	52	3337781 3341079 3341874 3404693 3404828 3405145 3405451 3411059 3414273 3415849 3417359 3428042 3428608 3430697 3431445 3432223 3432238 3433760 3436588 3436930 3441900 3451331 3458972 3460235 3462297 3462514 3462817 3463188 3481607 
004840	DAL25	3452082	44	4	3338175 3431750 3436514 3442991 3456103 3457327 3458339 3459823 3461556 3462882 3485970 
001891	TH224	3459335	44	4	3338208 3388921 
012821	EHIII	3448653	33	3338762 3375629 3405145 3415125 3420380 3432796 3458122 
012832	PK126	1157682	44	4	3338762 3358960 3415125 3418094 3431651 3456820 
013613	TH224	0492580	41	60	3339029 3363735 3413774 3413923 3425150 3426719 3431629 3433945 3438102 3439701 3454226 3457039 3458250 3460134 3462242 3463389 
002379	TAYB	3092832	39	3339315 3374569 3416891 3458339 3458452 3463126 3463525 3463879 3576325 3576352 
011315	PEMSTD	3213249	44	4	3339315 3340324 3422289 3434468 3435161 3435187 3451496 3456066 
013784	PK200	3448653	2	3339315 3355412 3416286 
001770	BYC239	3474420	44	4	3339567 3358228 3404364 3417042 3420037 3444491 3448868 3464193 3464263 3464279 
006024	PK229	3470402	48	4	3445343 3445680 3454226 3456660 3457039 3458087 3463439 3464398 3464638 3464850 3467452 3467781 3471745 3476927 3478506 3479350 3480734 3481643 3482144 3483467 3483651 3483950 3484752 3485416 3485800 3486083 3486311 3486834 3487035 3487041 3487276 3487429 
009296	PK10	3554810	2	3339814 3425095 3457777 3467671 3576578 
002992	PK349	3473854	58	8	3340287 3405151 3412100 3417336 3425401 3432259 3433962 3452445 3454059 3456103 3458087 3462356 3463439 3463453 3467384 3469560 3474598 3475298 3476927 3478419 3478964 3479054 3480401 3480710 3480734 3481643 3481967 3483651 3483950 3484216 3484752 3484894 3485228 3485288 3485642 3485800 3487321 
001562	TAYSEM	0705542	58	48	3340316 3340838 3352054 3369591 3395581 3404341 3431080 3431445 3438443 3438472 3438878 3460737 
013997	PEMSTD	3575049	14	3340324 3351895 3396208 3404196 3412997 3414124 3417273 3434079 3435722 3437089 3446653 3454439 3458949 3461469 
006537	DVR	0031399	44	4	3340533 3425239 3480810 
013439	TAYSEM	0468281	33	3340558 3576382 
004285	DAL119	3092832	58	8	3340716 3396460 3405145 3411154 3412381 3416232 3423676 3426858 3430786 3431740 3432384 3435722 3438342 3439387 3441273 3452529 3453472 3457195 3459888 3459972 3462116 3462849 3463729 3466962 3478309 3480382 3486182 3576626 
013186	PK264	0031619	33	3340797 3405144 3417791 3437781 
003017	CARP25	3332662	34	49	3340838 3381824 3382662 3389022 3395624 3396208 3411186 3412520 3414124 3426649 3426719 3431629 3441413 3454433 3457039 3459897 3461937 3462242 3463883 3464100 
001871	PK10	3422398	39	3340879 3359188 3413014 3413728 3414273 3439670 
001896	BYC106	0056992	44	4	3340879 3397709 3404148 3405151 
002161	BYC127	1083806	2	3340879 3375544 3426735 3430152 3435070 3435384 3441900 3445081 3445680 3456677 3458451 3459522 3460867 3463188 3463589 3463675 3463745 3463768 3464027 3471745 3480710 3481419 3483467 3485288 3487041 
013193	TAYC	0898918	33	3341079 3365824 3375389 3378849 3389676 3396460 3411154 3413521 3416203 3426735 3430383 3433663 3435070 
013627	CARP17	3459335	14	3341079 3375389 3375544 3396461 3397265 3397709 3411531 3419470 3430152 3432238 3436930 3439558 3455631 3456228 3456677 3458451 3463188 
002464	DAL10	0910179	41	48	3341874 3412557 3413356 3414124 3414811 3417355 3433539 3436683 3439528 3452529 3462882 
007396	EHLEC	0127558	60	52	3342833 3352269 3388921 3389574 3417003 3418106 3418120 3418264 3425347 3426020 3430131 3432027 3437146 3437756 3438443 3439147 3446670 3453262 3459111 3463589 3474216 3487316 
013647	TAYE	3555173	44	4	3342833 3437778 
007007	BYC127	0028980	35	3342969 3375544 3397807 3416640 3430953 3431260 3432622 3433275 3439328 3441413 3452988 3455297 3458469 3460073 3462458 3463919 3464638 3474207 3480714 3481607 3482263 3483171 3485228 3486382 3487040 
007395	EHLEC	0902313	33	3342969 3381424 3426020 3430142 3432027 3437146 3441894 3459032 3462235 3483560 
013924	PK230	3555097	39	3342969 3380697 3389674 3390102 3439917 3484750 3485327 
005870	CARP17	3212821	33	3343577 3358768 3441838 3442188 
013713	PK231	3474098	33	3343615 3357367 
007403	CARP13	0031611	35	3344151 3396312 3404693 3413014 3413582 3415852 3440116 3455981 3463882 3464279 
004384	EHIII	0138190	35	3344218 3422146 3441166 3460569 
004391	PK337	0847593	2	3344218 3482588 
004872	PK337	0348369	39	3344264 3402556 3417075 3426735 3439528 3439701 3482588 
013290	PK336	3475527	33	3344264 3413022 3415627 3438119 
004276	PK243	1165566	60	52	3344941 3430786 3443453 3446353 3451557 3454182 3455046 3456053 3458949 3459635 3466014 3468070 3468504 3469520 3477580 3478050 3479355 3480401 3480710 3480734 3481075 3481202 3482144 3483241 3483278 3483925 3484750 3484763 3484894 3485054 3485361 3486182 3486787 3487093 3487505 3576319 3576326 3576336 3576395 3576444 3576485 3576494 3576499 3576529 3576558 
005725	RCCON	3392421	41	48	3347973 3397265 3420380 3426638 3442991 3443283 3456210 3459823 3461962 3477580 3484314 
007106	TH121	3447549	33	3350670 3397807 3439624 3440024 
001552	BYC106	0129398	33	3351809 3451496 
010977	PK278	0216539	44	4	3351895 
004809	PK227	3475527	2	3352040 3404204 3455294 3456016 3478309 3484272 3486777 
013286	TH111	3318436	35	3358378 3415766 3426718 3429732 3438465 3440454 
007377	CARP17	0031522	48	49	3352269 3365419 3396377 3416640 3439636 3441894 3455981 3460569 3460820 3463936 3465181 3476930 3478964 3482382 3484243 3485537 3487621 
007006	DAL10	3195964	33	3352660 3396837 3411629 3443092 3465588 3478691 3481562 3482198 3483996 3486187 3487261 
007128	SW3	0028980	2	3352660 3405695 3411136 
006509	CARP15	3451414	48	60	3352904 3372100 3377851 3396837 3409210 3413521 3462116 3463524 3483085 3486382 3576374 
012227	DAL10	3447549	44	4	3426244 3430401 3460371 3461882 3483084 
009240	DAL6	0138190	2	3353511 3414238 3414395 3418216 3422146 3452874 3480937 3487732 
001837	PK100	0409956	44	4	3354445 3405422 3417370 3427674 3433686 3434130 3435313 3437534 3438669 3446832 3447681 3448314 3448687 3455719 3457988 3458295 3461197 3462270 3462292 3462293 3462639 3463071 3463526 3463993 3464327 3464379 3465036 3467093 3474620 3475573 3475933 3476797 3477014 3479804 3480217 3480668 3480732 3481031 3481221 3481690 3481702 3482018 3482264 3482739 3483298 3483385 3483587 3484619 3485169 3485290 3485548 3485549 3485550 3486389 3486569 3486571 3486617 3486852 3487034 3487055 3487266 
007378	PK180	0162977	41	34	3396377 3397709 3405248 3415852 3416640 3417042 3418120 3420434 3438443 3440454 3442335 3444536 3450068 3453262 3454210 3458988 3460820 3462235 3463882 3464985 3467384 3467452 3467983 3480935 3480939 3481813 3483085 3484816 3486187 3487621 3576422 
002433	BYC106	0697660	35	3354609 3355412 3424594 3431651 3432796 3438020 3458122 
003539	EHI	3443571	2	3354609 3358228 3374470 3374569 3406406 3412755 3421153 3425114 3426654 3435183 3435397 3455220 3458121 3459645 3475445 3487243 
013998	DAL10	0987494	2	3357367 3365419 3411018 3411158 3411159 3414068 3418106 3418120 3439283 3453262 3455093 3462235 
012494	PK337	0853792	33	3358339 3417553 3425356 3436206 3437978 3457777 3466011 
011319	TH111	0827051	39	3358345 3429894 3441273 3444811 3456066 3456228 3463226 
004825	RCSEM	1051497	33	3358960 3402556 3439528 
001893	PK127	0898918	35	3360165 3365824 3389676 3396460 3397265 3405744 3413521 3416203 
003001	TAYF	3473854	52	44	3363735 3381824 3412644 3418079 3418908 3425150 3426719 3431629 3432798 3433849 3435366 3439701 3453856 3455049 3456660 3458250 3459613 3459897 3460134 3462720 3463389 3463593 3464850 3486133 3486998 3487429 
007374	PK126	0987494	58	8	3363735 3409210 3420434 3425347 3430131 3430697 3432595 3433881 3439147 3439636 3440454 3442335 3446670 3449400 3455981 3459032 3459111 3464279 3480069 3482382 3486321 
002174	CARP15	0004950	2	3363924 3396292 3413582 
007910	PK200	0910346	39	3363924 3421700 3437574 
007923	PK200	0470839	33	3363924 3437574 3445081 
007060	RCCON	0031573	35	3363977 3428820 3456066 
004869	DAL315	0053518	35	3364124 3418058 3436227 3437589 3438842 3454497 3461556 3463587 
002572	PK349	1168490	44	4	3364991 3379786 3396313 3412864 3416398 3436260 3440075 
002414	CARP13	3452082	41	34	3366138 3396292 3397066 3412835 3424594 3442432 3454497 3455227 3456820 3458452 3460770 3462851 3463729 3483003 3487035 
012503	SW3	0853792	35	3366138 
004033	PK127	0854975	14	3366307 3406073 3411005 3414238 3426556 3431672 3437962 3441406 3442237 
005205	CARP25	3448653	44	4	3367107 3397992 3416424 3437011 3437701 3457184 3458957 3462458 3465050 3476908 
004281	DAL6	3092832	60	52	3369591 3416232 3429532 3435692 3438033 3450490 3457231 3459972 
013288	EHI	3474664	44	4	3374569 3436227 
007365	PK243	3474098	2	3375120 3415044 3433962 3437341 3437827 3439899 3439917 3440687 3443731 3448868 3449400 3454439 3455562 3458934 3459647 3460134 3460586 3462240 3462414 3462516 3463389 3464848 3465181 3467427 3469560 3469615 3474207 3474789 3479085 3479350 3479976 3480069 3480264 3481798 3482194 3483587 3483651 3484314 3484361 3484898 3485504 3486133 3486321 3486475 3486609 3487429 
006035	BYC127	0207327	48	60	3375389 3404534 3412100 3412644 3417055 3418908 3429199 3429761 3433849 3433961 3437141 3437778 3438550 3441004 3441166 3451553 3454059 3455043 3455148 3460399 3462356 3481419 
004012	TH102	1167922	48	49	3375410 3417314 3425347 3433962 3435734 3437589 3440958 3450068 3451331 3451557 3452988 3453472 3454476 3456016 3456103 3456313 3457327 3460586 3461057 3462458 3463675 3464263 3464666 3464848 3465327 3467040 3469560 3474409 3474598 3475298 3476908 3478951 3481607 3484202 3485305 3486787 3576632 
006850	TAYF	0031347	33	3375410 3414205 3433275 3433945 3439206 3439409 3452445 3452988 3456210 3456313 3458957 3461517 3462458 3462956 3463199 3463919 3463939 3465050 3465442 3474409 3474598 3479382 3482989 3483155 3485028 3485970 3487090 
002409	PK127	3448653	39	3375629 3395942 3405427 3436683 3438020 3438842 3441413 3454476 3456645 
011829	TH121	1157682	35	3375629 3418606 3438033 
009213	BYC127	0138190	44	4	3375685 3396837 3425356 3434079 3462849 3576579 
013925	EHI	3555097	33	3375685 3424318 3480810 3559218 
007032	CARP21	0031573	44	4	3377851 3405695 3439624 3439917 3451724 3465327 3468749 3485305 
003437	PEMSTD	0897706	60	52	3378849 3395624 3402583 3404386 3416598 3420037 3422414 3431260 3431303 3434210 3455808 3479085 3480939 3481562 
007017	DAL10	0031568	34	49	3380465 3397012 3418499 3422289 3437252 3438472 3439624 3455297 3458533 3476085 3487316 
013840	DVR	3447549	2	3380465 3412520 3413255 3415144 
001894	PK10	3483424	33	3380697 3395581 3396312 3397565 3413728 3439558 
002163	CARP15	3415849	33	3381050 3416536 3416598 3417172 3430152 3430401 3431294 3431449 3435039 3439328 3459505 
002166	BYC239	0428815	35	3381050 3416536 3417172 3421700 3430401 3431294 3435039 3439437 3453352 3459505 
002929	PK259	3421211	39	3382205 3411258 3439558 3453262 3455419 3462242 3463936 3467671 3476418 3478102 3486141 
011841	DAL6	0135660	33	3382205 3412520 3415217 3418606 3432040 3443283 3452964 3459980 
013616	TH110	0375562	44	4	3382662 3433945 3433961 
001152	PK278	0031471	14	3389674 3412825 3415766 3417108 3420837 3425755 3430131 3430142 3431445 3437574 3438999 3446353 3448679 3451496 3451663 3454182 3455625 3456016 3456053 3457039 3458934 3459645 3461962 3462297 3462356 3462647 3462720 3463126 3463768 3463776 3464306 3464327 3464666 3464954 3467781 3467983 3468281 3468749 3474216 3475941 3476860 3476908 3478343 3478419 3479054 3479350 3479355 3480067 3480423 3480668 3480935 3481203 3481798 3482263 3482382 3483084 3483085 3483557 3483638 3484216 3484324 3484763 3484898 3485028 3485054 3485327 3485504 3485537 3485549 3485636 3485803 3485812 3485912 3485931 3486083 3486141 3486187 3486379 3486389 3486571 3486777 3486782 3486838 3487243 3487310 3487321 3487732 3576306 3576388 3576405 3576498 
013635	EHLEC	3555097	44	4	3389674 3433829 3444811 3462517 3463226 3576580 
007040	TAYB	0162976	41	48	3390102 3417000 3423839 3437827 3438342 3439624 3446653 3454439 3461469 3463353 
008421	PK126	0132890	14	3390102 3416997 3417791 3437781 3439283 3439588 3441016 3446670 3456994 3457393 3459111 3459647 3460737 3464027 3464398 3478747 3481557 3481967 3483003 
012289	DAL1	0409956	39	3395581 3396461 3404148 3405151 3411059 3415044 3415852 3416203 3455631 
013172	TAYC	0024092	35	3395581 3451724 3457231 3463675 3464855 3467384 3474789 3476860 3476927 3481520 3483925 3486083 
003480	DAL1	0599596	33	3396377 3417135 3426718 3434210 3469560 
013289	BYC239	3475527	41	48	3397012 3404386 3415766 3422289 3422414 3432759 3437252 3439364 3459508 
003002	ROSTUD	0492580	2	3397442 3415125 3426719 3432796 3438102 3439475 
011962	PK259	0492451	14	3397442 3418908 3437252 3437511 3439912 3455093 3457935 3459032 3463859 3483560 
011855	DVR	0020093	35	3402556 
011296	TH111	0468281	2	3402583 3404693 3439511 3455120 3462990 3480401 
014073	PK337	3447549	35	3404179 3417512 
003448	PK328	0031359	2	3404196 3422414 3431257 3458957 3465591 3487040 
013166	TAYD	0492580	44	4	3404196 3406196 3411629 
003433	PEMSTD	0995587	2	3404364 3412881 3424318 3437962 3442991 3443522 3450069 3450546 3452561 3454476 3459109 3485642 3485812 3576359 
011534	PK328	3213249	33	3404473 3439475 
008778	PK126	3194197	33	3405248 3412874 3430196 3436119 3439912 3454182 3455291 3458932 3482194 
013620	PK230	1020104	2	3405248 3417002 3417073 3435628 3453218 3460766 3463939 
002368	PK349	1051497	35	3405427 3429199 3438102 3440687 3441004 3443516 3446670 3447322 3452529 3458250 3460369 3460770 3462851 3462882 3463525 3463879 3463883 3464398 3465588 3469119 3475298 3476899 3478050 3479085 3479355 3480264 3481557 3483950 3486501 3486787 3487035 3487276 3487640 3576325 3576336 3576342 3576343 3576364 3576390 3576566 
002397	TAYG	0493725	33	3405427 3431226 3433501 3433539 3438878 3442432 3454497 3455227 3458049 3458339 3458452 3460369 3460770 3462882 3463525 3463729 3463879 3463883 
013917	PK127	3557246	2	3413283 3415849 3417172 3418606 3439820 3440606 3451331 3462417 3463776 
013782	PK127	3557107	60	52	3405744 3431750 3433539 3455151 3456016 3461057 3461933 3462298 3462516 
004360	TH121	0138190	14	3406042 3412866 3435922 3452964 3461936 3465181 3484334 3486050 
006543	PK264	0031573	14	3406295 3414657 3455220 3463939 
002403	PK232	1137952	33	3411018 3447478 
003019	PK230	0375562	48	41	3411059 3415125 3417717 3433829 3435366 3435722 3437341 
013636	PK328	0605187	14	3411136 3412520 3435366 3463593 3464100 3486834 3487040 3487640 
004016	PEMSTD	3442425	58	8	3411186 3428820 3429761 3446353 3458136 3460770 3461469 3461937 3468749 3479382 3482989 3559218 
012732	DAL1	0826964	44	4	3411258 3415619 3432027 3440116 
011219	PK328	0168763	44	4	3411646 3455562 
003562	TH224	0024092	33	3412261 3412755 3414657 3418264 3424363 3425401 3426858 3435183 3460073 3462606 3487243 
006019	PK278	0856198	44	4	3412261 3418145 3457917 3576306 3576362 3576553 3576629 
001163	TH102	0031568	44	4	3412523 3463936 
012486	TH251	3426520	39	3412549 3417791 3464193 3465442 3487040 
005727	DAL10	0984701	35	3412874 3448868 
003454	DAL119	0897706	39	3412881 3418264 3423839 3427633 3428844 3429832 3431257 3432622 3433275 3435183 3438465 3441894 3442335 3442991 3443092 3450069 3451551 3453467 3454210 3454494 3456210 3457808 3457932 3457935 3458121 3460073 3462606 
013914	PK259	3421211	35	3413022 3431535 3459730 
010966	TH224	0775640	35	3413193 3455562 3576332 3576426 3576501 3576521 
013916	DAL212E	3554648	44	4	3413521 3462990 
003029	PEMSTD	3473854	33	3413774 3415489 3417000 3417512 3426649 3433961 3437778 3440075 3454226 
013634	DAL1	3555173	35	3413774 3432798 
004806	DAL212A	0032827	33	3414068 3418499 3437589 3440687 3463851 3468749 3469520 3480714 3481102 3481518 3481607 3483278 3484816 
004010	PK229	1167922	41	60	3414201 3414205 3426649 3438294 3438999 3441838 3458121 3458441 3463708 3463851 3463859 3465244 3465245 3466011 3474207 3478297 3480714 3481520 3483950 3484272 3484845 3485642 3485803 3485931 3486501 3486623 3486998 3576535 3576579 
011827	DAL1	0180723	14	3414273 3416536 3417172 3430401 3431294 3431449 3435039 3439328 3459505 
006868	TH104	3427120	35	3414278 3425755 3430978 3432259 3432344 3460701 
013281	DAL212E	3421211	14	3414298 3426735 3461063 3461556 
013628	TH111	1165592	33	3414395 3417273 3422146 3453467 3455808 3458121 3481075 
003440	PK230	0031359	14	3415044 3435397 3436710 3457932 3462990 3478102 3486382 
011344	PK200	3213249	14	3415144 3433539 3438020 
013210	PK259	3212821	34	49	3415766 3428844 3429706 3431449 3443731 3455151 3457808 3462417 3462606 3484898 
005846	PK227	3470325	33	3415801 3460757 3463439 3463560 3468281 3485361 
011865	PK200	3447501	35	3416232 3416598 3429532 
013609	DAL212E	3447501	2	3416354 3432384 3435692 3451724 
006851	PK20	1167884	44	41	3416598 3439147 3441310 3445081 3451553 3453352 3458087 3459522 3463525 3483638 3483929 3487276 3487732 
004036	PK230	3460456	58	8	3416640 3442432 3458469 3458949 3461933 3461936 3481075 
004015	CARP17	0031578	35	3416891 3417717 3454100 3455120 3455808 3460134 3460359 3461517 3462290 3462298 3462990 3463188 3465442 3479976 3480382 3576328 3576569 
008792	TH111	0031572	44	4	3416998 3417003 3435070 3455291 3462872 3478343 3482194 
002453	PK232	0031373	35	3417075 
004876	EHIII	0032827	2	3417075 3454494 3457327 
006031	PK349	0031454	34	49	3417717 3438033 3440075 3441016 3441306 3441310 3453352 3454226 3455341 3456677 3458136 3458250 3460359 3460399 3461936 3462228 3462246 3462512 3463011 3464272 3474140 3477576 3478506 3479718 3479961 3481202 3482019 3482198 3483638 3483929 3484990 3485228 3485288 3485416 3486250 3486998 3487429 3487732 3576424 
004868	PK264	0031373	2	3418058 3439701 3461556 3463851 
010974	BYC239	0854975	33	3418216 
005731	PK278	3556752	44	4	3418907 3432595 
010964	PK229	0775195	33	3421700 3458641 
004362	DAL119	0847593	44	4	3422146 3443092 3462262 3486740 
002564	RCCON	1168490	39	3423676 3429761 3430978 3452445 3456313 3462512 3463439 3483587 3484202 3484894 3576555 
007903	PK328	0468281	35	3423839 3441406 3462246 3463199 3467932 
012353	PK231	0683480	14	3424363 3464279 
011831	TH223	1157682	33	3425095 3463524 
004023	PK127	1167978	33	3428820 3441406 3460399 3576415 3576571 
011207	SW3	0031478	44	4	3431060 3463745 
012355	CARP17	0031756	44	4	3438206 3464272 3576586 
008495	DAL212E	0316015	33	3431155 
011307	PK232	3213249	39	3431155 3462240 
012352	PK180	0129398	4	66	3437341 3459897 3460737 
013264	PK243	3421211	44	4	3431449 3463939 
002636	DAL2	0827051	44	41	3431655 3452874 3467671 3469520 3474463 3478102 3479945 3481643 3485327 3485504 3486475 3576347 3576356 3576370 3576408 3576444 3576545 3576577 
001878	ROSTUD	0168763	33	3432384 3436930 
011295	PK278	3312777	44	4	3432384 3436930 3456228 
002690	PK231	0031578	44	4	3432447 
002447	TH223	0847593	35	3433501 
008774	TAYB	0576472	2	3434468 3444536 3447478 3458932 3462116 3475298 3475327 3478419 3483567 
012850	TAYG	3426520	58	8	3435187 3445680 3446653 3451496 3455120 3463353 3465588 3478747 3480067 3480836 3481419 3484324 3486083 3576391 3576422 3576462 3576494 3576575 
002667	DAL25	0897706	33	3435628 3438206 3486844 
011830	PK232	1157682	14	3435692 3439820 
008773	BYC239	3194197	2	3436119 3442641 3452529 3462956 3464398 
012823	TH121	0031632	44	4	3436206 3437978 3454433 3455419 
004290	PK200	3447501	44	4	3438033 3450490 
005723	TAYG	0984701	14	3436227 3438842 3452874 3462237 3462512 3464855 3466014 3467199 3474140 3474789 3476418 3476927 3478309 3478713 3486740 3486858 3576620 
006034	EHI	0554585	39	3437141 3438102 3441166 3441306 3455043 3455341 3458250 3459972 3460399 3461936 3462228 3462356 3463011 3463593 3479718 3483638 3486998 
012284	PK25	0031386	44	4	3437574 3458641 3476085 
012851	ROSTUD	3555100	35	3437978 
007882	PK264	0470839	35	3438206 3457184 3576463 3576471 
007878	PK259	0031386	41	48	3438455 3441406 3450069 3452445 3463199 3464954 3476085 3480166 3480401 3481102 3481202 3486838 
002366	TAYC	0263980	2	3438589 3439528 3456820 
006860	TAYE	3461209	33	3439147 3441016 3454059 3458136 3460359 3463011 
012766	TAYF	3442425	60	4	3442237 3442432 3453467 3455120 3461936 3463593 
009225	DAL2	1061058	34	4	3441894 3446645 3447322 3464666 3475327 3476860 3476899 3480150 3485636 3487261 3576310 3576313 
004356	PK227	0847593	39	3442188 3464306 3477576 3480150 3480935 3482019 3485636 3486182 
013718	TH223	3555417	2	3444811 3455419 3461498 3463524 3463560 3468504 3485028 3486182 
009286	PK231	0138190	39	3445680 3559218 
005191	DAL212E	1137952	35	3455046 3465245 3467040 3482194 
002680	TAYC	0599596	44	4	3460569 3487090 
006523	TH121	0031573	2	3460757 3576519 
005120	PK278	3400071	44	4	3461498 3468504 3480264 3486321 
013655	TAYD	3442425	33	3462851 
004810	TH251	1051497	2	3463587 3463729 3475941 3483003 3576515 
001157	PK264	1051497	41	48	3481518 3482445 3485054 3576306 
002362	TAYG	1165566	44	4	3486141 3486777 3576503 
012562	PK232	0853792	2	3486844 
002401	DAL212A	3332662	44	4	3487640 
011852	EHII	0138190	33	3576620 
013656	PK231	1165592	35	3576620 
