Class Times	20
Rooms	200
1	532
2	504
3	424
4	156
5	560
6	722
7	284
8	194
9	603
10	258
11	303
12	511
13	84
14	173
15	359
16	693
17	939
18	270
19	938
20	805
21	118
22	349
23	843
24	367
25	716
26	324
27	291
28	547
29	766
30	534
31	599
32	644
33	74
34	416
35	101
36	39
37	364
38	932
39	61
40	617
41	710
42	664
43	142
44	694
45	861
46	450
47	414
48	894
49	886
50	594
51	363
52	805
53	721
54	461
55	145
56	507
57	766
58	710
59	783
60	595
61	359
62	420
63	349
64	781
65	374
66	145
67	573
68	342
69	606
70	183
71	269
72	215
73	598
74	974
75	20
76	412
77	504
78	126
79	229
80	961
81	675
82	420
83	141
84	885
85	595
86	883
87	597
88	857
89	676
90	235
91	265
92	748
93	893
94	165
95	533
96	355
97	320
98	58
99	135
100	457
101	250
102	311
103	808
104	228
105	375
106	89
107	132
108	99
109	506
110	801
111	734
112	555
113	452
114	222
115	748
116	192
117	522
118	391
119	816
120	680
121	751
122	326
123	686
124	676
125	300
126	548
127	929
128	866
129	717
130	391
131	813
132	534
133	68
134	434
135	743
136	544
137	135
138	504
139	927
140	17
141	301
142	639
143	466
144	69
145	326
146	214
147	294
148	492
149	820
150	316
151	408
152	175
153	652
154	570
155	905
156	497
157	223
158	857
159	396
160	465
161	262
162	408
163	26
164	504
165	769
166	248
167	815
168	461
169	467
170	588
171	426
172	799
173	995
174	196
175	981
176	77
177	869
178	875
179	140
180	814
181	679
182	817
183	505
184	611
185	286
186	819
187	350
188	965
189	880
190	233
191	598
192	758
193	193
194	409
195	858
196	377
197	216
198	291
199	627
200	299
Classes	1000
Teachers	500
1	189
2	359
3	440
4	211
5	447
6	194
7	306
8	376
9	331
10	311
11	323
12	277
13	405
14	155
15	97
16	298
17	170
18	296
19	186
20	168
21	417
22	160
23	157
24	473
25	150
26	72
27	429
28	164
29	65
30	328
31	444
32	185
33	44
34	5
35	244
36	12
37	64
38	29
39	424
40	381
41	150
42	26
43	231
44	318
45	488
46	273
47	131
48	436
49	4
50	102
51	422
52	167
53	91
54	409
55	329
56	301
57	336
58	55
59	212
60	43
61	14
62	327
63	162
64	413
65	108
66	8
67	210
68	102
69	41
70	249
71	27
72	48
73	240
74	194
75	397
76	116
77	400
78	474
79	407
80	129
81	138
82	89
83	167
84	421
85	382
86	117
87	400
88	356
89	333
90	98
91	317
92	33
93	300
94	438
95	320
96	392
97	447
98	473
99	416
100	101
101	495
102	320
103	430
104	207
105	290
106	251
107	155
108	242
109	227
110	298
111	139
112	86
113	214
114	196
115	263
116	359
117	266
118	352
119	215
120	357
121	116
122	404
123	413
124	129
125	121
126	75
127	181
128	118
129	437
130	143
131	240
132	136
133	410
134	175
135	125
136	49
137	25
138	395
139	318
140	213
141	122
142	133
143	81
144	239
145	143
146	141
147	243
148	33
149	163
150	29
151	187
152	457
153	203
154	147
155	115
156	237
157	247
158	18
159	368
160	231
161	52
162	121
163	427
164	407
165	405
166	142
167	273
168	249
169	446
170	51
171	211
172	51
173	345
174	317
175	427
176	495
177	457
178	476
179	23
180	174
181	410
182	368
183	65
184	304
185	350
186	138
187	370
188	253
189	482
190	425
191	15
192	343
193	161
194	391
195	92
196	49
197	31
198	289
199	41
200	387
201	204
202	47
203	27
204	73
205	235
206	34
207	283
208	371
209	53
210	108
211	189
212	260
213	380
214	380
215	395
216	169
217	481
218	482
219	288
220	30
221	224
222	16
223	218
224	193
225	160
226	153
227	218
228	362
229	221
230	339
231	176
232	312
233	159
234	432
235	412
236	174
237	93
238	48
239	152
240	437
241	124
242	244
243	492
244	420
245	30
246	34
247	358
248	431
249	246
250	186
251	483
252	120
253	327
254	250
255	401
256	206
257	170
258	353
259	55
260	256
261	137
262	329
263	217
264	284
265	376
266	377
267	58
268	330
269	388
270	246
271	171
272	490
273	492
274	83
275	66
276	442
277	52
278	95
279	188
280	264
281	1
282	25
283	81
284	124
285	311
286	392
287	96
288	285
289	343
290	494
291	193
292	464
293	142
294	84
295	339
296	191
297	490
298	494
299	14
300	162
301	498
302	361
303	77
304	7
305	361
306	399
307	451
308	347
309	332
310	130
311	242
312	136
313	464
314	267
315	172
316	424
317	106
318	450
319	300
320	26
321	270
322	483
323	389
324	460
325	278
326	141
327	67
328	302
329	164
330	403
331	96
332	122
333	31
334	312
335	104
336	100
337	201
338	213
339	386
340	234
341	346
342	454
343	254
344	415
345	369
346	152
347	264
348	2
349	59
350	265
351	438
352	445
353	191
354	38
355	163
356	468
357	205
358	466
359	17
360	216
361	78
362	331
363	43
364	72
365	85
366	50
367	456
368	192
369	321
370	463
371	306
372	251
373	59
374	165
375	423
376	127
377	322
378	270
379	85
380	144
381	144
382	487
383	253
384	57
385	487
386	134
387	42
388	288
389	358
390	69
391	173
392	57
393	75
394	388
395	265
396	86
397	58
398	342
399	255
400	233
401	233
402	225
403	378
404	176
405	461
406	500
407	39
408	187
409	372
410	207
411	89
412	375
413	95
414	325
415	153
416	36
417	13
418	128
419	341
420	18
421	202
422	24
423	216
424	346
425	254
426	172
427	115
428	366
429	367
430	92
431	185
432	236
433	286
434	252
435	370
436	414
437	171
438	4
439	352
440	238
441	21
442	345
443	223
444	70
445	480
446	132
447	372
448	411
449	126
450	432
451	262
452	315
453	459
454	236
455	443
456	120
457	385
458	107
459	454
460	93
461	183
462	462
463	291
464	310
465	461
466	70
467	195
468	132
469	449
470	133
471	188
472	47
473	19
474	10
475	173
476	426
477	337
478	467
479	292
480	307
481	285
482	316
483	297
484	226
485	364
486	214
487	94
488	283
489	210
490	127
491	391
492	263
493	15
494	68
495	148
496	486
497	5
498	268
499	145
500	182
501	369
502	469
503	280
504	13
505	94
506	416
507	373
508	431
509	156
510	425
511	228
512	73
513	448
514	68
515	16
516	307
517	91
518	230
519	74
520	338
521	204
522	423
523	323
524	76
525	301
526	105
527	470
528	97
529	109
530	112
531	481
532	434
533	477
534	50
535	1
536	212
537	354
538	303
539	498
540	243
541	28
542	161
543	451
544	412
545	287
546	435
547	159
548	272
549	175
550	458
551	421
552	267
553	220
554	177
555	467
556	107
557	146
558	46
559	125
560	396
561	56
562	64
563	110
564	316
565	452
566	154
567	399
568	100
569	294
570	223
571	419
572	286
573	259
574	226
575	362
576	356
577	446
578	417
579	3
580	393
581	292
582	266
583	225
584	401
585	113
586	460
587	452
588	200
589	472
590	98
591	200
592	371
593	294
594	322
595	310
596	123
597	105
598	434
599	271
600	2
601	221
602	131
603	479
604	151
605	439
606	239
607	228
608	469
609	178
610	177
611	56
612	178
613	110
614	332
615	3
616	350
617	428
618	393
619	281
620	46
621	309
622	381
623	256
624	224
625	443
626	415
627	382
628	275
629	402
630	208
631	488
632	491
633	281
634	148
635	271
636	109
637	459
638	237
639	385
640	474
641	314
642	90
643	166
644	261
645	404
646	338
647	351
648	297
649	202
650	113
651	324
652	476
653	119
654	414
655	269
656	32
657	222
658	309
659	284
660	250
661	222
662	419
663	477
664	106
665	35
666	139
667	117
668	426
669	118
670	227
671	234
672	402
673	448
674	60
675	230
676	168
677	341
678	398
679	103
680	255
681	422
682	308
683	472
684	119
685	287
686	336
687	289
688	484
689	275
690	219
691	274
692	19
693	169
694	364
695	335
696	90
697	137
698	353
699	42
700	10
701	389
702	44
703	278
704	32
705	146
706	258
707	262
708	180
709	147
710	158
711	433
712	259
713	53
714	206
715	123
716	83
717	304
718	383
719	272
720	104
721	219
722	149
723	197
724	337
725	77
726	340
727	23
728	67
729	471
730	269
731	76
732	238
733	465
734	157
735	261
736	69
737	6
738	184
739	302
740	420
741	126
742	130
743	478
744	355
745	330
746	348
747	79
748	88
749	260
750	114
751	217
752	7
753	484
754	290
755	40
756	21
757	347
758	305
759	333
760	442
761	396
762	28
763	403
764	373
765	149
766	342
767	220
768	114
769	199
770	101
771	367
772	208
773	20
774	491
775	36
776	360
777	383
778	445
779	248
780	82
781	39
782	324
783	140
784	154
785	493
786	455
787	277
788	40
789	274
790	365
791	145
792	45
793	408
794	303
795	408
796	440
797	466
798	334
799	340
800	497
801	241
802	480
803	183
804	485
805	190
806	489
807	398
808	439
809	354
810	334
811	140
812	268
813	497
814	8
815	319
816	99
817	282
818	87
819	20
820	197
821	428
822	24
823	363
824	348
825	180
826	257
827	78
828	179
829	128
830	470
831	344
832	103
833	375
834	79
835	485
836	232
837	192
838	449
839	500
840	299
841	390
842	184
843	486
844	313
845	201
846	441
847	355
848	378
849	351
850	60
851	468
852	496
853	74
854	349
855	387
856	38
857	66
858	328
859	37
860	441
861	291
862	475
863	475
864	363
865	158
866	479
867	61
868	462
869	134
870	209
871	198
872	156
873	394
874	433
875	296
876	258
877	377
878	384
879	444
880	198
881	282
882	499
883	478
884	111
885	326
886	276
887	22
888	54
889	87
890	232
891	349
892	436
893	182
894	455
895	390
896	321
897	418
898	366
899	319
900	308
901	365
902	429
903	379
904	386
905	190
906	397
907	299
908	458
909	384
910	257
911	80
912	215
913	315
914	88
915	63
916	394
917	63
918	280
919	195
920	245
921	247
922	305
923	326
924	235
925	295
926	11
927	279
928	165
929	22
930	435
931	112
932	245
933	151
934	62
935	62
936	430
937	61
938	295
939	6
940	409
941	453
942	360
943	335
944	71
945	209
946	37
947	166
948	344
949	279
950	84
951	493
952	411
953	80
954	9
955	313
956	252
957	293
958	54
959	9
960	499
961	406
962	82
963	241
964	12
965	45
966	453
967	496
968	406
969	203
970	379
971	293
972	357
973	71
974	35
975	374
976	17
977	205
978	229
979	418
980	229
981	11
982	199
983	489
984	465
985	276
986	463
987	456
988	179
989	99
990	248
991	181
992	450
993	135
994	135
995	111
996	196
997	314
998	471
999	325
1000	374
