Students	4000
1	419 369 133 395
2	225 511 136 368
3	69 247 636 530
4	143 852 50 832
5	521 868 318 6
6	194 233 579 808
7	827 377 829 403
8	814 975 261 769
9	714 791 898 889
10	441 180 520 63
11	684 149 617 925
12	75 385 457 126
13	274 530 106 827
14	659 256 74 923
15	41 207 894 769
16	202 511 375 107
17	57 806 216 179
18	427 536 544 38
19	516 499 221 685
20	791 412 475 778
21	566 955 784 748
22	914 441 461 396
23	620 959 197 859
24	818 559 793 452
25	225 360 533 700
26	874 464 317 307
27	20 305 886 4
28	50 640 778 4
29	440 486 1000 927
30	844 967 895 811
31	608 492 29 630
32	307 30 670 165
33	280 214 307 416
34	664 788 401 678
35	814 649 25 228
36	350 787 227 71
37	860 394 673 493
38	739 666 794 390
39	894 559 937 349
40	420 327 836 606
41	761 839 522 31
42	671 752 6 789
43	122 12 986 781
44	683 134 325 322
45	58 169 307 975
46	155 678 979 283
47	121 581 293 311
48	127 143 15 973
49	809 225 415 770
50	301 978 688 775
51	769 642 846 794
52	644 681 821 949
53	58 970 754 558
54	754 829 576 736
55	396 719 933 492
56	354 88 441 140
57	716 93 906 222
58	270 392 83 61
59	229 444 530 919
60	412 394 955 25
61	873 732 935 644
62	641 238 189 639
63	291 726 383 650
64	830 686 358 6
65	397 28 235 753
66	113 627 149 786
67	214 919 769 832
68	88 51 852 289
69	882 438 19 235
70	686 637 845 950
71	660 83 175 359
72	542 201 927 838
73	291 10 311 980
74	948 395 432 358
75	328 627 389 934
76	902 190 554 182
77	874 46 562 632
78	334 921 204 500
79	740 924 732 497
80	312 822 18 127
81	184 866 256 822
82	957 332 853 631
83	260 695 428 738
84	777 651 208 639
85	281 584 97 952
86	401 417 546 676
87	69 244 343 663
88	983 689 404 445
89	462 125 674 605
90	124 822 509 220
91	34 850 588 449
92	760 212 880 135
93	76 892 685 953
94	364 377 18 482
95	693 888 718 43
96	717 273 843 800
97	288 789 110 739
98	699 282 2 436
99	806 495 519 239
100	816 832 537 486
101	847 541 924 691
102	636 193 658 485
103	178 838 623 211
104	907 596 556 7
105	204 504 228 466
106	907 431 777 358
107	716 318 435 705
108	486 983 651 899
109	558 396 910 474
110	327 838 685 129
111	924 265 106 382
112	206 807 607 549
113	660 654 188 166
114	393 24 991 526
115	289 934 561 27
116	904 588 965 784
117	469 351 662 652
118	996 19 560 937
119	277 889 789 594
120	164 599 665 456
121	968 859 733 734
122	903 564 390 772
123	883 65 913 315
124	685 43 889 811
125	749 718 498 706
126	894 570 316 91
127	945 104 757 341
128	980 975 670 673
129	181 378 488 522
130	708 482 718 669
131	693 752 910 644
132	167 856 56 728
133	250 778 869 168
134	186 552 658 884
135	212 403 523 141
136	872 867 892 446
137	401 934 955 351
138	261 291 130 120
139	806 105 318 281
140	524 364 509 428
141	966 993 157 845
142	677 581 330 561
143	451 580 571 548
144	549 94 879 204
145	8 436 727 85
146	600 219 143 568
147	801 90 24 612
148	239 63 36 776
149	665 374 917 870
150	506 885 256 27
151	448 216 993 107
152	313 174 807 443
153	321 124 400 268
154	980 801 588 337
155	406 844 146 245
156	441 25 159 680
157	196 516 90 61
158	346 571 946 947
159	11 959 692 749
160	254 483 719 123
161	176 613 697 342
162	247 960 98 605
163	702 32 971 821
164	601 922 251 928
165	973 788 660 103
166	584 626 676 717
167	392 82 680 126
168	78 257 162 58
169	941 355 295 913
170	456 45 601 501
171	378 735 228 3
172	100 137 314 266
173	135 184 283 39
174	990 136 933 812
175	7 824 953 388
176	34 948 717 819
177	444 7 866 596
178	216 353 346 834
179	543 377 194 162
180	155 483 888 245
181	879 336 356 588
182	373 226 633 19
183	954 25 449 904
184	462 425 924 636
185	341 209 818 923
186	287 622 936 952
187	575 184 123 259
188	604 13 613 304
189	473 182 56 767
190	732 226 607 46
191	834 538 584 420
192	450 520 100 804
193	396 276 243 815
194	899 990 891 224
195	537 678 524 409
196	65 429 937 627
197	443 806 831 341
198	384 559 855 9
199	372 930 876 165
200	110 425 553 94
201	196 297 581 122
202	325 931 224 661
203	632 710 751 640
204	947 592 455 233
205	432 921 849 579
206	594 847 75 301
207	337 967 152 388
208	956 437 692 670
209	788 144 478 734
210	182 668 539 154
211	216 523 444 352
212	835 624 411 837
213	243 530 904 836
214	179 749 955 336
215	270 386 826 849
216	912 547 527 6
217	743 892 361 748
218	976 551 146 849
219	854 352 284 950
220	728 113 831 957
221	549 230 275 443
222	611 12 737 674
223	503 450 771 741
224	416 380 70 307
225	146 148 219 212
226	378 913 703 151
227	937 64 597 185
228	646 911 808 775
229	787 691 50 420
230	106 253 555 25
231	984 786 271 558
232	150 984 123 940
233	11 795 82 928
234	751 892 865 851
235	340 323 280 678
236	103 35 425 252
237	717 789 403 502
238	195 952 31 632
239	406 17 547 877
240	961 968 359 619
241	640 721 829 399
242	738 467 888 637
243	803 556 136 935
244	160 831 2 170
245	892 325 979 294
246	186 655 532 126
247	668 375 251 892
248	448 445 45 289
249	472 44 411 70
250	80 714 238 364
251	922 74 762 999
252	214 949 409 463
253	822 314 862 750
254	563 426 197 398
255	863 278 611 589
256	453 930 940 70
257	39 704 743 186
258	670 896 428 835
259	624 829 353 231
260	566 347 513 991
261	963 528 852 888
262	902 260 52 399
263	308 809 191 637
264	25 702 891 855
265	421 409 538 315
266	103 127 186 6
267	687 416 594 568
268	320 734 136 494
269	36 885 636 534
270	115 677 374 554
271	60 407 955 275
272	783 212 596 432
273	330 451 789 384
274	5 592 712 891
275	72 125 36 236
276	195 613 767 507
277	31 627 995 539
278	826 247 71 668
279	571 336 143 213
280	287 737 551 947
281	802 927 477 126
282	199 827 89 30
283	804 355 277 896
284	516 572 706 476
285	805 839 230 777
286	204 315 834 357
287	534 218 728 653
288	759 938 512 303
289	817 177 836 269
290	335 506 307 508
291	888 870 822 159
292	787 729 954 53
293	829 423 400 145
294	526 488 176 276
295	999 628 816 919
296	652 804 942 984
297	314 922 696 959
298	501 257 432 18
299	764 381 141 960
300	377 808 360 72
301	611 35 885 41
302	955 397 843 651
303	283 291 484 204
304	562 499 980 795
305	125 622 384 926
306	306 995 395 488
307	791 964 418 299
308	796 367 524 694
309	262 470 755 838
310	48 225 109 612
311	160 346 563 924
312	996 596 407 44
313	317 521 693 884
314	928 269 909 745
315	272 809 492 840
316	65 676 952 230
317	734 15 466 838
318	479 505 444 824
319	843 199 862 195
320	478 211 109 634
321	445 919 420 673
322	643 136 21 738
323	509 798 486 878
324	695 727 962 142
325	217 246 364 224
326	493 689 70 926
327	241 462 328 911
328	512 527 558 588
329	212 136 970 638
330	323 53 788 810
331	400 419 630 171
332	750 898 850 717
333	189 796 506 492
334	576 988 885 257
335	12 460 657 949
336	884 217 784 505
337	43 693 521 742
338	408 283 582 522
339	63 513 775 125
340	520 758 808 916
341	633 570 307 875
342	849 975 276 399
343	893 839 838 972
344	820 256 359 428
345	66 194 264 927
346	848 327 530 520
347	1000 344 100 856
348	283 516 89 905
349	912 917 490 254
350	688 465 303 10
351	819 736 142 363
352	484 636 881 655
353	6 420 204 202
354	523 874 573 967
355	297 515 507 606
356	669 620 937 753
357	806 269 860 62
358	63 160 767 461
359	326 50 53 753
360	328 466 464 957
361	486 124 26 977
362	627 768 661 13
363	355 205 209 23
364	121 990 763 810
365	204 727 397 667
366	103 567 653 772
367	741 281 638 682
368	792 973 729 740
369	243 36 531 136
370	535 496 577 822
371	661 240 9 810
372	951 405 78 266
373	961 104 156 752
374	378 679 458 354
375	653 459 861 853
376	843 894 804 618
377	746 580 141 338
378	634 697 885 645
379	91 502 775 230
380	497 532 681 374
381	414 935 493 178
382	411 936 889 47
383	175 648 336 518
384	871 768 821 923
385	737 788 960 71
386	631 190 512 455
387	246 161 597 980
388	879 98 594 861
389	58 931 102 840
390	907 945 449 956
391	486 541 24 464
392	429 611 423 631
393	166 929 915 931
394	835 17 455 614
395	332 248 145 926
396	846 704 263 5
397	881 401 369 4
398	207 475 394 599
399	160 631 369 120
400	316 502 774 223
401	48 343 449 651
402	906 14 120 114
403	62 55 711 199
404	225 794 501 894
405	861 123 544 643
406	465 222 576 841
407	780 463 377 272
408	519 545 567 964
409	731 981 295 355
410	582 393 790 844
411	108 863 448 159
412	473 255 691 359
413	122 179 230 248
414	46 839 661 144
415	340 472 133 895
416	490 746 545 113
417	61 148 805 566
418	878 850 716 430
419	573 514 297 719
420	814 168 745 82
421	249 241 683 639
422	647 745 223 603
423	927 903 267 598
424	279 264 18 558
425	975 967 352 436
426	253 688 345 111
427	12 303 107 533
428	483 209 309 381
429	268 816 436 258
430	644 188 224 294
431	191 307 855 179
432	9 570 889 371
433	988 31 292 727
434	257 463 173 477
435	709 443 546 569
436	183 729 168 780
437	950 736 453 156
438	95 370 418 102
439	128 260 797 209
440	1000 682 800 102
441	776 4 27 144
442	648 727 429 106
443	455 594 414 947
444	212 268 587 756
445	888 293 247 336
446	179 840 746 487
447	866 420 257 478
448	193 74 176 618
449	58 480 697 961
450	815 174 254 741
451	401 260 275 815
452	63 81 826 501
453	189 856 99 384
454	821 904 866 857
455	323 77 902 12
456	933 430 249 362
457	433 997 66 611
458	839 64 671 82
459	770 443 394 328
460	120 432 603 265
461	801 92 153 779
462	218 915 728 18
463	429 439 632 474
464	884 842 457 820
465	645 346 360 382
466	620 698 982 880
467	205 19 168 823
468	504 684 829 21
469	591 294 470 239
470	308 175 995 966
471	158 797 519 703
472	715 176 606 680
473	829 130 870 459
474	825 624 458 663
475	156 507 992 154
476	837 522 948 905
477	833 397 756 902
478	954 191 688 565
479	16 571 549 786
480	123 618 493 293
481	907 631 856 900
482	154 767 570 494
483	102 531 492 609
484	144 949 454 812
485	150 815 74 227
486	904 798 640 519
487	620 302 972 964
488	250 224 939 530
489	707 736 693 588
490	612 682 282 268
491	107 467 617 940
492	410 519 75 655
493	423 590 42 119
494	24 672 240 116
495	848 91 763 896
496	995 977 761 566
497	271 440 753 656
498	318 439 887 45
499	202 785 99 980
500	275 338 147 783
501	142 364 26 779
502	289 711 989 268
503	86 970 702 761
504	720 846 158 60
505	889 405 525 882
506	322 638 892 912
507	102 588 773 361
508	370 310 651 56
509	724 657 815 773
510	57 806 351 334
511	41 719 561 716
512	849 351 34 252
513	327 94 475 562
514	944 50 464 891
515	757 829 261 834
516	810 139 433 87
517	290 978 287 829
518	99 480 404 222
519	648 626 908 198
520	867 127 736 470
521	762 964 142 349
522	136 387 917 368
523	232 734 520 677
524	318 590 98 140
525	389 230 563 848
526	913 916 792 283
527	555 683 28 574
528	203 997 730 544
529	937 234 977 571
530	357 705 751 570
531	422 905 752 709
532	501 493 77 187
533	190 955 150 647
534	796 856 482 489
535	688 733 446 636
536	520 45 687 636
537	5 707 412 517
538	475 933 751 571
539	95 621 179 400
540	770 13 377 629
541	620 875 572 919
542	187 882 820 392
543	400 46 575 449
544	890 200 512 971
545	593 172 676 195
546	182 28 620 331
547	771 830 179 577
548	402 664 495 171
549	972 265 986 915
550	791 578 380 373
551	703 845 971 43
552	370 813 784 989
553	571 865 843 71
554	435 264 681 277
555	930 328 291 225
556	248 585 24 365
557	458 634 292 355
558	952 67 129 675
559	80 273 704 454
560	469 745 134 396
561	21 496 624 268
562	407 148 117 915
563	55 634 570 894
564	586 566 417 310
565	225 220 226 55
566	817 431 376 719
567	381 297 337 611
568	6 461 37 637
569	922 344 388 748
570	470 464 268 973
571	6 56 826 195
572	617 322 439 6
573	329 814 947 779
574	755 503 37 206
575	298 57 30 575
576	873 620 541 267
577	37 920 935 963
578	688 946 474 589
579	221 443 202 900
580	110 536 793 879
581	163 384 605 813
582	551 550 689 507
583	927 155 240 617
584	182 677 414 744
585	508 693 493 477
586	331 83 974 27
587	260 137 639 131
588	682 142 416 957
589	841 29 403 766
590	869 320 932 832
591	905 387 551 655
592	315 984 219 121
593	657 387 464 62
594	913 548 356 428
595	169 609 686 161
596	233 363 960 213
597	44 740 648 83
598	484 980 548 695
599	636 411 110 529
600	358 895 817 156
601	498 337 402 770
602	245 757 48 102
603	184 291 183 298
604	21 17 937 563
605	820 486 282 798
606	785 425 962 148
607	96 868 172 629
608	442 378 792 330
609	449 422 733 470
610	9 64 372 847
611	265 97 302 374
612	879 556 52 27
613	840 107 413 989
614	45 473 506 317
615	719 429 265 368
616	469 627 304 274
617	761 53 708 366
618	354 73 646 810
619	962 137 458 332
620	82 375 201 548
621	613 530 324 473
622	963 433 978 713
623	867 296 468 7
624	736 182 869 107
625	143 737 104 982
626	4 589 828 380
627	110 120 577 409
628	355 870 656 975
629	157 801 477 212
630	973 554 9 827
631	380 641 298 321
632	955 51 562 183
633	101 698 153 121
634	397 691 222 619
635	860 952 228 414
636	524 746 915 701
637	626 430 2 952
638	826 851 726 521
639	710 480 714 616
640	167 334 147 753
641	484 77 214 298
642	332 439 729 721
643	543 20 123 610
644	316 85 732 465
645	398 555 176 572
646	938 817 215 691
647	137 496 729 596
648	45 852 632 27
649	734 185 682 147
650	646 707 150 14
651	861 675 474 688
652	801 664 827 814
653	118 421 388 669
654	9 503 291 723
655	565 305 146 577
656	100 286 755 160
657	343 330 641 294
658	398 647 39 995
659	914 402 719 342
660	980 26 765 723
661	192 678 96 855
662	413 488 59 234
663	403 654 895 540
664	277 307 884 635
665	22 711 744 211
666	89 278 607 897
667	555 175 104 939
668	12 812 514 876
669	249 992 267 283
670	855 217 787 594
671	22 66 490 547
672	445 221 858 564
673	69 875 842 535
674	384 708 180 298
675	587 519 640 790
676	595 837 182 106
677	52 476 810 892
678	798 227 570 735
679	306 430 99 991
680	282 617 237 396
681	454 239 843 367
682	868 483 702 253
683	276 748 910 513
684	984 427 419 502
685	371 432 498 880
686	163 750 302 751
687	768 26 726 201
688	60 511 498 540
689	98 186 319 40
690	310 567 793 478
691	710 905 247 3
692	155 507 11 665
693	304 915 869 889
694	791 186 442 771
695	766 496 5 894
696	812 503 635 387
697	876 218 340 856
698	957 446 857 51
699	487 887 775 489
700	617 946 134 632
701	571 611 632 429
702	184 972 87 629
703	287 250 113 969
704	408 431 701 258
705	809 683 55 304
706	342 868 739 164
707	225 262 812 197
708	364 648 793 959
709	248 532 40 6
710	9 311 846 811
711	822 823 284 159
712	15 34 770 748
713	977 565 506 243
714	106 703 436 401
715	422 283 135 105
716	475 907 938 462
717	469 27 774 489
718	870 296 4 194
719	816 665 456 19
720	457 118 821 985
721	630 839 185 561
722	353 443 354 52
723	130 587 608 299
724	855 511 744 119
725	581 607 796 186
726	860 900 503 63
727	206 877 507 772
728	966 721 56 305
729	14 894 823 809
730	15 819 623 966
731	972 88 681 428
732	625 97 583 634
733	257 93 701 156
734	369 358 211 918
735	537 389 629 495
736	833 788 137 829
737	394 525 924 301
738	735 58 955 435
739	991 562 239 748
740	652 267 161 159
741	65 573 54 233
742	669 411 998 565
743	165 71 293 157
744	445 848 852 453
745	797 988 534 194
746	777 259 558 616
747	822 422 325 278
748	728 952 332 677
749	996 680 218 275
750	771 948 110 994
751	33 298 345 2
752	226 193 707 749
753	947 620 746 36
754	452 404 596 986
755	708 185 221 540
756	889 531 91 544
757	446 683 166 143
758	45 513 347 535
759	541 451 704 782
760	964 63 938 275
761	922 532 448 288
762	560 500 708 335
763	839 131 398 403
764	382 207 241 693
765	160 901 783 889
766	110 193 538 809
767	986 852 177 338
768	41 336 461 798
769	4 860 808 319
770	356 341 69 790
771	526 653 819 774
772	133 236 999 625
773	923 158 681 504
774	393 818 959 95
775	654 889 24 49
776	215 233 921 248
777	89 991 372 537
778	407 506 379 709
779	799 118 896 709
780	795 699 297 429
781	157 363 943 606
782	982 207 664 128
783	160 824 485 305
784	431 554 629 252
785	940 627 8 743
786	391 164 626 295
787	501 128 963 806
788	145 116 574 71
789	182 219 214 345
790	316 992 443 79
791	94 981 276 762
792	438 777 235 634
793	325 504 511 80
794	848 224 684 827
795	4 290 874 200
796	995 210 805 731
797	427 552 241 164
798	652 401 742 441
799	306 640 838 812
800	118 962 245 714
801	867 8 784 165
802	482 169 501 988
803	977 405 307 238
804	156 482 960 497
805	661 438 784 767
806	425 87 302 67
807	417 244 310 485
808	490 945 629 914
809	490 799 195 185
810	557 105 522 433
811	826 269 398 803
812	836 435 670 542
813	802 933 649 123
814	916 912 326 606
815	918 396 697 538
816	919 333 999 348
817	567 222 917 485
818	940 628 428 458
819	685 654 267 797
820	793 974 48 774
821	541 797 443 246
822	797 524 908 23
823	191 465 885 946
824	338 929 208 134
825	144 960 227 162
826	263 746 408 999
827	610 167 646 263
828	739 474 175 423
829	282 697 548 248
830	46 241 273 704
831	990 307 998 284
832	958 82 845 906
833	727 428 283 193
834	732 346 464 457
835	460 459 97 649
836	499 34 745 103
837	899 408 827 151
838	754 739 282 633
839	853 601 609 499
840	998 458 151 32
841	134 395 872 569
842	48 722 258 868
843	970 309 335 719
844	423 400 369 818
845	811 499 540 982
846	301 31 733 167
847	956 296 297 585
848	913 743 840 42
849	911 356 632 961
850	963 641 987 892
851	511 63 146 610
852	556 66 38 432
853	870 4 992 623
854	414 257 943 876
855	911 675 48 647
856	621 770 331 766
857	822 134 244 395
858	969 471 797 142
859	51 943 398 535
860	53 52 254 96
861	570 583 400 943
862	608 767 116 978
863	5 523 10 861
864	239 567 893 668
865	900 227 100 454
866	611 852 231 343
867	797 709 658 619
868	359 851 308 127
869	66 675 484 691
870	497 8 997 850
871	381 922 89 828
872	826 839 195 900
873	563 387 944 495
874	928 422 214 819
875	37 197 900 399
876	635 64 228 848
877	517 135 280 665
878	494 713 311 121
879	658 148 896 823
880	622 368 769 557
881	303 938 981 389
882	529 93 69 821
883	665 213 816 449
884	942 201 888 887
885	238 861 675 647
886	382 889 486 849
887	493 184 546 438
888	294 847 887 635
889	434 339 962 276
890	789 374 73 179
891	907 289 217 662
892	673 158 768 427
893	175 906 166 605
894	267 107 162 279
895	588 353 793 122
896	691 627 338 205
897	408 479 741 846
898	683 255 43 788
899	731 806 43 673
900	750 876 884 918
901	191 588 341 669
902	412 590 984 685
903	630 553 25 111
904	597 906 627 286
905	206 208 807 631
906	744 128 464 426
907	450 981 456 925
908	61 673 373 744
909	673 73 581 379
910	445 605 181 788
911	687 616 600 257
912	986 833 75 932
913	280 618 284 825
914	647 267 646 409
915	19 212 548 882
916	665 745 235 347
917	951 960 488 692
918	451 655 435 266
919	528 272 30 248
920	291 37 335 18
921	578 544 907 121
922	932 363 417 571
923	518 291 128 884
924	237 355 748 312
925	38 350 535 269
926	438 970 522 835
927	395 230 517 725
928	165 90 814 243
929	119 823 470 60
930	345 596 856 76
931	336 981 125 150
932	280 191 26 897
933	180 898 435 527
934	687 800 254 420
935	719 874 329 793
936	252 387 509 827
937	651 778 247 413
938	312 771 555 572
939	536 450 72 420
940	581 396 249 539
941	730 360 737 962
942	476 14 196 907
943	265 69 529 425
944	464 959 747 431
945	860 443 882 72
946	44 1 919 162
947	917 76 200 749
948	425 781 50 799
949	836 126 140 239
950	689 485 671 971
951	233 582 556 264
952	258 706 346 769
953	657 29 259 964
954	772 434 3 723
955	264 108 625 938
956	65 712 563 274
957	440 241 40 554
958	795 548 495 787
959	616 141 313 417
960	560 674 436 25
961	128 839 485 601
962	543 379 40 297
963	700 130 115 939
964	171 628 965 98
965	414 782 765 715
966	725 322 63 538
967	955 81 30 834
968	71 125 443 935
969	152 969 954 506
970	453 543 288 801
971	795 50 959 150
972	489 656 599 120
973	515 153 792 62
974	55 969 41 458
975	228 360 303 808
976	921 505 951 828
977	514 668 583 950
978	835 359 339 455
979	384 749 66 693
980	267 663 409 520
981	65 586 786 264
982	161 97 735 741
983	780 112 838 331
984	859 827 723 161
985	43 383 471 628
986	831 26 394 848
987	625 203 962 940
988	960 952 873 284
989	204 591 572 59
990	915 872 138 104
991	660 937 422 891
992	573 14 775 524
993	142 217 117 849
994	550 98 463 191
995	319 168 264 872
996	641 962 909 455
997	657 907 852 881
998	379 236 749 31
999	220 61 596 269
1000	970 16 737 821
1001	185 131 947 39
1002	599 23 162 215
1003	259 459 474 576
1004	447 778 26 537
1005	187 879 689 612
1006	814 907 983 453
1007	830 848 213 403
1008	834 424 16 642
1009	622 369 874 174
1010	730 351 763 936
1011	820 933 489 188
1012	795 932 712 29
1013	555 752 220 474
1014	668 661 377 207
1015	152 395 919 302
1016	959 104 946 457
1017	361 840 548 199
1018	738 101 578 109
1019	887 408 891 646
1020	51 104 374 822
1021	7 832 774 708
1022	434 76 952 848
1023	29 386 499 750
1024	713 986 703 152
1025	324 459 659 13
1026	315 491 770 742
1027	761 827 167 38
1028	710 803 480 521
1029	377 134 340 867
1030	611 149 475 91
1031	282 792 144 472
1032	9 408 80 180
1033	876 573 238 113
1034	159 741 491 799
1035	666 659 305 162
1036	214 63 216 805
1037	137 829 253 503
1038	239 166 842 278
1039	364 725 271 755
1040	13 228 584 3
1041	338 906 392 444
1042	125 178 285 404
1043	216 441 161 716
1044	593 120 485 465
1045	84 382 267 376
1046	416 589 941 535
1047	128 336 484 794
1048	224 933 516 423
1049	527 711 88 741
1050	474 525 644 869
1051	767 941 975 294
1052	429 811 700 288
1053	549 147 92 755
1054	511 459 480 665
1055	918 241 402 960
1056	459 948 615 639
1057	764 435 556 424
1058	172 33 241 79
1059	379 479 633 557
1060	989 425 409 923
1061	332 733 798 530
1062	660 877 762 656
1063	515 348 493 498
1064	248 648 770 551
1065	857 406 834 536
1066	717 941 369 739
1067	867 879 197 76
1068	11 505 219 241
1069	856 639 605 611
1070	51 63 904 301
1071	424 572 407 151
1072	145 589 303 796
1073	558 40 924 244
1074	996 763 61 997
1075	456 573 175 363
1076	657 122 554 677
1077	49 655 555 140
1078	490 506 989 428
1079	18 947 324 207
1080	437 432 308 29
1081	991 71 94 377
1082	686 916 404 911
1083	527 349 54 558
1084	119 91 714 66
1085	447 540 552 998
1086	752 688 664 249
1087	18 638 790 468
1088	779 89 566 933
1089	549 291 799 530
1090	689 173 546 297
1091	968 243 583 316
1092	390 650 760 465
1093	16 462 293 113
1094	222 893 683 319
1095	828 332 572 658
1096	229 559 523 475
1097	776 322 734 204
1098	94 451 895 429
1099	615 72 313 344
1100	693 101 713 462
1101	201 714 571 69
1102	313 598 884 610
1103	221 545 5 741
1104	191 990 832 899
1105	703 895 514 505
1106	185 429 7 107
1107	298 117 885 139
1108	73 897 565 476
1109	695 192 457 519
1110	181 949 113 194
1111	860 305 353 678
1112	778 430 965 957
1113	175 159 485 895
1114	977 505 663 589
1115	977 450 580 379
1116	645 696 617 541
1117	434 151 862 892
1118	210 812 589 47
1119	181 740 666 99
1120	77 796 391 872
1121	639 503 165 488
1122	788 572 646 881
1123	484 397 613 507
1124	3 869 622 85
1125	309 725 981 911
1126	798 911 204 456
1127	114 55 647 407
1128	825 551 818 550
1129	909 401 811 399
1130	352 139 704 897
1131	358 660 692 983
1132	294 961 249 190
1133	106 716 112 398
1134	916 551 274 552
1135	153 410 14 810
1136	2 577 3 524
1137	401 775 615 650
1138	956 278 197 976
1139	275 570 324 709
1140	445 614 366 844
1141	168 158 352 892
1142	956 413 226 443
1143	283 183 881 771
1144	825 769 627 136
1145	345 374 30 113
1146	125 901 954 271
1147	581 994 375 140
1148	57 446 635 683
1149	276 143 680 565
1150	369 941 726 471
1151	237 138 625 388
1152	656 825 741 457
1153	468 683 728 20
1154	331 874 802 490
1155	422 380 384 557
1156	452 386 927 718
1157	255 425 910 932
1158	580 809 750 74
1159	618 979 770 204
1160	323 751 272 453
1161	643 839 680 511
1162	247 462 297 509
1163	964 451 135 31
1164	387 964 50 552
1165	805 284 28 870
1166	695 963 96 769
1167	360 806 372 935
1168	347 564 102 874
1169	23 75 869 740
1170	25 600 148 343
1171	227 41 980 549
1172	924 65 296 582
1173	48 171 406 434
1174	488 755 838 743
1175	36 956 400 627
1176	581 714 203 400
1177	140 181 135 29
1178	121 506 822 987
1179	996 576 413 825
1180	962 631 305 695
1181	307 607 397 973
1182	176 651 219 556
1183	517 748 637 742
1184	758 702 355 509
1185	474 484 642 570
1186	147 118 852 610
1187	345 701 405 280
1188	925 828 739 950
1189	600 871 806 51
1190	480 27 490 465
1191	478 621 566 664
1192	452 410 913 590
1193	1 846 478 189
1194	261 867 330 624
1195	256 550 984 707
1196	120 163 286 744
1197	360 940 743 664
1198	469 544 185 853
1199	250 155 775 138
1200	945 639 148 800
1201	212 186 886 642
1202	592 280 93 105
1203	828 161 576 100
1204	242 65 464 974
1205	874 207 350 259
1206	688 603 341 275
1207	523 509 360 124
1208	508 354 662 147
1209	102 19 617 983
1210	198 916 99 87
1211	592 535 601 172
1212	553 418 750 677
1213	954 471 915 55
1214	77 387 161 615
1215	389 726 826 589
1216	589 128 354 321
1217	635 511 919 464
1218	65 137 497 212
1219	423 840 813 33
1220	205 551 532 674
1221	316 686 854 166
1222	166 982 609 865
1223	246 458 6 717
1224	415 308 464 761
1225	178 562 652 501
1226	636 201 887 250
1227	540 260 904 558
1228	241 190 359 683
1229	198 992 85 20
1230	67 79 463 2
1231	33 570 471 46
1232	498 374 178 455
1233	412 400 29 177
1234	372 203 271 972
1235	121 989 858 927
1236	742 862 27 436
1237	685 510 267 586
1238	738 762 290 490
1239	330 142 951 33
1240	559 12 304 989
1241	211 200 494 811
1242	861 331 194 901
1243	996 865 559 833
1244	642 257 970 276
1245	272 402 431 892
1246	42 874 877 895
1247	788 366 253 543
1248	355 394 510 322
1249	999 220 217 60
1250	945 967 582 411
1251	955 158 154 876
1252	701 47 468 746
1253	136 707 478 353
1254	90 467 600 106
1255	425 841 196 763
1256	921 163 626 808
1257	72 955 733 89
1258	398 116 767 701
1259	141 992 666 628
1260	133 666 179 662
1261	636 445 65 398
1262	360 832 229 675
1263	252 757 32 46
1264	721 625 524 954
1265	405 817 192 281
1266	628 659 201 125
1267	47 915 367 873
1268	407 543 477 179
1269	543 492 368 891
1270	117 618 681 769
1271	759 477 888 173
1272	206 649 50 415
1273	414 827 757 1000
1274	919 955 365 391
1275	612 121 402 527
1276	693 288 111 347
1277	477 717 217 860
1278	602 519 209 234
1279	747 12 699 552
1280	287 777 534 726
1281	211 830 614 907
1282	709 257 374 116
1283	907 805 163 726
1284	480 348 687 643
1285	84 898 120 27
1286	518 62 537 277
1287	1000 890 153 829
1288	216 32 358 278
1289	813 732 121 326
1290	398 473 762 251
1291	928 168 925 601
1292	847 603 455 8
1293	419 904 661 631
1294	294 957 436 253
1295	312 923 138 439
1296	374 943 96 27
1297	835 250 584 157
1298	199 754 968 869
1299	980 571 229 217
1300	896 437 918 861
1301	66 643 773 63
1302	639 545 238 71
1303	361 364 188 569
1304	476 273 717 441
1305	157 688 160 847
1306	518 410 9 809
1307	160 322 522 197
1308	849 749 758 604
1309	473 286 401 790
1310	876 821 790 716
1311	929 962 440 60
1312	681 953 357 191
1313	50 228 391 904
1314	370 668 846 692
1315	441 619 550 514
1316	300 434 580 118
1317	8 254 28 91
1318	567 539 360 376
1319	968 409 592 726
1320	112 722 157 73
1321	293 244 865 470
1322	333 755 941 795
1323	853 133 6 968
1324	127 813 965 741
1325	244 480 597 84
1326	919 897 972 688
1327	16 683 361 599
1328	291 980 664 674
1329	747 135 506 435
1330	533 810 505 292
1331	251 734 931 831
1332	571 526 348 243
1333	964 438 300 561
1334	478 314 687 598
1335	462 787 955 605
1336	977 342 302 272
1337	914 171 994 611
1338	169 137 937 354
1339	202 860 369 167
1340	966 377 208 283
1341	385 439 749 121
1342	602 775 332 330
1343	156 376 36 162
1344	920 400 410 478
1345	956 872 818 452
1346	70 287 957 615
1347	446 42 775 339
1348	636 639 73 855
1349	109 705 29 99
1350	229 267 155 970
1351	868 789 699 203
1352	24 195 342 113
1353	702 392 446 823
1354	786 464 927 500
1355	473 55 679 177
1356	449 312 846 224
1357	298 699 126 810
1358	422 800 940 168
1359	90 967 942 129
1360	416 893 140 828
1361	111 432 137 327
1362	719 775 867 921
1363	688 232 103 331
1364	531 849 944 848
1365	564 240 235 573
1366	203 496 46 446
1367	698 769 157 184
1368	934 171 265 955
1369	721 168 874 675
1370	783 806 656 827
1371	677 407 231 299
1372	644 821 755 793
1373	92 874 447 57
1374	172 276 903 621
1375	945 178 107 756
1376	513 805 903 102
1377	565 703 929 611
1378	104 26 933 125
1379	67 17 833 628
1380	717 57 909 130
1381	475 25 319 410
1382	407 621 437 847
1383	315 914 919 104
1384	993 972 332 987
1385	57 532 556 886
1386	254 535 185 464
1387	490 833 945 790
1388	45 731 869 825
1389	784 406 812 704
1390	156 914 943 764
1391	721 924 576 16
1392	829 752 855 4
1393	358 535 314 783
1394	517 631 522 375
1395	141 852 300 242
1396	642 906 336 615
1397	345 210 123 166
1398	810 868 897 261
1399	545 281 412 883
1400	216 341 806 34
1401	709 977 514 698
1402	698 716 654 286
1403	430 818 17 147
1404	258 41 969 373
1405	755 560 881 724
1406	661 532 212 353
1407	32 969 116 706
1408	120 474 111 992
1409	235 45 306 260
1410	954 34 551 887
1411	241 900 35 288
1412	554 949 929 461
1413	609 738 234 342
1414	946 384 430 678
1415	531 68 737 527
1416	724 544 929 609
1417	731 385 881 514
1418	175 739 294 370
1419	277 6 816 643
1420	939 714 725 571
1421	455 673 307 662
1422	675 4 365 94
1423	83 829 188 788
1424	779 945 847 957
1425	910 178 311 648
1426	390 794 625 27
1427	15 247 785 145
1428	567 69 894 557
1429	468 211 542 449
1430	750 822 674 898
1431	852 147 763 107
1432	370 102 149 211
1433	628 216 516 771
1434	713 209 679 706
1435	746 41 36 115
1436	988 721 982 750
1437	352 647 417 327
1438	858 463 884 162
1439	911 926 150 993
1440	588 729 652 147
1441	584 516 862 248
1442	321 100 416 644
1443	226 366 789 867
1444	971 147 353 267
1445	962 22 42 330
1446	661 158 347 668
1447	874 840 455 977
1448	615 773 600 880
1449	989 939 880 75
1450	967 87 239 149
1451	411 656 95 997
1452	978 334 304 803
1453	144 701 138 736
1454	762 749 647 973
1455	870 990 723 669
1456	718 585 134 343
1457	710 339 622 814
1458	535 528 302 654
1459	801 838 305 841
1460	799 983 9 415
1461	306 715 891 723
1462	961 771 941 78
1463	369 949 467 249
1464	653 782 825 997
1465	386 721 145 577
1466	122 72 17 632
1467	877 19 783 611
1468	853 671 763 795
1469	206 367 184 305
1470	298 112 749 208
1471	361 713 701 876
1472	981 324 769 289
1473	14 932 619 554
1474	155 59 246 873
1475	130 313 380 705
1476	639 463 61 527
1477	464 618 715 83
1478	373 766 673 213
1479	370 33 976 521
1480	788 302 757 338
1481	513 358 568 604
1482	54 242 682 625
1483	203 316 161 698
1484	860 490 977 834
1485	298 733 483 290
1486	461 157 574 76
1487	826 653 917 738
1488	328 917 4 367
1489	756 149 743 385
1490	914 343 932 99
1491	611 726 879 503
1492	695 978 370 317
1493	980 707 164 643
1494	903 551 675 40
1495	283 936 770 844
1496	60 188 947 372
1497	576 460 111 542
1498	737 942 780 837
1499	576 600 713 208
1500	740 234 403 178
1501	517 947 858 485
1502	293 49 117 841
1503	977 386 449 41
1504	607 848 611 524
1505	249 215 489 442
1506	689 203 149 445
1507	448 767 754 96
1508	104 94 874 431
1509	56 735 717 739
1510	937 661 447 560
1511	246 566 585 951
1512	121 957 39 817
1513	939 887 300 961
1514	898 920 251 182
1515	231 876 744 333
1516	168 322 874 605
1517	505 956 957 157
1518	108 962 554 588
1519	282 910 86 82
1520	556 723 289 448
1521	628 795 951 826
1522	284 408 426 923
1523	702 593 573 830
1524	500 470 251 432
1525	884 596 738 371
1526	583 833 546 199
1527	742 926 692 725
1528	358 20 499 438
1529	10 432 354 998
1530	927 716 181 978
1531	628 443 28 795
1532	437 695 394 25
1533	896 509 436 244
1534	961 778 64 247
1535	703 299 40 766
1536	58 127 515 995
1537	862 296 62 615
1538	464 680 911 276
1539	585 794 294 440
1540	822 28 837 41
1541	220 955 782 23
1542	271 332 540 459
1543	459 386 731 931
1544	276 161 592 103
1545	386 758 545 985
1546	32 299 816 413
1547	871 488 712 382
1548	401 609 172 342
1549	27 405 389 794
1550	365 39 899 862
1551	678 605 904 956
1552	641 728 650 867
1553	24 431 88 119
1554	233 956 510 63
1555	13 612 287 212
1556	384 371 788 627
1557	220 116 150 732
1558	592 525 198 806
1559	396 218 805 181
1560	116 272 611 80
1561	245 579 821 331
1562	647 955 819 249
1563	382 922 458 735
1564	662 682 915 572
1565	891 982 25 660
1566	263 144 709 111
1567	361 11 869 71
1568	231 636 288 539
1569	806 26 376 378
1570	369 905 270 988
1571	396 401 609 398
1572	185 451 497 944
1573	511 144 695 401
1574	396 709 940 822
1575	229 368 807 162
1576	736 331 352 592
1577	986 98 673 652
1578	89 425 776 781
1579	826 474 849 382
1580	6 182 369 208
1581	335 875 605 439
1582	247 804 107 78
1583	102 237 184 935
1584	150 8 858 432
1585	288 79 340 925
1586	205 687 7 488
1587	694 351 531 875
1588	473 491 260 123
1589	529 237 878 372
1590	134 181 532 597
1591	918 492 17 110
1592	735 638 843 617
1593	121 689 252 146
1594	467 291 958 44
1595	280 32 36 24
1596	95 577 107 828
1597	523 3 617 670
1598	29 737 497 271
1599	186 191 865 875
1600	369 903 483 344
1601	950 75 709 785
1602	664 967 200 561
1603	711 444 308 55
1604	558 152 188 910
1605	88 350 74 237
1606	456 570 32 377
1607	569 226 931 532
1608	831 291 324 942
1609	417 834 737 230
1610	836 616 332 273
1611	660 231 638 75
1612	405 326 571 966
1613	633 824 211 269
1614	157 623 142 897
1615	817 871 661 72
1616	6 393 75 125
1617	943 539 18 735
1618	536 177 116 855
1619	640 680 209 47
1620	877 950 375 153
1621	221 67 126 912
1622	54 406 986 457
1623	543 721 352 180
1624	485 921 469 462
1625	288 304 955 416
1626	607 830 812 390
1627	298 890 443 411
1628	921 359 223 815
1629	826 875 228 989
1630	301 484 375 353
1631	524 263 156 84
1632	916 690 603 849
1633	354 803 15 30
1634	196 995 867 534
1635	786 69 305 931
1636	311 546 246 719
1637	153 950 757 948
1638	876 327 818 416
1639	727 275 775 674
1640	867 733 435 598
1641	248 439 203 871
1642	776 54 329 139
1643	42 570 32 186
1644	768 630 395 278
1645	371 553 913 219
1646	717 116 794 42
1647	770 58 521 880
1648	132 764 220 293
1649	343 29 481 283
1650	693 167 16 678
1651	401 108 723 580
1652	546 615 107 761
1653	602 109 876 261
1654	815 70 596 72
1655	733 981 527 439
1656	750 775 739 625
1657	592 642 965 566
1658	820 692 938 682
1659	13 716 311 818
1660	585 268 325 227
1661	911 458 810 137
1662	610 536 512 620
1663	396 104 393 526
1664	806 175 52 384
1665	401 464 529 747
1666	549 958 245 944
1667	1 831 826 3
1668	611 957 945 392
1669	559 170 797 536
1670	493 3 168 46
1671	111 127 689 332
1672	970 121 402 637
1673	963 601 312 275
1674	768 129 709 465
1675	284 497 360 179
1676	121 124 894 742
1677	591 809 783 75
1678	574 328 243 659
1679	433 370 426 29
1680	818 661 593 413
1681	221 431 252 551
1682	535 427 796 539
1683	142 748 188 333
1684	176 732 931 426
1685	300 5 828 672
1686	376 578 23 818
1687	759 183 953 428
1688	225 122 340 418
1689	959 8 149 778
1690	933 215 835 482
1691	52 668 548 345
1692	510 212 675 413
1693	70 814 121 513
1694	987 316 918 467
1695	276 750 858 327
1696	235 90 263 521
1697	23 776 657 630
1698	450 792 513 262
1699	621 581 407 467
1700	397 345 418 99
1701	893 294 94 146
1702	524 203 777 64
1703	482 639 740 539
1704	497 821 715 663
1705	801 517 407 621
1706	994 132 270 628
1707	163 936 393 239
1708	936 734 100 500
1709	964 517 843 765
1710	575 143 917 834
1711	436 902 379 152
1712	272 307 466 31
1713	864 40 620 659
1714	294 287 476 206
1715	126 529 684 934
1716	703 901 30 282
1717	88 878 834 404
1718	240 922 239 491
1719	693 813 452 986
1720	132 361 923 767
1721	539 509 443 893
1722	917 215 249 87
1723	379 967 954 948
1724	699 82 925 708
1725	231 546 68 180
1726	743 953 591 337
1727	757 74 714 620
1728	935 546 514 744
1729	112 829 600 174
1730	456 561 557 1
1731	764 129 411 164
1732	928 332 657 535
1733	638 221 853 615
1734	448 421 734 420
1735	548 667 401 673
1736	139 863 21 934
1737	41 423 743 575
1738	295 915 316 164
1739	711 407 997 461
1740	775 380 525 627
1741	505 374 751 935
1742	3 777 196 204
1743	786 613 848 671
1744	856 909 420 401
1745	712 55 629 586
1746	741 667 630 882
1747	22 111 44 367
1748	216 302 457 450
1749	762 618 300 82
1750	79 530 232 810
1751	144 807 962 150
1752	9 756 423 255
1753	170 639 513 13
1754	959 683 410 340
1755	529 882 84 419
1756	892 546 976 288
1757	737 218 484 249
1758	681 457 302 311
1759	779 982 210 59
1760	819 523 242 902
1761	290 119 555 601
1762	235 770 564 785
1763	153 916 181 75
1764	55 689 369 607
1765	836 926 488 435
1766	772 411 645 503
1767	817 256 949 873
1768	903 76 950 398
1769	929 65 86 484
1770	889 971 585 270
1771	557 647 139 231
1772	691 387 190 638
1773	156 6 602 525
1774	257 974 600 209
1775	737 142 708 136
1776	783 553 993 968
1777	551 626 618 712
1778	511 976 764 995
1779	443 159 561 852
1780	605 645 367 938
1781	17 978 406 558
1782	490 708 305 381
1783	8 929 196 893
1784	960 819 812 328
1785	59 952 962 855
1786	233 547 311 611
1787	347 557 756 771
1788	111 205 600 359
1789	406 563 208 45
1790	354 878 542 812
1791	38 59 677 409
1792	935 111 250 326
1793	865 75 810 664
1794	133 983 566 495
1795	867 468 484 454
1796	715 626 833 712
1797	709 432 898 187
1798	575 617 654 172
1799	87 702 725 49
1800	640 252 179 251
1801	864 105 472 933
1802	118 969 119 334
1803	892 916 425 451
1804	154 868 444 239
1805	202 437 469 62
1806	729 690 910 993
1807	162 676 946 354
1808	280 396 861 969
1809	122 774 325 228
1810	523 540 209 521
1811	651 234 853 39
1812	962 313 9 357
1813	288 204 902 519
1814	838 959 517 798
1815	134 113 885 203
1816	78 238 939 884
1817	41 581 14 569
1818	852 977 713 999
1819	735 515 932 888
1820	663 770 351 295
1821	958 415 954 674
1822	577 46 679 156
1823	849 805 447 562
1824	149 864 693 5
1825	237 959 393 818
1826	765 503 187 655
1827	732 577 791 469
1828	630 344 769 293
1829	484 661 109 176
1830	409 588 883 923
1831	304 582 671 613
1832	531 76 956 752
1833	357 291 507 57
1834	562 837 883 580
1835	11 669 897 303
1836	592 36 603 728
1837	549 239 564 847
1838	529 667 681 408
1839	345 895 235 436
1840	332 685 427 735
1841	812 778 77 745
1842	693 243 294 773
1843	877 195 332 947
1844	387 407 971 92
1845	19 296 337 342
1846	544 957 866 345
1847	898 243 988 99
1848	404 930 441 255
1849	469 779 624 348
1850	658 102 133 235
1851	8 429 271 539
1852	385 958 492 599
1853	914 48 127 25
1854	694 571 475 914
1855	261 59 225 290
1856	642 456 775 630
1857	34 536 195 100
1858	669 663 478 524
1859	711 209 184 121
1860	790 314 306 863
1861	324 615 24 249
1862	69 334 198 451
1863	451 842 937 950
1864	409 328 995 862
1865	623 747 179 414
1866	559 464 579 263
1867	499 121 256 223
1868	319 712 867 170
1869	760 972 563 527
1870	344 986 703 384
1871	127 21 533 435
1872	594 606 831 129
1873	26 512 725 440
1874	454 940 823 114
1875	478 675 535 222
1876	759 278 26 821
1877	459 505 629 96
1878	504 807 367 862
1879	574 63 532 699
1880	796 972 91 614
1881	161 136 260 265
1882	690 689 356 698
1883	56 965 296 969
1884	905 624 902 65
1885	114 689 710 375
1886	83 169 921 597
1887	257 312 730 987
1888	141 895 610 158
1889	224 295 600 255
1890	488 937 871 980
1891	462 321 133 184
1892	377 225 33 112
1893	561 375 993 825
1894	403 514 498 416
1895	437 77 340 558
1896	221 868 731 258
1897	24 75 157 48
1898	883 654 54 607
1899	589 443 271 124
1900	815 115 315 722
1901	895 191 814 690
1902	314 256 602 9
1903	355 446 604 924
1904	670 170 826 886
1905	14 361 755 683
1906	408 867 184 706
1907	648 533 607 15
1908	950 368 227 889
1909	537 554 950 148
1910	943 113 477 400
1911	488 348 374 104
1912	862 705 349 641
1913	513 99 528 382
1914	28 633 406 635
1915	139 908 960 763
1916	63 892 837 92
1917	736 803 261 346
1918	944 358 389 608
1919	363 348 176 403
1920	244 370 924 742
1921	615 913 428 473
1922	830 199 153 194
1923	640 601 57 421
1924	310 17 99 639
1925	14 935 184 831
1926	755 504 325 31
1927	441 683 233 210
1928	792 486 973 341
1929	298 598 825 954
1930	969 832 231 795
1931	912 455 736 940
1932	437 389 931 590
1933	55 461 564 880
1934	353 910 591 21
1935	567 32 971 312
1936	99 780 367 678
1937	213 959 705 207
1938	366 824 66 82
1939	822 201 873 678
1940	370 655 578 756
1941	532 873 343 217
1942	18 809 829 185
1943	491 531 494 232
1944	593 407 630 559
1945	677 530 968 355
1946	656 178 614 515
1947	576 29 529 183
1948	180 462 765 293
1949	376 225 595 636
1950	600 271 938 871
1951	948 523 531 84
1952	381 538 162 677
1953	346 646 320 761
1954	902 463 422 411
1955	778 140 822 751
1956	933 247 125 365
1957	991 326 400 5
1958	788 587 413 382
1959	805 540 355 445
1960	225 986 5 254
1961	85 380 266 174
1962	544 351 355 933
1963	796 793 24 240
1964	917 331 428 396
1965	902 51 77 176
1966	888 574 582 382
1967	784 39 181 754
1968	144 390 646 521
1969	533 846 701 20
1970	122 327 488 548
1971	952 340 372 670
1972	744 814 76 401
1973	351 256 258 281
1974	594 316 266 16
1975	238 355 526 723
1976	146 445 346 532
1977	850 363 592 336
1978	240 74 648 436
1979	25 742 117 78
1980	840 771 402 903
1981	333 816 312 929
1982	276 820 344 237
1983	505 415 50 272
1984	590 689 516 803
1985	165 984 270 849
1986	285 34 122 353
1987	569 82 274 152
1988	799 247 238 930
1989	572 271 616 793
1990	265 110 720 836
1991	318 671 369 479
1992	677 337 621 287
1993	206 887 803 697
1994	407 647 25 459
1995	548 564 620 129
1996	136 554 281 588
1997	941 584 171 95
1998	641 231 219 683
1999	793 781 333 58
2000	566 660 116 184
2001	633 127 987 303
2002	244 764 828 595
2003	793 494 390 468
2004	898 373 735 728
2005	816 519 75 483
2006	28 697 872 677
2007	470 532 291 845
2008	624 430 928 80
2009	549 257 414 881
2010	909 734 544 526
2011	766 760 214 787
2012	670 144 741 185
2013	887 126 328 801
2014	889 847 127 891
2015	935 488 810 815
2016	302 896 962 914
2017	715 310 153 98
2018	724 672 76 628
2019	148 289 769 572
2020	451 276 98 104
2021	890 839 503 261
2022	833 640 462 443
2023	495 889 386 109
2024	142 832 150 287
2025	946 638 521 372
2026	213 398 224 546
2027	740 3 653 157
2028	913 637 758 846
2029	798 694 746 500
2030	415 372 911 557
2031	427 282 612 588
2032	409 117 530 590
2033	207 125 455 323
2034	846 552 858 301
2035	180 754 984 469
2036	536 863 617 976
2037	943 152 641 38
2038	949 814 999 339
2039	295 395 327 400
2040	857 377 863 478
2041	895 257 976 856
2042	38 388 739 355
2043	980 754 220 49
2044	125 954 82 835
2045	583 41 409 628
2046	820 280 590 762
2047	826 739 237 72
2048	120 173 285 166
2049	811 553 262 406
2050	901 742 511 135
2051	373 990 704 836
2052	202 681 930 194
2053	412 108 965 1000
2054	799 123 138 349
2055	856 462 504 619
2056	232 246 493 61
2057	332 866 805 810
2058	253 676 350 512
2059	485 128 427 226
2060	782 285 951 485
2061	507 687 314 504
2062	868 154 859 77
2063	850 932 817 174
2064	782 303 967 224
2065	264 42 177 334
2066	374 293 772 737
2067	313 403 524 897
2068	24 983 870 120
2069	220 980 799 139
2070	42 483 304 971
2071	471 560 421 630
2072	186 858 724 167
2073	893 446 886 343
2074	28 240 100 339
2075	33 5 975 904
2076	263 777 65 390
2077	511 447 699 487
2078	700 293 843 921
2079	734 364 635 819
2080	601 632 116 479
2081	726 847 833 113
2082	221 373 96 472
2083	106 442 48 544
2084	915 50 558 447
2085	220 813 669 32
2086	917 37 568 195
2087	216 767 333 688
2088	960 990 153 786
2089	419 170 868 289
2090	233 106 248 222
2091	720 398 951 494
2092	773 482 804 864
2093	784 193 534 378
2094	298 556 93 166
2095	831 141 894 15
2096	636 937 864 544
2097	408 608 939 488
2098	388 933 219 377
2099	37 584 214 710
2100	171 752 280 893
2101	816 921 864 824
2102	633 775 740 683
2103	577 139 127 239
2104	162 200 159 717
2105	605 345 546 87
2106	627 958 146 755
2107	64 289 604 531
2108	546 700 633 585
2109	881 252 70 192
2110	461 840 995 466
2111	405 727 156 39
2112	639 959 944 465
2113	187 580 908 591
2114	614 969 338 493
2115	582 875 988 788
2116	370 435 459 292
2117	9 574 715 165
2118	547 919 529 954
2119	945 527 294 517
2120	267 263 410 567
2121	174 281 666 59
2122	24 240 498 490
2123	370 469 283 196
2124	652 152 791 314
2125	821 740 456 425
2126	535 497 6 35
2127	1 469 587 550
2128	70 51 379 121
2129	745 766 739 339
2130	913 334 501 121
2131	947 629 506 9
2132	662 665 130 243
2133	119 438 79 429
2134	458 768 424 829
2135	591 360 734 718
2136	447 127 441 985
2137	864 680 698 14
2138	170 137 102 722
2139	406 475 518 547
2140	713 400 999 830
2141	192 567 581 767
2142	913 406 571 361
2143	414 174 412 243
2144	969 224 233 55
2145	82 226 735 205
2146	590 770 945 247
2147	690 896 49 134
2148	181 670 579 786
2149	723 465 651 530
2150	667 741 207 305
2151	555 320 622 60
2152	229 621 62 725
2153	183 509 278 617
2154	628 161 522 225
2155	351 996 984 419
2156	812 744 932 29
2157	820 475 44 172
2158	183 844 440 294
2159	937 377 551 511
2160	242 778 342 40
2161	215 460 748 354
2162	330 770 601 542
2163	310 247 430 575
2164	841 189 299 873
2165	648 369 349 391
2166	577 32 812 300
2167	994 802 453 176
2168	898 523 384 45
2169	367 874 967 977
2170	935 985 598 540
2171	86 881 38 877
2172	399 11 983 657
2173	192 113 652 494
2174	492 270 599 568
2175	104 115 53 320
2176	964 259 2 820
2177	215 33 700 318
2178	656 672 419 931
2179	36 986 111 160
2180	735 68 318 316
2181	612 481 594 784
2182	410 992 805 635
2183	237 52 969 484
2184	134 719 456 710
2185	839 438 849 552
2186	139 382 246 21
2187	59 844 966 652
2188	728 279 212 390
2189	731 21 323 444
2190	884 828 377 897
2191	364 192 654 693
2192	636 746 233 246
2193	286 127 792 18
2194	90 727 790 765
2195	313 976 77 691
2196	204 108 778 982
2197	122 859 840 419
2198	188 746 116 258
2199	84 560 352 801
2200	885 613 150 255
2201	917 99 363 295
2202	587 409 497 120
2203	398 418 482 819
2204	553 843 545 148
2205	316 865 241 810
2206	909 97 802 333
2207	7 696 586 458
2208	688 379 296 663
2209	100 334 976 37
2210	560 410 211 233
2211	544 719 960 750
2212	151 153 753 238
2213	619 651 351 273
2214	950 76 21 724
2215	361 702 652 214
2216	502 778 301 491
2217	774 909 399 53
2218	956 849 794 928
2219	276 158 476 727
2220	71 436 226 670
2221	49 927 256 911
2222	466 92 205 865
2223	345 763 639 240
2224	236 143 447 539
2225	379 709 667 150
2226	67 986 206 26
2227	77 687 404 750
2228	612 444 331 651
2229	873 703 228 184
2230	228 545 373 922
2231	720 632 473 195
2232	116 867 95 264
2233	642 247 640 220
2234	546 899 537 965
2235	527 95 7 183
2236	111 701 516 336
2237	278 834 542 313
2238	903 517 81 274
2239	133 599 468 704
2240	85 899 959 351
2241	732 64 711 93
2242	592 318 498 253
2243	445 898 696 247
2244	571 203 934 930
2245	630 420 691 688
2246	771 871 83 50
2247	689 422 911 976
2248	269 772 704 467
2249	274 245 149 631
2250	811 109 872 223
2251	507 443 554 880
2252	578 906 644 234
2253	869 547 496 789
2254	364 262 191 235
2255	249 740 154 48
2256	984 669 378 719
2257	731 517 598 589
2258	257 937 420 609
2259	857 747 631 490
2260	28 489 897 125
2261	504 879 604 100
2262	522 555 852 846
2263	978 453 734 158
2264	795 27 176 293
2265	647 458 210 718
2266	146 569 741 449
2267	210 548 510 76
2268	146 918 5 487
2269	724 597 893 533
2270	390 158 922 668
2271	621 575 11 746
2272	132 166 38 790
2273	250 291 931 627
2274	741 352 594 785
2275	935 85 638 232
2276	316 282 290 73
2277	127 185 255 856
2278	832 758 154 63
2279	27 61 820 586
2280	947 467 574 751
2281	926 788 424 902
2282	925 346 172 695
2283	633 98 932 529
2284	200 420 615 819
2285	553 566 290 621
2286	769 976 890 342
2287	402 108 650 543
2288	933 574 826 872
2289	47 761 141 976
2290	935 614 840 134
2291	702 549 150 780
2292	670 835 997 91
2293	542 83 382 99
2294	946 424 463 201
2295	809 424 838 465
2296	780 137 360 417
2297	668 656 42 250
2298	786 178 823 98
2299	388 571 535 676
2300	29 385 805 380
2301	894 829 678 721
2302	629 678 800 728
2303	398 977 285 696
2304	998 587 191 314
2305	592 749 452 971
2306	858 130 354 591
2307	826 137 227 308
2308	43 267 36 929
2309	849 822 455 516
2310	717 658 740 476
2311	883 706 188 727
2312	778 448 36 450
2313	282 427 564 368
2314	167 407 779 927
2315	569 945 942 62
2316	267 787 176 815
2317	381 533 386 59
2318	791 918 550 99
2319	746 718 295 467
2320	406 683 407 647
2321	157 78 95 530
2322	813 724 119 832
2323	106 42 428 402
2324	174 406 140 960
2325	100 257 201 422
2326	582 351 159 57
2327	693 447 180 651
2328	735 581 28 845
2329	734 78 573 554
2330	93 169 591 871
2331	865 649 181 21
2332	585 582 797 589
2333	271 836 236 626
2334	368 794 588 886
2335	837 287 31 870
2336	201 664 89 960
2337	145 366 778 430
2338	803 956 580 691
2339	211 729 935 878
2340	903 886 577 629
2341	446 220 386 101
2342	791 57 95 536
2343	124 205 470 732
2344	888 150 829 946
2345	510 128 828 197
2346	209 836 576 577
2347	923 765 427 610
2348	637 918 657 551
2349	207 391 942 645
2350	610 847 520 277
2351	497 819 878 657
2352	153 431 953 540
2353	675 72 401 834
2354	191 678 560 827
2355	669 264 920 828
2356	742 489 231 150
2357	529 120 837 391
2358	872 118 347 663
2359	298 450 749 794
2360	291 105 381 203
2361	819 804 609 425
2362	71 698 355 443
2363	964 487 6 786
2364	247 610 362 765
2365	245 83 768 277
2366	8 315 963 74
2367	409 651 562 569
2368	760 23 828 751
2369	412 798 17 61
2370	609 856 429 637
2371	111 894 172 931
2372	691 743 919 449
2373	133 812 729 520
2374	361 41 627 315
2375	631 703 671 364
2376	449 891 717 179
2377	53 469 301 6
2378	679 908 653 657
2379	646 822 639 836
2380	856 859 89 571
2381	118 11 428 590
2382	636 630 654 790
2383	797 586 713 823
2384	504 893 922 173
2385	653 835 55 614
2386	121 624 523 422
2387	753 874 967 5
2388	305 765 975 365
2389	75 702 105 196
2390	774 124 289 731
2391	132 927 41 288
2392	198 856 846 814
2393	497 290 240 264
2394	664 336 485 180
2395	544 937 62 213
2396	222 781 916 762
2397	728 240 765 755
2398	172 807 6 344
2399	410 671 861 356
2400	446 330 979 659
2401	960 779 453 633
2402	607 816 801 140
2403	549 191 817 10
2404	353 70 92 352
2405	107 659 939 828
2406	329 308 984 956
2407	170 250 599 831
2408	904 893 926 285
2409	167 799 642 323
2410	653 711 816 694
2411	400 152 709 316
2412	828 606 917 85
2413	722 532 561 661
2414	270 719 971 376
2415	656 548 336 529
2416	815 804 576 237
2417	486 10 520 556
2418	476 833 376 134
2419	680 709 135 675
2420	338 286 879 536
2421	870 765 674 921
2422	412 513 713 205
2423	460 959 634 483
2424	409 485 979 605
2425	900 735 25 907
2426	738 66 946 843
2427	561 172 145 604
2428	854 646 689 987
2429	152 292 24 780
2430	450 623 458 283
2431	627 536 361 485
2432	901 755 483 575
2433	556 86 514 715
2434	768 824 649 153
2435	27 993 34 424
2436	171 448 972 421
2437	216 752 562 847
2438	297 72 97 978
2439	937 32 404 758
2440	366 389 83 165
2441	615 775 963 157
2442	895 468 622 681
2443	332 766 293 404
2444	238 856 410 627
2445	839 72 454 21
2446	941 801 860 202
2447	655 469 2 190
2448	647 526 469 323
2449	697 83 912 511
2450	946 182 185 662
2451	174 987 454 705
2452	772 691 815 917
2453	865 434 91 777
2454	704 217 85 678
2455	256 723 214 609
2456	801 399 260 892
2457	434 459 664 87
2458	402 803 331 767
2459	97 87 310 618
2460	656 262 650 953
2461	491 143 611 371
2462	420 933 550 938
2463	624 629 16 617
2464	576 900 934 928
2465	611 277 247 333
2466	714 109 28 909
2467	610 236 5 611
2468	624 290 492 196
2469	391 888 412 478
2470	19 230 872 559
2471	221 108 525 468
2472	429 476 947 897
2473	405 229 618 624
2474	279 69 841 536
2475	532 413 520 668
2476	734 406 934 461
2477	199 896 182 747
2478	18 710 478 143
2479	732 809 850 502
2480	571 861 544 216
2481	228 863 632 218
2482	578 539 367 917
2483	59 251 20 441
2484	118 734 426 88
2485	832 484 924 790
2486	428 673 629 529
2487	679 773 77 626
2488	559 134 759 678
2489	664 772 253 893
2490	973 927 989 910
2491	53 146 593 688
2492	524 55 568 224
2493	165 498 490 91
2494	568 687 26 744
2495	511 619 880 349
2496	908 612 114 223
2497	1 917 533 761
2498	663 305 446 723
2499	57 138 863 524
2500	144 54 326 725
2501	552 160 113 347
2502	288 871 475 201
2503	662 745 258 865
2504	253 76 496 582
2505	867 609 830 753
2506	302 486 721 161
2507	525 62 978 966
2508	221 145 710 160
2509	692 793 455 724
2510	108 389 112 619
2511	89 51 908 686
2512	536 831 742 282
2513	456 616 794 280
2514	775 556 738 864
2515	784 466 485 281
2516	944 390 379 439
2517	348 954 640 552
2518	755 640 711 197
2519	777 680 719 332
2520	733 87 402 511
2521	859 937 595 580
2522	637 355 386 30
2523	212 803 578 637
2524	132 983 692 549
2525	413 455 809 936
2526	629 669 539 520
2527	714 281 901 565
2528	614 190 196 353
2529	987 700 912 223
2530	712 430 351 123
2531	140 388 228 547
2532	197 827 702 904
2533	817 780 672 800
2534	658 272 294 700
2535	849 293 241 676
2536	38 166 672 880
2537	597 720 176 309
2538	346 930 270 85
2539	982 628 689 624
2540	897 695 588 809
2541	786 395 558 845
2542	80 315 599 258
2543	513 737 987 324
2544	287 113 541 608
2545	907 191 561 831
2546	831 970 699 511
2547	76 18 883 132
2548	371 463 33 536
2549	957 456 478 952
2550	625 763 566 251
2551	814 47 860 424
2552	930 916 215 824
2553	322 29 236 717
2554	480 943 393 340
2555	762 409 172 834
2556	960 932 38 514
2557	821 408 688 489
2558	615 905 927 122
2559	512 401 698 587
2560	724 793 30 262
2561	744 356 366 50
2562	862 294 414 510
2563	171 47 993 646
2564	314 734 681 134
2565	36 983 257 59
2566	464 299 229 806
2567	857 86 227 611
2568	52 182 660 659
2569	987 632 369 958
2570	709 253 541 119
2571	243 877 890 594
2572	285 814 319 664
2573	68 85 135 173
2574	98 913 601 558
2575	905 374 461 521
2576	396 450 231 658
2577	788 925 928 690
2578	967 15 512 563
2579	465 620 411 562
2580	100 996 722 779
2581	697 76 232 336
2582	781 982 577 35
2583	806 420 232 661
2584	338 939 614 587
2585	920 837 252 352
2586	518 892 564 167
2587	833 120 388 351
2588	329 133 664 206
2589	854 957 992 75
2590	850 67 497 99
2591	565 681 345 338
2592	610 847 418 596
2593	893 558 98 837
2594	58 907 809 535
2595	456 102 534 125
2596	340 441 977 321
2597	938 982 382 863
2598	818 968 876 773
2599	356 869 515 666
2600	430 172 656 759
2601	581 40 416 636
2602	357 910 18 859
2603	331 818 609 261
2604	803 838 804 767
2605	906 972 88 653
2606	954 890 537 815
2607	337 50 55 294
2608	51 198 924 518
2609	555 501 515 356
2610	826 585 77 824
2611	221 204 963 447
2612	677 36 56 637
2613	289 31 660 799
2614	941 556 333 46
2615	190 356 15 766
2616	550 676 968 613
2617	774 23 159 732
2618	156 419 605 26
2619	802 127 122 430
2620	560 956 862 390
2621	812 119 923 1000
2622	879 308 353 443
2623	649 152 493 22
2624	448 400 362 31
2625	828 312 598 211
2626	879 498 126 221
2627	146 330 817 386
2628	57 555 812 580
2629	648 685 214 860
2630	100 267 532 230
2631	133 502 527 381
2632	489 724 135 494
2633	883 517 608 349
2634	600 359 130 115
2635	176 484 339 88
2636	913 552 790 288
2637	462 772 453 593
2638	968 631 391 971
2639	780 599 537 303
2640	3 205 591 255
2641	114 279 966 157
2642	843 751 126 891
2643	906 125 699 368
2644	246 101 402 403
2645	856 120 647 121
2646	389 27 20 640
2647	502 325 828 669
2648	615 428 988 986
2649	781 20 602 95
2650	848 721 173 944
2651	939 961 93 357
2652	342 906 530 245
2653	700 777 315 100
2654	527 448 790 165
2655	559 446 637 111
2656	773 533 582 265
2657	443 999 924 235
2658	833 507 408 353
2659	738 69 160 16
2660	552 274 492 41
2661	861 714 344 340
2662	227 238 317 939
2663	152 922 232 864
2664	617 923 536 166
2665	831 608 824 80
2666	201 756 58 565
2667	169 463 546 448
2668	751 611 320 746
2669	829 944 761 151
2670	646 657 153 809
2671	538 860 565 666
2672	673 674 185 436
2673	850 439 855 547
2674	221 551 445 809
2675	811 539 270 498
2676	899 865 651 714
2677	738 641 944 83
2678	591 506 719 35
2679	161 585 971 181
2680	886 126 174 781
2681	233 585 88 605
2682	646 764 470 724
2683	535 910 382 135
2684	166 397 723 713
2685	270 766 749 592
2686	59 319 980 719
2687	304 351 420 468
2688	482 174 953 741
2689	343 714 138 78
2690	806 210 96 722
2691	853 106 435 122
2692	153 808 998 792
2693	974 702 65 100
2694	496 621 350 217
2695	764 169 824 976
2696	159 744 139 668
2697	609 382 875 102
2698	647 137 314 562
2699	540 667 245 470
2700	686 198 888 492
2701	459 378 299 983
2702	248 758 343 9
2703	37 274 883 579
2704	115 967 235 300
2705	120 110 304 751
2706	232 514 94 650
2707	20 99 463 178
2708	697 371 96 906
2709	996 415 278 951
2710	730 782 461 552
2711	537 713 997 148
2712	403 535 220 429
2713	848 709 122 318
2714	196 648 833 569
2715	24 225 437 756
2716	684 479 77 88
2717	4 764 88 352
2718	798 916 813 605
2719	320 569 718 153
2720	126 759 500 175
2721	33 360 451 750
2722	659 612 783 318
2723	19 404 884 36
2724	255 608 99 307
2725	943 352 329 880
2726	830 75 984 522
2727	835 306 256 803
2728	954 813 716 350
2729	195 950 251 758
2730	99 990 973 789
2731	904 133 856 764
2732	255 804 434 649
2733	86 229 300 194
2734	8 956 633 19
2735	198 753 534 221
2736	479 665 926 423
2737	304 163 902 74
2738	678 438 112 953
2739	479 525 512 486
2740	970 47 146 473
2741	701 724 613 947
2742	318 199 335 917
2743	473 205 300 156
2744	903 210 641 580
2745	590 817 465 373
2746	525 565 993 276
2747	177 174 189 206
2748	919 656 4 203
2749	115 101 724 743
2750	111 153 357 488
2751	164 783 723 554
2752	86 231 387 493
2753	966 119 358 482
2754	625 869 858 574
2755	885 270 340 725
2756	645 6 977 181
2757	219 899 395 179
2758	450 461 980 660
2759	203 399 690 737
2760	685 187 546 265
2761	246 275 497 799
2762	529 333 793 163
2763	800 359 451 569
2764	513 7 642 632
2765	699 101 373 543
2766	789 496 593 341
2767	457 19 788 414
2768	852 756 250 711
2769	983 862 931 288
2770	672 174 248 896
2771	386 251 269 723
2772	980 976 591 841
2773	90 303 284 598
2774	938 149 793 188
2775	250 269 564 223
2776	780 429 634 577
2777	548 292 34 442
2778	77 729 771 4
2779	813 209 498 672
2780	164 354 957 462
2781	543 728 546 979
2782	928 496 79 48
2783	343 401 268 317
2784	596 798 828 85
2785	472 600 134 1000
2786	356 217 321 576
2787	209 38 903 309
2788	696 27 646 473
2789	489 512 363 932
2790	75 570 922 863
2791	317 201 270 549
2792	132 281 105 809
2793	260 900 474 984
2794	571 512 413 292
2795	455 193 720 282
2796	419 725 116 816
2797	298 619 257 594
2798	865 318 99 583
2799	451 520 477 395
2800	194 623 480 258
2801	174 881 133 398
2802	247 593 654 879
2803	271 175 46 202
2804	193 650 224 58
2805	254 196 952 295
2806	86 309 189 517
2807	445 538 710 227
2808	708 273 987 537
2809	343 710 946 398
2810	527 640 665 778
2811	866 703 929 250
2812	63 845 449 77
2813	9 189 78 834
2814	627 976 497 233
2815	53 439 78 652
2816	151 116 456 508
2817	707 470 978 381
2818	811 475 705 559
2819	466 911 40 618
2820	225 137 879 761
2821	28 540 317 36
2822	299 410 305 472
2823	836 496 144 416
2824	184 925 513 563
2825	664 715 745 876
2826	397 809 852 699
2827	719 229 189 223
2828	899 521 557 219
2829	903 578 745 783
2830	789 149 315 136
2831	714 737 536 227
2832	333 317 491 756
2833	765 653 26 910
2834	244 103 709 614
2835	78 683 515 970
2836	482 788 387 977
2837	74 970 309 966
2838	357 592 170 933
2839	678 76 623 168
2840	395 993 964 193
2841	85 993 631 677
2842	234 656 373 59
2843	481 983 264 459
2844	817 496 936 686
2845	472 582 514 11
2846	273 883 503 666
2847	64 480 13 824
2848	192 563 444 176
2849	768 944 630 32
2850	410 415 174 416
2851	825 896 641 637
2852	76 784 638 829
2853	594 752 813 460
2854	498 770 993 644
2855	868 672 390 579
2856	203 481 705 601
2857	249 885 533 300
2858	709 4 685 359
2859	757 401 247 883
2860	752 543 882 933
2861	500 472 206 130
2862	90 936 953 720
2863	615 866 179 624
2864	550 566 270 107
2865	653 185 932 898
2866	686 481 505 394
2867	249 136 603 46
2868	269 422 498 780
2869	233 975 548 328
2870	860 301 924 464
2871	282 45 545 135
2872	851 633 524 484
2873	864 687 95 276
2874	718 316 300 785
2875	483 619 250 912
2876	704 195 144 135
2877	169 245 60 642
2878	765 799 804 961
2879	764 261 223 167
2880	434 709 988 829
2881	781 357 24 677
2882	206 85 630 347
2883	536 766 933 622
2884	120 968 78 463
2885	794 922 551 792
2886	529 125 983 736
2887	401 484 683 717
2888	420 359 224 961
2889	237 584 464 207
2890	255 401 31 635
2891	364 188 367 525
2892	13 733 830 156
2893	401 127 842 48
2894	17 958 5 313
2895	46 477 119 491
2896	158 598 895 586
2897	104 647 372 726
2898	350 550 872 995
2899	585 770 82 979
2900	377 775 269 769
2901	219 696 905 716
2902	838 155 248 899
2903	192 209 783 860
2904	539 908 462 719
2905	64 841 342 56
2906	519 367 487 3
2907	569 45 861 586
2908	873 422 559 751
2909	461 321 200 192
2910	686 416 121 702
2911	643 307 136 507
2912	657 853 32 858
2913	569 759 485 1000
2914	480 819 67 784
2915	322 844 244 372
2916	623 641 518 187
2917	808 102 725 80
2918	924 922 287 366
2919	239 32 345 263
2920	344 787 844 414
2921	463 242 274 686
2922	283 825 826 704
2923	675 734 626 412
2924	107 992 863 38
2925	804 11 270 873
2926	906 453 396 50
2927	135 307 601 640
2928	67 163 902 891
2929	787 479 832 718
2930	934 784 940 946
2931	271 746 433 388
2932	677 415 857 390
2933	693 764 382 709
2934	528 465 846 630
2935	122 262 778 549
2936	683 939 259 323
2937	262 777 194 652
2938	508 342 746 461
2939	857 876 879 597
2940	186 378 843 203
2941	171 608 533 688
2942	535 650 60 521
2943	507 829 914 713
2944	562 581 432 466
2945	938 486 10 281
2946	258 865 724 802
2947	369 888 809 896
2948	231 864 180 67
2949	566 509 994 253
2950	45 470 780 644
2951	44 863 36 272
2952	574 163 476 240
2953	533 582 218 241
2954	203 148 736 331
2955	329 887 115 84
2956	501 706 68 463
2957	945 258 923 143
2958	831 151 889 8
2959	405 301 807 75
2960	435 70 192 927
2961	935 418 165 433
2962	706 839 38 316
2963	32 183 250 240
2964	751 777 772 19
2965	647 987 150 410
2966	827 665 240 430
2967	716 858 510 173
2968	918 787 984 626
2969	383 126 691 760
2970	544 88 569 389
2971	41 946 304 483
2972	880 522 735 282
2973	741 588 180 1
2974	380 177 17 880
2975	635 759 861 990
2976	431 303 860 454
2977	833 185 663 680
2978	967 919 999 903
2979	477 134 180 690
2980	623 333 89 487
2981	910 551 893 407
2982	735 463 107 954
2983	484 995 160 697
2984	451 592 78 11
2985	983 649 476 78
2986	237 825 54 655
2987	617 219 342 645
2988	361 284 64 829
2989	260 707 460 883
2990	268 802 993 978
2991	928 633 265 268
2992	330 710 937 587
2993	492 531 2 952
2994	165 84 606 487
2995	285 187 646 134
2996	544 702 784 744
2997	557 381 956 726
2998	941 846 674 240
2999	710 643 906 741
3000	955 981 207 639
3001	860 853 502 415
3002	130 298 32 278
3003	551 329 754 481
3004	216 94 960 689
3005	387 459 190 126
3006	513 958 90 852
3007	935 775 829 151
3008	780 779 713 2
3009	491 849 990 519
3010	91 657 350 801
3011	222 318 635 25
3012	172 914 984 931
3013	743 860 235 82
3014	977 518 585 739
3015	401 959 266 673
3016	714 410 557 372
3017	430 838 557 383
3018	81 422 617 966
3019	645 69 640 36
3020	213 685 909 830
3021	537 924 172 881
3022	741 711 869 258
3023	487 745 250 445
3024	380 596 484 533
3025	281 245 155 696
3026	134 98 944 302
3027	883 661 579 20
3028	963 826 142 544
3029	202 530 650 42
3030	284 17 946 87
3031	286 244 585 227
3032	51 899 837 787
3033	293 330 275 68
3034	43 703 665 707
3035	380 878 810 143
3036	654 136 809 258
3037	167 946 467 109
3038	772 981 899 98
3039	340 621 903 16
3040	653 18 447 603
3041	849 420 558 828
3042	264 204 193 109
3043	711 579 222 600
3044	172 223 764 189
3045	325 519 544 549
3046	703 115 274 956
3047	820 463 801 160
3048	722 675 825 734
3049	932 707 604 557
3050	146 703 491 488
3051	564 572 327 591
3052	951 7 237 75
3053	242 387 973 487
3054	267 234 423 723
3055	376 196 862 437
3056	888 267 973 148
3057	381 22 7 223
3058	378 889 50 360
3059	447 668 282 822
3060	801 904 63 525
3061	979 993 542 929
3062	971 677 162 229
3063	510 559 640 556
3064	58 342 941 75
3065	184 315 896 114
3066	303 550 910 877
3067	760 755 956 950
3068	611 679 493 590
3069	439 572 112 880
3070	751 900 659 758
3071	725 401 126 95
3072	985 338 70 467
3073	963 677 283 746
3074	967 861 553 727
3075	150 952 938 634
3076	905 686 17 749
3077	121 336 67 683
3078	69 86 455 792
3079	217 816 421 295
3080	931 960 504 147
3081	128 316 730 271
3082	382 942 171 343
3083	657 338 986 700
3084	739 11 681 835
3085	787 876 322 109
3086	476 273 116 300
3087	591 100 94 224
3088	925 705 452 130
3089	182 1000 832 873
3090	514 183 828 901
3091	136 777 419 923
3092	450 4 410 375
3093	541 259 411 680
3094	150 499 11 78
3095	123 52 726 799
3096	126 34 697 610
3097	690 447 23 639
3098	497 841 983 629
3099	471 309 946 922
3100	750 709 844 864
3101	808 338 121 733
3102	907 478 722 646
3103	47 101 155 176
3104	779 679 869 142
3105	407 177 182 438
3106	568 402 901 910
3107	71 636 445 659
3108	670 687 164 459
3109	739 776 215 716
3110	182 279 577 191
3111	387 761 904 994
3112	265 607 964 479
3113	70 321 576 272
3114	217 220 446 690
3115	157 183 173 70
3116	849 734 429 605
3117	512 261 704 231
3118	488 537 821 56
3119	814 926 309 999
3120	759 118 623 601
3121	346 883 603 621
3122	77 916 746 687
3123	320 244 926 289
3124	676 992 924 77
3125	50 443 195 309
3126	842 679 905 291
3127	51 494 831 513
3128	975 596 661 411
3129	441 965 862 281
3130	17 58 237 892
3131	884 706 637 996
3132	770 955 995 959
3133	652 69 802 425
3134	663 669 414 748
3135	297 821 62 278
3136	516 397 349 609
3137	868 446 29 183
3138	969 597 595 887
3139	537 862 910 382
3140	319 875 903 41
3141	22 832 121 753
3142	653 776 117 223
3143	200 506 923 158
3144	316 388 955 244
3145	880 616 63 702
3146	979 588 34 447
3147	756 800 10 214
3148	759 52 174 147
3149	224 418 780 157
3150	135 857 652 161
3151	861 16 553 208
3152	685 624 34 436
3153	57 273 216 958
3154	974 665 493 955
3155	513 875 776 527
3156	300 527 959 882
3157	36 269 44 421
3158	379 661 329 396
3159	367 634 389 605
3160	449 677 975 781
3161	560 767 366 603
3162	754 796 199 111
3163	774 767 990 422
3164	810 667 889 312
3165	219 547 995 218
3166	389 655 578 456
3167	370 242 938 937
3168	687 102 297 926
3169	535 514 164 594
3170	710 807 104 444
3171	271 615 680 478
3172	530 144 941 65
3173	191 810 773 317
3174	668 866 513 912
3175	191 441 742 365
3176	564 556 208 824
3177	188 457 498 760
3178	166 710 124 66
3179	738 869 278 152
3180	810 808 362 621
3181	888 389 524 455
3182	246 126 273 967
3183	492 29 141 772
3184	51 909 163 16
3185	985 776 539 10
3186	552 765 578 405
3187	435 257 548 738
3188	964 269 468 423
3189	476 601 873 938
3190	53 619 947 325
3191	601 560 991 49
3192	860 153 466 695
3193	817 518 749 637
3194	677 342 402 348
3195	372 357 413 983
3196	514 63 73 663
3197	921 352 541 928
3198	754 355 734 102
3199	30 171 862 321
3200	566 567 379 129
3201	333 775 282 498
3202	891 794 77 685
3203	39 560 256 335
3204	537 773 101 882
3205	732 287 9 523
3206	948 944 383 590
3207	539 493 533 915
3208	752 216 621 168
3209	866 856 843 954
3210	50 94 982 648
3211	808 651 705 454
3212	731 207 438 321
3213	280 819 962 230
3214	804 952 696 821
3215	662 380 588 392
3216	840 925 119 473
3217	455 873 843 424
3218	152 44 215 892
3219	52 260 221 523
3220	260 783 88 561
3221	221 279 426 66
3222	526 746 683 387
3223	317 519 252 465
3224	570 861 814 49
3225	550 606 98 158
3226	248 873 709 276
3227	864 759 803 907
3228	496 428 261 71
3229	111 621 638 130
3230	329 965 263 293
3231	241 728 590 518
3232	627 859 647 936
3233	173 180 509 736
3234	117 708 148 918
3235	847 94 309 655
3236	153 463 879 170
3237	743 196 163 154
3238	444 117 25 350
3239	770 458 571 224
3240	912 11 216 563
3241	41 61 230 784
3242	218 424 186 42
3243	489 68 889 358
3244	320 11 890 677
3245	93 747 511 631
3246	807 533 596 433
3247	972 498 756 956
3248	1000 611 256 143
3249	871 828 417 400
3250	377 471 108 622
3251	557 28 844 884
3252	396 734 261 488
3253	550 400 217 725
3254	96 681 258 897
3255	727 290 105 980
3256	695 927 414 277
3257	509 926 905 893
3258	511 960 726 460
3259	169 707 234 849
3260	49 918 500 215
3261	923 230 384 690
3262	488 606 746 728
3263	441 143 983 100
3264	501 951 836 35
3265	104 843 58 63
3266	346 43 857 723
3267	850 173 828 52
3268	425 441 606 518
3269	728 504 664 697
3270	43 645 185 497
3271	351 39 835 171
3272	951 521 719 759
3273	269 710 837 436
3274	346 967 799 336
3275	924 827 358 769
3276	407 322 877 43
3277	252 459 155 724
3278	119 842 980 707
3279	169 632 443 788
3280	68 65 806 942
3281	182 587 688 494
3282	164 52 455 219
3283	79 722 74 716
3284	738 290 823 495
3285	219 337 280 172
3286	251 515 916 59
3287	221 986 628 916
3288	969 820 200 593
3289	980 56 94 738
3290	270 223 392 654
3291	792 172 184 952
3292	931 271 999 916
3293	34 170 145 1000
3294	647 361 292 549
3295	281 685 550 677
3296	229 215 337 55
3297	968 816 856 525
3298	448 329 179 731
3299	698 981 143 166
3300	205 301 248 668
3301	89 801 862 885
3302	820 622 596 894
3303	601 799 106 773
3304	497 940 618 785
3305	145 753 591 166
3306	686 770 514 383
3307	396 781 283 867
3308	911 370 846 631
3309	632 637 352 891
3310	850 799 208 796
3311	622 220 929 60
3312	864 189 204 581
3313	551 6 957 804
3314	931 922 638 500
3315	204 981 299 961
3316	965 690 67 99
3317	710 648 114 174
3318	770 411 643 530
3319	890 852 475 764
3320	488 574 467 783
3321	920 518 99 556
3322	237 864 526 622
3323	347 836 76 229
3324	793 881 652 887
3325	672 99 471 187
3326	585 315 826 368
3327	646 179 720 839
3328	973 217 603 911
3329	161 582 815 422
3330	775 907 372 720
3331	90 123 369 198
3332	264 599 688 146
3333	739 524 787 920
3334	415 68 904 342
3335	628 680 944 972
3336	998 524 907 275
3337	150 863 949 468
3338	238 419 855 552
3339	314 930 824 904
3340	143 71 404 386
3341	147 437 158 653
3342	274 845 92 823
3343	545 619 121 735
3344	705 125 207 37
3345	335 418 506 779
3346	118 459 691 108
3347	33 69 854 50
3348	538 69 368 199
3349	344 277 72 728
3350	973 403 58 449
3351	757 691 400 375
3352	336 496 956 228
3353	666 204 985 675
3354	357 701 969 633
3355	347 586 857 61
3356	855 807 598 197
3357	769 101 549 842
3358	652 605 336 870
3359	637 39 189 758
3360	630 752 488 226
3361	330 568 443 707
3362	888 169 774 732
3363	346 897 288 534
3364	754 259 87 654
3365	681 504 243 361
3366	443 979 281 841
3367	129 124 332 943
3368	467 126 929 186
3369	818 232 770 913
3370	545 267 594 58
3371	446 30 67 577
3372	616 411 234 355
3373	571 287 26 151
3374	759 848 53 132
3375	997 967 887 921
3376	268 607 274 934
3377	789 261 702 848
3378	855 610 12 83
3379	673 487 850 549
3380	999 926 680 150
3381	623 355 542 428
3382	717 491 145 777
3383	263 253 2 975
3384	654 273 122 811
3385	270 523 39 881
3386	214 161 184 450
3387	383 210 636 689
3388	616 754 70 721
3389	760 362 231 132
3390	183 869 934 159
3391	342 791 382 205
3392	855 783 567 979
3393	656 136 601 268
3394	934 157 602 405
3395	932 172 225 147
3396	307 144 206 48
3397	737 585 329 315
3398	951 396 781 415
3399	358 850 866 688
3400	367 556 756 680
3401	37 403 401 483
3402	674 354 641 815
3403	775 67 26 898
3404	513 606 125 88
3405	819 543 337 53
3406	551 259 152 690
3407	164 842 590 779
3408	375 117 603 956
3409	340 734 533 334
3410	747 51 394 265
3411	517 631 711 64
3412	759 279 577 162
3413	510 854 468 372
3414	183 793 285 703
3415	546 888 253 65
3416	422 131 162 325
3417	779 61 297 329
3418	809 437 285 740
3419	402 56 213 121
3420	639 236 424 539
3421	860 823 561 704
3422	278 408 889 166
3423	116 728 980 459
3424	832 600 166 909
3425	134 236 37 834
3426	423 719 981 383
3427	740 36 581 501
3428	808 212 435 743
3429	830 281 972 347
3430	198 556 374 517
3431	406 506 282 938
3432	390 741 219 530
3433	336 917 204 480
3434	6 564 73 844
3435	782 915 171 97
3436	470 257 6 51
3437	227 147 933 460
3438	553 265 122 496
3439	643 916 615 429
3440	774 40 155 249
3441	874 451 138 353
3442	655 338 52 703
3443	529 449 696 148
3444	876 815 276 709
3445	709 244 891 68
3446	652 708 292 48
3447	721 208 36 334
3448	240 987 47 874
3449	519 233 83 446
3450	343 644 70 479
3451	990 687 611 37
3452	329 729 168 351
3453	348 839 310 590
3454	587 337 655 62
3455	865 564 454 206
3456	65 974 393 921
3457	860 61 915 888
3458	8 659 979 720
3459	374 461 361 465
3460	183 672 827 125
3461	266 433 456 383
3462	436 55 971 438
3463	485 329 987 63
3464	240 878 941 526
3465	156 978 92 432
3466	11 782 166 677
3467	729 990 962 531
3468	355 504 974 25
3469	836 281 645 814
3470	105 949 398 988
3471	717 609 901 854
3472	917 824 693 827
3473	15 102 338 725
3474	473 67 663 57
3475	522 97 439 207
3476	837 55 672 936
3477	949 152 471 339
3478	293 65 436 671
3479	164 737 667 561
3480	109 608 558 288
3481	374 942 534 837
3482	1000 974 49 356
3483	654 538 609 698
3484	712 829 997 875
3485	845 835 503 115
3486	88 744 906 653
3487	324 93 598 452
3488	153 314 170 492
3489	307 708 344 563
3490	273 903 633 286
3491	425 952 709 208
3492	174 143 127 950
3493	16 868 954 619
3494	690 998 463 709
3495	205 796 593 978
3496	413 594 363 886
3497	144 102 61 999
3498	29 47 424 765
3499	938 911 377 592
3500	52 187 328 520
3501	670 24 827 798
3502	768 444 151 449
3503	641 752 477 809
3504	744 130 807 982
3505	408 102 168 880
3506	917 29 387 8
3507	437 595 477 405
3508	339 503 367 65
3509	262 16 28 228
3510	936 285 483 879
3511	792 571 437 522
3512	214 766 310 519
3513	68 234 132 193
3514	726 853 481 185
3515	100 575 269 851
3516	224 405 821 259
3517	599 958 955 801
3518	869 847 565 796
3519	337 844 56 428
3520	572 826 266 78
3521	610 831 917 559
3522	508 648 986 174
3523	758 208 436 116
3524	127 808 804 755
3525	996 49 62 426
3526	544 159 746 512
3527	859 286 449 48
3528	975 98 783 653
3529	422 779 715 880
3530	58 712 615 883
3531	71 152 448 606
3532	240 996 599 173
3533	18 9 887 252
3534	104 89 314 408
3535	924 237 987 726
3536	464 994 951 687
3537	995 256 407 760
3538	297 367 904 664
3539	632 484 779 572
3540	70 810 706 799
3541	269 741 64 911
3542	858 533 720 829
3543	345 33 132 898
3544	703 396 787 58
3545	444 955 240 198
3546	12 100 399 306
3547	519 943 474 632
3548	485 760 799 762
3549	740 799 278 912
3550	147 836 800 144
3551	737 855 494 459
3552	666 325 520 844
3553	295 234 41 491
3554	519 116 108 791
3555	774 555 691 769
3556	568 83 263 349
3557	737 323 256 916
3558	134 755 82 703
3559	731 165 993 351
3560	337 382 110 876
3561	124 804 717 527
3562	598 799 536 416
3563	697 788 749 177
3564	632 579 162 717
3565	80 814 69 457
3566	589 619 55 605
3567	675 225 619 337
3568	982 469 3 304
3569	408 109 730 306
3570	729 448 964 154
3571	481 282 109 489
3572	919 803 731 454
3573	356 299 593 567
3574	878 987 938 664
3575	331 574 177 468
3576	751 375 331 406
3577	625 431 673 78
3578	646 990 864 632
3579	450 478 82 783
3580	366 775 675 750
3581	17 184 868 587
3582	235 834 658 740
3583	939 45 390 96
3584	899 452 306 838
3585	436 549 274 730
3586	166 844 773 703
3587	808 459 990 204
3588	976 789 724 643
3589	767 548 843 503
3590	495 118 238 276
3591	153 800 99 159
3592	256 183 436 540
3593	750 5 82 150
3594	358 368 164 704
3595	124 944 476 963
3596	357 606 433 944
3597	718 111 734 165
3598	624 641 539 56
3599	665 993 451 343
3600	628 486 725 101
3601	138 483 798 431
3602	829 87 27 135
3603	418 896 613 235
3604	575 750 453 670
3605	204 423 575 447
3606	711 285 978 211
3607	145 567 931 558
3608	389 113 920 1
3609	999 276 630 852
3610	905 854 135 128
3611	308 29 354 107
3612	271 999 148 251
3613	975 76 845 708
3614	622 333 746 525
3615	695 422 164 643
3616	480 703 799 724
3617	740 904 958 235
3618	376 584 71 207
3619	199 880 622 527
3620	313 645 562 88
3621	436 636 261 979
3622	73 183 488 936
3623	153 622 695 460
3624	449 846 355 366
3625	182 996 367 595
3626	31 565 690 151
3627	828 775 894 177
3628	348 975 940 834
3629	353 105 188 714
3630	747 886 678 399
3631	992 748 510 169
3632	651 592 792 233
3633	694 944 567 606
3634	475 855 530 485
3635	647 197 789 768
3636	771 446 330 929
3637	527 398 187 580
3638	936 22 181 617
3639	323 895 817 175
3640	109 930 846 923
3641	542 829 694 351
3642	727 256 655 69
3643	565 37 168 266
3644	602 79 741 857
3645	948 333 187 804
3646	230 404 513 124
3647	489 811 582 253
3648	528 708 910 397
3649	964 113 478 886
3650	115 374 448 314
3651	528 248 227 541
3652	771 551 371 656
3653	919 653 790 570
3654	728 117 286 245
3655	762 688 314 349
3656	981 528 491 540
3657	467 603 802 98
3658	943 263 840 500
3659	449 388 105 942
3660	321 495 403 159
3661	650 560 198 968
3662	296 385 348 412
3663	635 87 609 551
3664	746 85 466 711
3665	848 178 134 364
3666	454 143 481 715
3667	989 566 484 300
3668	6 515 861 470
3669	828 264 279 990
3670	354 776 113 343
3671	212 518 944 747
3672	805 466 671 778
3673	437 800 343 514
3674	567 709 358 903
3675	684 270 703 851
3676	819 397 44 186
3677	659 65 252 79
3678	699 233 580 585
3679	195 157 230 449
3680	507 910 293 142
3681	63 278 383 591
3682	911 517 345 529
3683	917 602 872 592
3684	911 33 15 854
3685	882 441 507 731
3686	861 438 553 923
3687	972 209 609 295
3688	885 521 590 253
3689	237 311 369 916
3690	636 953 203 350
3691	242 399 488 560
3692	436 556 659 163
3693	253 664 49 643
3694	501 16 538 149
3695	296 420 18 731
3696	139 440 414 110
3697	70 299 523 949
3698	512 282 514 812
3699	552 752 60 533
3700	793 169 814 381
3701	11 431 80 916
3702	336 59 844 694
3703	71 229 998 362
3704	777 972 65 253
3705	402 424 506 455
3706	813 286 64 545
3707	597 419 231 663
3708	789 199 962 523
3709	804 18 199 805
3710	106 488 368 630
3711	727 63 258 485
3712	913 171 950 737
3713	658 497 618 467
3714	485 975 162 483
3715	346 632 910 529
3716	204 839 986 763
3717	596 451 735 525
3718	70 751 576 523
3719	694 285 494 294
3720	230 385 565 602
3721	927 80 390 556
3722	101 888 401 94
3723	704 801 904 123
3724	272 113 498 582
3725	45 196 715 603
3726	543 344 171 661
3727	483 273 965 264
3728	103 254 291 328
3729	765 370 45 892
3730	101 467 364 218
3731	70 609 560 252
3732	569 540 230 154
3733	852 872 952 280
3734	962 670 953 139
3735	849 160 317 207
3736	376 667 505 774
3737	219 363 343 614
3738	816 23 765 28
3739	243 4 898 875
3740	810 4 991 469
3741	585 481 762 473
3742	996 733 378 309
3743	568 703 165 503
3744	305 172 510 114
3745	568 777 305 1000
3746	777 778 538 595
3747	180 581 766 861
3748	62 336 694 699
3749	474 655 822 774
3750	178 153 297 94
3751	296 808 927 15
3752	161 352 780 254
3753	300 252 309 933
3754	808 491 366 573
3755	99 869 480 672
3756	858 100 946 299
3757	679 431 641 8
3758	588 26 394 661
3759	39 192 414 171
3760	993 649 24 241
3761	800 314 77 171
3762	411 162 146 491
3763	426 1000 485 476
3764	730 86 705 342
3765	530 34 171 846
3766	56 106 811 967
3767	713 692 672 725
3768	43 149 560 158
3769	265 615 28 918
3770	926 328 902 168
3771	97 281 507 184
3772	650 10 504 602
3773	242 189 40 957
3774	413 824 472 657
3775	305 723 577 691
3776	338 826 514 9
3777	340 935 523 198
3778	983 427 635 727
3779	706 156 715 907
3780	873 925 742 868
3781	600 450 921 219
3782	266 641 587 830
3783	128 374 687 963
3784	924 736 328 93
3785	982 458 474 522
3786	740 757 621 737
3787	993 67 388 349
3788	705 830 542 999
3789	116 43 522 481
3790	818 223 856 172
3791	676 649 848 96
3792	272 677 88 362
3793	36 821 846 363
3794	399 510 639 960
3795	188 703 579 618
3796	665 997 670 215
3797	165 739 712 372
3798	215 964 862 946
3799	581 358 46 771
3800	339 801 170 273
3801	47 421 528 932
3802	515 387 650 212
3803	701 150 295 968
3804	572 498 29 130
3805	585 234 271 661
3806	934 324 156 351
3807	158 149 28 439
3808	795 680 695 625
3809	784 506 92 748
3810	584 303 418 836
3811	658 434 665 960
3812	32 438 212 20
3813	256 563 771 675
3814	704 514 530 735
3815	57 182 159 633
3816	899 338 314 883
3817	991 524 917 517
3818	423 664 563 297
3819	785 954 626 557
3820	838 403 625 829
3821	147 17 84 252
3822	460 1000 988 188
3823	505 951 49 460
3824	547 732 792 496
3825	861 248 209 805
3826	826 732 563 379
3827	140 315 608 638
3828	780 604 677 420
3829	340 96 26 767
3830	838 350 900 977
3831	652 753 421 769
3832	973 192 924 693
3833	730 167 386 17
3834	17 571 199 498
3835	193 55 717 443
3836	370 239 534 552
3837	523 969 616 685
3838	695 904 856 364
3839	512 294 745 492
3840	614 322 258 282
3841	499 650 350 173
3842	375 75 935 638
3843	752 762 934 439
3844	968 554 940 107
3845	461 960 480 186
3846	180 786 705 273
3847	999 946 113 666
3848	632 851 136 923
3849	272 375 136 988
3850	953 576 741 384
3851	239 89 803 115
3852	826 113 609 51
3853	931 551 870 325
3854	820 736 286 327
3855	567 145 880 623
3856	598 948 558 394
3857	719 533 433 747
3858	282 541 864 584
3859	814 166 140 202
3860	536 781 671 630
3861	638 406 823 251
3862	161 284 358 750
3863	940 437 551 866
3864	835 490 349 354
3865	668 296 500 490
3866	955 838 31 114
3867	842 899 230 820
3868	397 902 702 307
3869	597 914 941 974
3870	429 752 209 625
3871	447 664 424 109
3872	924 787 160 79
3873	408 58 941 990
3874	499 99 599 256
3875	215 673 37 46
3876	180 196 806 942
3877	497 751 305 186
3878	735 587 466 24
3879	448 799 486 4
3880	867 267 767 699
3881	222 945 876 35
3882	36 651 144 203
3883	12 942 917 414
3884	814 856 269 700
3885	525 962 14 627
3886	312 528 594 491
3887	364 922 70 34
3888	409 613 200 414
3889	645 96 980 508
3890	220 544 995 154
3891	17 216 331 837
3892	477 355 281 207
3893	172 63 853 507
3894	287 107 583 402
3895	801 842 752 90
3896	28 864 185 209
3897	938 208 906 774
3898	970 147 207 546
3899	579 942 68 458
3900	596 459 220 438
3901	510 661 598 476
3902	489 976 333 674
3903	269 863 16 220
3904	73 966 396 545
3905	287 856 587 861
3906	478 832 470 884
3907	319 785 465 921
3908	263 945 6 849
3909	440 95 436 648
3910	791 569 224 345
3911	6 200 164 50
3912	574 284 34 546
3913	228 81 910 945
3914	10 245 473 689
3915	187 793 135 572
3916	553 531 22 237
3917	411 596 28 167
3918	490 600 378 520
3919	392 526 986 390
3920	202 571 213 173
3921	791 748 283 635
3922	989 648 194 58
3923	367 966 701 88
3924	260 510 95 854
3925	116 468 688 840
3926	217 888 119 173
3927	468 178 674 508
3928	900 892 668 888
3929	866 173 562 560
3930	859 854 642 344
3931	524 713 28 25
3932	536 590 53 243
3933	660 784 203 302
3934	888 15 118 313
3935	46 502 505 579
3936	663 7 277 299
3937	298 515 878 756
3938	244 236 538 436
3939	911 709 463 801
3940	947 440 340 324
3941	694 108 773 245
3942	186 316 727 23
3943	918 838 763 822
3944	984 711 903 301
3945	193 449 823 351
3946	885 321 431 167
3947	808 645 579 593
3948	435 451 204 212
3949	33 731 582 194
3950	80 705 17 848
3951	670 658 424 794
3952	464 628 44 205
3953	960 596 530 58
3954	860 469 769 322
3955	822 365 919 671
3956	691 195 944 275
3957	237 929 502 331
3958	880 826 990 59
3959	581 342 93 376
3960	73 966 811 349
3961	567 230 123 960
3962	598 129 395 771
3963	523 912 250 650
3964	436 91 731 934
3965	668 742 423 875
3966	323 41 498 272
3967	131 101 692 925
3968	575 728 711 704
3969	520 754 48 102
3970	169 181 998 208
3971	943 957 818 175
3972	120 790 491 692
3973	521 768 708 506
3974	200 749 344 930
3975	601 542 407 108
3976	619 877 756 961
3977	71 441 788 383
3978	365 853 998 4
3979	405 124 102 522
3980	518 749 357 912
3981	327 483 282 349
3982	12 537 77 160
3983	271 387 384 907
3984	982 962 382 617
3985	140 948 448 243
3986	64 735 376 675
3987	211 714 581 635
3988	751 527 182 827
3989	425 571 854 996
3990	168 662 979 475
3991	716 821 681 303
3992	473 701 687 541
3993	466 101 726 662
3994	380 355 939 463
3995	675 322 999 81
3996	204 282 626 289
3997	915 786 752 94
3998	213 368 743 855
3999	702 998 973 132
4000	7 16 485 525
