Class Times	20
Rooms	200
1	462
2	531
3	663
4	911
5	788
6	630
7	261
8	587
9	433
10	214
11	190
12	719
13	451
14	478
15	945
16	105
17	330
18	261
19	58
20	521
21	90
22	676
23	572
24	257
25	818
26	818
27	879
28	934
29	841
30	55
31	784
32	684
33	760
34	444
35	700
36	520
37	89
38	106
39	875
40	898
41	917
42	454
43	98
44	97
45	69
46	892
47	988
48	835
49	323
50	954
51	551
52	778
53	287
54	204
55	974
56	652
57	266
58	423
59	817
60	643
61	728
62	667
63	317
64	792
65	153
66	505
67	661
68	578
69	337
70	28
71	426
72	250
73	625
74	901
75	788
76	383
77	15
78	284
79	713
80	735
81	432
82	211
83	666
84	664
85	471
86	848
87	835
88	603
89	528
90	344
91	512
92	586
93	945
94	900
95	12
96	953
97	800
98	102
99	125
100	216
101	559
102	860
103	660
104	776
105	601
106	300
107	40
108	713
109	748
110	942
111	433
112	558
113	888
114	651
115	208
116	460
117	780
118	660
119	150
120	171
121	650
122	29
123	516
124	526
125	647
126	886
127	551
128	694
129	406
130	787
131	478
132	127
133	166
134	661
135	568
136	99
137	452
138	311
139	898
140	858
141	230
142	45
143	114
144	613
145	462
146	989
147	643
148	895
149	444
150	562
151	959
152	170
153	579
154	358
155	334
156	495
157	288
158	571
159	764
160	964
161	72
162	475
163	542
164	601
165	52
166	356
167	880
168	20
169	837
170	754
171	81
172	772
173	637
174	445
175	822
176	217
177	927
178	511
179	804
180	772
181	111
182	612
183	950
184	316
185	76
186	814
187	103
188	967
189	441
190	62
191	373
192	36
193	41
194	410
195	911
196	830
197	804
198	37
199	259
200	201
Classes	5000
Teachers	2500
1	996
2	1997
3	1434
4	1345
5	2270
6	1790
7	1139
8	177
9	1597
10	1776
11	1427
12	131
13	1299
14	1051
15	1949
16	1117
17	589
18	2133
19	2396
20	1829
21	1445
22	737
23	579
24	1301
25	1635
26	1512
27	1642
28	2455
29	1237
30	1642
31	1286
32	278
33	1366
34	1621
35	993
36	615
37	971
38	1577
39	353
40	504
41	1323
42	1564
43	375
44	158
45	100
46	685
47	2187
48	933
49	590
50	100
51	1544
52	2150
53	743
54	1439
55	1561
56	694
57	305
58	345
59	1973
60	1438
61	1239
62	1786
63	1395
64	2169
65	1658
66	655
67	1471
68	615
69	568
70	1855
71	2321
72	1904
73	488
74	516
75	981
76	444
77	1122
78	1062
79	132
80	1944
81	1504
82	1142
83	1371
84	983
85	1204
86	799
87	2360
88	899
89	1199
90	1959
91	130
92	1598
93	2345
94	718
95	833
96	899
97	493
98	1408
99	592
100	853
101	2460
102	1377
103	509
104	980
105	1183
106	933
107	1662
108	1399
109	1582
110	255
111	1274
112	1909
113	1795
114	2135
115	996
116	403
117	2403
118	1790
119	1097
120	2014
121	1012
122	1440
123	1251
124	392
125	586
126	249
127	1135
128	736
129	377
130	1645
131	2259
132	940
133	2327
134	1810
135	850
136	1296
137	101
138	460
139	1920
140	1087
141	1442
142	1747
143	1674
144	1185
145	2365
146	128
147	156
148	662
149	257
150	1648
151	1038
152	1533
153	635
154	1817
155	961
156	730
157	436
158	2471
159	2304
160	1373
161	1148
162	1378
163	2414
164	1843
165	1415
166	2196
167	220
168	316
169	1346
170	1586
171	1019
172	998
173	490
174	1632
175	1011
176	783
177	2224
178	250
179	2328
180	1808
181	2162
182	1268
183	1089
184	1090
185	2213
186	1063
187	2081
188	2252
189	280
190	787
191	1145
192	946
193	1924
194	2182
195	985
196	671
197	2087
198	1087
199	511
200	1276
201	1775
202	1454
203	1792
204	656
205	1244
206	1295
207	273
208	671
209	761
210	1736
211	2039
212	1942
213	2022
214	382
215	8
216	1269
217	1855
218	43
219	2089
220	2077
221	1827
222	2054
223	2382
224	2430
225	276
226	255
227	1127
228	227
229	1389
230	92
231	2043
232	1239
233	156
234	761
235	819
236	2307
237	1440
238	1825
239	364
240	2062
241	391
242	844
243	120
244	881
245	1417
246	2292
247	588
248	711
249	1781
250	162
251	85
252	1259
253	2226
254	1076
255	1319
256	2143
257	2392
258	2004
259	2048
260	2090
261	1384
262	92
263	86
264	1577
265	1365
266	467
267	1236
268	1958
269	2348
270	1402
271	370
272	2456
273	796
274	1910
275	649
276	474
277	668
278	1876
279	62
280	792
281	641
282	1954
283	2002
284	707
285	150
286	1200
287	1767
288	1631
289	476
290	878
291	1628
292	1971
293	12
294	1369
295	709
296	2140
297	1878
298	80
299	1922
300	497
301	1666
302	1914
303	1725
304	2171
305	1046
306	282
307	825
308	310
309	1044
310	655
311	478
312	2089
313	751
314	877
315	330
316	317
317	2065
318	2266
319	520
320	1659
321	1137
322	1716
323	122
324	1096
325	1202
326	1402
327	2241
328	350
329	329
330	1265
331	1806
332	1150
333	2251
334	1052
335	2046
336	1118
337	813
338	893
339	49
340	82
341	1854
342	133
343	297
344	1421
345	1013
346	1551
347	2079
348	75
349	2476
350	2159
351	2104
352	2082
353	1006
354	1357
355	1164
356	2363
357	515
358	1579
359	1065
360	1486
361	1844
362	527
363	561
364	2026
365	423
366	1134
367	2368
368	2076
369	1964
370	1216
371	1921
372	2356
373	1197
374	2190
375	954
376	684
377	1752
378	1686
379	1252
380	1856
381	1861
382	717
383	64
384	1333
385	852
386	1753
387	1340
388	24
389	50
390	1579
391	521
392	1389
393	2442
394	2206
395	1919
396	6
397	99
398	908
399	1541
400	1698
401	1749
402	2353
403	450
404	1978
405	1585
406	259
407	2153
408	1246
409	225
410	1974
411	2070
412	704
413	1068
414	2242
415	1033
416	1774
417	1920
418	1852
419	2079
420	1644
421	1365
422	160
423	1640
424	361
425	2228
426	561
427	859
428	2212
429	1517
430	1583
431	1533
432	528
433	1362
434	2014
435	1688
436	894
437	1727
438	51
439	2117
440	151
441	563
442	662
443	1693
444	1814
445	915
446	364
447	334
448	2171
449	764
450	1977
451	1082
452	169
453	1121
454	1987
455	1985
456	1130
457	2159
458	1316
459	776
460	837
461	2397
462	750
463	1109
464	624
465	2054
466	2113
467	695
468	1063
469	1572
470	1880
471	1877
472	1203
473	1980
474	750
475	1507
476	366
477	1042
478	1319
479	1979
480	184
481	1255
482	1531
483	683
484	1338
485	634
486	947
487	2348
488	458
489	940
490	1467
491	1059
492	634
493	433
494	935
495	1823
496	2111
497	1570
498	734
499	132
500	195
501	1912
502	793
503	1865
504	1074
505	1755
506	2205
507	712
508	521
509	2114
510	451
511	1890
512	1501
513	416
514	1857
515	24
516	465
517	1408
518	2431
519	2049
520	1344
521	2395
522	2127
523	558
524	2230
525	527
526	69
527	1089
528	1647
529	2465
530	782
531	1783
532	853
533	2160
534	636
535	2414
536	2077
537	1916
538	1058
539	2388
540	658
541	746
542	1340
543	1257
544	720
545	1381
546	1742
547	1755
548	1252
549	1182
550	1118
551	1496
552	781
553	1516
554	1588
555	844
556	2023
557	1257
558	2412
559	83
560	1233
561	2102
562	1896
563	357
564	1684
565	2358
566	187
567	1602
568	1944
569	446
570	1486
571	1941
572	1482
573	1903
574	303
575	927
576	1478
577	431
578	9
579	1082
580	2030
581	1613
582	1734
583	304
584	908
585	125
586	1288
587	1207
588	1169
589	2029
590	546
591	847
592	930
593	1716
594	2118
595	1728
596	1158
597	2204
598	1008
599	1649
600	1975
601	1784
602	543
603	1182
604	677
605	660
606	145
607	1690
608	956
609	120
610	152
611	1530
612	145
613	1455
614	17
615	869
616	653
617	777
618	2082
619	2401
620	1205
621	695
622	1095
623	959
624	1066
625	1879
626	1160
627	1545
628	2342
629	111
630	500
631	2272
632	1678
633	1751
634	1798
635	1529
636	191
637	110
638	1960
639	1781
640	1189
641	1510
642	1449
643	2231
644	1779
645	2113
646	1265
647	728
648	747
649	2157
650	1730
651	1846
652	1954
653	1557
654	1801
655	1835
656	777
657	32
658	2187
659	682
660	2352
661	1121
662	1795
663	474
664	2365
665	690
666	1604
667	1149
668	1092
669	848
670	789
671	2101
672	361
673	1807
674	1775
675	1363
676	244
677	577
678	1567
679	1620
680	1128
681	1483
682	1189
683	2268
684	1232
685	263
686	281
687	2354
688	851
689	235
690	1804
691	926
692	1760
693	802
694	2071
695	2308
696	1609
697	847
698	1979
699	1501
700	1678
701	1491
702	1115
703	2318
704	1106
705	554
706	1274
707	1414
708	1705
709	1753
710	2193
711	1974
712	31
713	44
714	542
715	448
716	1655
717	1277
718	441
719	2445
720	2290
721	1890
722	1695
723	1699
724	2360
725	2276
726	2235
727	43
728	1868
729	699
730	1656
731	1744
732	951
733	1608
734	2323
735	368
736	2300
737	391
738	1789
739	1589
740	888
741	1802
742	851
743	2321
744	2265
745	1900
746	2322
747	2359
748	1902
749	756
750	1938
751	1792
752	802
753	1687
754	9
755	1049
756	181
757	894
758	1515
759	367
760	38
761	2340
762	657
763	1352
764	1447
765	2252
766	1053
767	162
768	1791
769	1814
770	545
771	2440
772	1316
773	177
774	360
775	597
776	1677
777	2445
778	1948
779	681
780	807
781	1634
782	1228
783	1264
784	1253
785	1647
786	1001
787	20
788	2091
789	833
790	1225
791	1204
792	2300
793	842
794	545
795	1151
796	740
797	1468
798	1068
799	1054
800	1889
801	1214
802	1134
803	867
804	1531
805	1622
806	522
807	1095
808	2201
809	10
810	2262
811	1800
812	2460
813	1802
814	1090
815	1030
816	1301
817	2186
818	1869
819	1040
820	875
821	1705
822	516
823	642
824	509
825	1123
826	519
827	87
828	303
829	2033
830	879
831	1750
832	438
833	2379
834	2067
835	1691
836	903
837	2053
838	1241
839	691
840	1023
841	715
842	1162
843	1946
844	1472
845	176
846	58
847	1520
848	1950
849	1364
850	384
851	147
852	2499
853	1157
854	1831
855	2170
856	2167
857	687
858	124
859	2355
860	2003
861	2045
862	1913
863	1312
864	57
865	2257
866	924
867	330
868	170
869	340
870	346
871	181
872	2010
873	1863
874	943
875	482
876	2403
877	2073
878	154
879	1201
880	1457
881	1594
882	514
883	231
884	1102
885	1318
886	1412
887	1349
888	1674
889	1515
890	1991
891	2008
892	2488
893	1815
894	1546
895	2384
896	2245
897	1557
898	1838
899	1245
900	2434
901	672
902	606
903	28
904	1591
905	1994
906	2090
907	1373
908	332
909	108
910	2485
911	183
912	701
913	1794
914	264
915	755
916	2254
917	1982
918	2483
919	278
920	884
921	1378
922	431
923	1449
924	2341
925	1222
926	2045
927	1876
928	1570
929	1322
930	2072
931	318
932	2125
933	425
934	1951
935	875
936	991
937	1829
938	1660
939	344
940	2452
941	1174
942	2434
943	1910
944	289
945	656
946	900
947	1137
948	379
949	1476
950	2425
951	2117
952	2361
953	702
954	774
955	1004
956	2298
957	1445
958	1423
959	407
960	2349
961	140
962	2041
963	2483
964	596
965	690
966	234
967	1715
968	920
969	1818
970	2450
971	1727
972	1991
973	2118
974	2142
975	1862
976	792
977	276
978	1079
979	1165
980	2162
981	1821
982	2270
983	1934
984	1819
985	849
986	1585
987	1851
988	817
989	1425
990	412
991	2094
992	1142
993	465
994	434
995	1929
996	1229
997	479
998	523
999	356
1000	1799
1001	2137
1002	2430
1003	2364
1004	1420
1005	1791
1006	8
1007	426
1008	1839
1009	1959
1010	1358
1011	2394
1012	440
1013	766
1014	2293
1015	1661
1016	331
1017	49
1018	2017
1019	712
1020	2309
1021	1687
1022	451
1023	32
1024	2311
1025	2383
1026	161
1027	1011
1028	960
1029	867
1030	1904
1031	137
1032	836
1033	1507
1034	1564
1035	2336
1036	1940
1037	1367
1038	2376
1039	1555
1040	511
1041	1104
1042	35
1043	1270
1044	158
1045	590
1046	72
1047	4
1048	272
1049	328
1050	982
1051	2202
1052	2332
1053	109
1054	1040
1055	1160
1056	365
1057	198
1058	1136
1059	1069
1060	2229
1061	293
1062	439
1063	1296
1064	1652
1065	1581
1066	2189
1067	213
1068	28
1069	377
1070	1953
1071	2128
1072	917
1073	1747
1074	1459
1075	1512
1076	1026
1077	2092
1078	94
1079	1541
1080	1066
1081	2325
1082	232
1083	410
1084	1546
1085	1193
1086	1612
1087	1092
1088	876
1089	514
1090	1848
1091	537
1092	1351
1093	2481
1094	1658
1095	893
1096	2487
1097	986
1098	2006
1099	1423
1100	1712
1101	734
1102	1255
1103	378
1104	1597
1105	2104
1106	81
1107	1821
1108	403
1109	2157
1110	2479
1111	2370
1112	1177
1113	1247
1114	714
1115	537
1116	1908
1117	972
1118	1411
1119	415
1120	879
1121	2278
1122	2274
1123	601
1124	2442
1125	2192
1126	1863
1127	504
1128	1993
1129	2019
1130	38
1131	1141
1132	623
1133	94
1134	2290
1135	112
1136	351
1137	557
1138	1388
1139	272
1140	1745
1141	1478
1142	687
1143	56
1144	2458
1145	54
1146	1524
1147	2172
1148	913
1149	406
1150	2402
1151	1872
1152	1149
1153	548
1154	1852
1155	774
1156	291
1157	1911
1158	2471
1159	1349
1160	2413
1161	86
1162	1719
1163	1788
1164	1784
1165	1874
1166	1839
1167	2223
1168	1392
1169	2302
1170	1318
1171	1563
1172	2320
1173	700
1174	19
1175	2220
1176	1032
1177	831
1178	730
1179	2372
1180	27
1181	2111
1182	326
1183	1882
1184	2024
1185	1344
1186	291
1187	932
1188	2087
1189	280
1190	772
1191	820
1192	468
1193	2203
1194	1520
1195	1077
1196	669
1197	1724
1198	862
1199	1505
1200	1667
1201	2031
1202	356
1203	1592
1204	1858
1205	757
1206	564
1207	1787
1208	2019
1209	463
1210	602
1211	1719
1212	962
1213	2068
1214	263
1215	1218
1216	852
1217	192
1218	576
1219	826
1220	141
1221	1886
1222	862
1223	2362
1224	479
1225	1601
1226	6
1227	1825
1228	1530
1229	1652
1230	360
1231	2499
1232	1799
1233	841
1234	1174
1235	738
1236	1284
1237	1606
1238	411
1239	911
1240	1433
1241	1120
1242	433
1243	1703
1244	2081
1245	153
1246	1843
1247	1601
1248	1969
1249	63
1250	1102
1251	1483
1252	68
1253	2421
1254	1749
1255	2032
1256	1214
1257	1122
1258	1900
1259	2229
1260	401
1261	692
1262	575
1263	1728
1264	2417
1265	2231
1266	133
1267	154
1268	252
1269	693
1270	812
1271	2317
1272	419
1273	96
1274	576
1275	834
1276	2180
1277	191
1278	2053
1279	546
1280	2004
1281	737
1282	2311
1283	664
1284	1902
1285	823
1286	1980
1287	2378
1288	1342
1289	2346
1290	50
1291	765
1292	2306
1293	2427
1294	1261
1295	1885
1296	283
1297	1088
1298	892
1299	2233
1300	1743
1301	5
1302	2225
1303	2449
1304	736
1305	2404
1306	168
1307	1587
1308	582
1309	1998
1310	1692
1311	1116
1312	1782
1313	1376
1314	318
1315	1599
1316	2327
1317	2369
1318	332
1319	2281
1320	2075
1321	2470
1322	1191
1323	1429
1324	1926
1325	2416
1326	2119
1327	1617
1328	1608
1329	193
1330	788
1331	672
1332	988
1333	1450
1334	1352
1335	2029
1336	790
1337	353
1338	483
1339	2248
1340	1271
1341	2193
1342	241
1343	684
1344	381
1345	2185
1346	1627
1347	2328
1348	1439
1349	729
1350	84
1351	1528
1352	1477
1353	1404
1354	889
1355	928
1356	621
1357	694
1358	144
1359	225
1360	123
1361	1271
1362	1400
1363	214
1364	883
1365	1848
1366	2243
1367	147
1368	222
1369	470
1370	881
1371	2439
1372	1460
1373	2198
1374	1272
1375	2396
1376	2169
1377	1801
1378	71
1379	1425
1380	1479
1381	194
1382	1076
1383	2132
1384	733
1385	1230
1386	136
1387	2062
1388	1381
1389	990
1390	376
1391	888
1392	25
1393	647
1394	1626
1395	131
1396	2078
1397	315
1398	1267
1399	719
1400	62
1401	1559
1402	1720
1403	1918
1404	1906
1405	1767
1406	2306
1407	2488
1408	2217
1409	1050
1410	2097
1411	126
1412	2069
1413	621
1414	2397
1415	640
1416	838
1417	2132
1418	2211
1419	2138
1420	2165
1421	1313
1422	1999
1423	968
1424	649
1425	674
1426	1756
1427	1026
1428	1145
1429	2464
1430	1509
1431	1466
1432	1690
1433	1892
1434	2225
1435	2220
1436	541
1437	337
1438	832
1439	960
1440	108
1441	1073
1442	1269
1443	1534
1444	1285
1445	388
1446	858
1447	943
1448	592
1449	1626
1450	1457
1451	677
1452	837
1453	2005
1454	1074
1455	226
1456	424
1457	2031
1458	600
1459	363
1460	1463
1461	1391
1462	1967
1463	396
1464	1718
1465	378
1466	1184
1467	1222
1468	692
1469	1903
1470	2276
1471	961
1472	1859
1473	37
1474	1831
1475	2021
1476	2066
1477	1630
1478	1985
1479	548
1480	1542
1481	971
1482	1785
1483	2102
1484	778
1485	363
1486	2371
1487	373
1488	528
1489	1388
1490	1960
1491	944
1492	1334
1493	1460
1494	212
1495	314
1496	1624
1497	997
1498	1637
1499	523
1500	338
1501	1882
1502	2190
1503	1203
1504	1370
1505	2216
1506	155
1507	724
1508	20
1509	1077
1510	1294
1511	705
1512	2059
1513	1699
1514	1194
1515	526
1516	195
1517	2156
1518	178
1519	651
1520	323
1521	319
1522	1078
1523	874
1524	197
1525	354
1526	1354
1527	831
1528	1620
1529	2443
1530	1123
1531	1766
1532	2100
1533	2466
1534	952
1535	477
1536	2202
1537	1047
1538	2366
1539	325
1540	1341
1541	69
1542	2402
1543	2472
1544	1470
1545	1416
1546	1410
1547	1405
1548	2075
1549	411
1550	502
1551	275
1552	214
1553	1037
1554	1456
1555	757
1556	439
1557	2443
1558	807
1559	2129
1560	803
1561	1689
1562	1107
1563	1093
1564	2028
1565	835
1566	1071
1567	763
1568	838
1569	845
1570	143
1571	653
1572	972
1573	307
1574	376
1575	919
1576	171
1577	517
1578	1538
1579	874
1580	407
1581	870
1582	1857
1583	2423
1584	654
1585	427
1586	266
1587	904
1588	2392
1589	1958
1590	137
1591	2027
1592	188
1593	2373
1594	1097
1595	406
1596	857
1597	1048
1598	139
1599	1574
1600	59
1601	1691
1602	1013
1603	1325
1604	1851
1605	809
1606	2096
1607	1196
1608	231
1609	691
1610	1497
1611	1504
1612	1953
1613	77
1614	1216
1615	941
1616	1376
1617	1042
1618	2144
1619	1506
1620	965
1621	1377
1622	427
1623	1736
1624	1285
1625	764
1626	2259
1627	1924
1628	19
1629	1771
1630	2339
1631	2025
1632	1873
1633	1713
1634	1272
1635	2243
1636	106
1637	1161
1638	948
1639	2170
1640	2320
1641	2447
1642	842
1643	2322
1644	1273
1645	1034
1646	2246
1647	1522
1648	453
1649	2427
1650	643
1651	450
1652	2114
1653	1023
1654	643
1655	2186
1656	253
1657	2258
1658	1259
1659	878
1660	1875
1661	326
1662	507
1663	1803
1664	1928
1665	33
1666	244
1667	13
1668	1303
1669	980
1670	995
1671	2080
1672	1547
1673	66
1674	929
1675	756
1676	626
1677	1436
1678	914
1679	1254
1680	828
1681	1668
1682	2271
1683	1956
1684	510
1685	2374
1686	289
1687	122
1688	931
1689	1816
1690	1503
1691	2253
1692	1559
1693	2497
1694	194
1695	513
1696	1935
1697	1891
1698	2141
1699	674
1700	830
1701	1036
1702	246
1703	416
1704	492
1705	141
1706	2362
1707	1229
1708	1754
1709	1693
1710	1659
1711	650
1712	2044
1713	939
1714	1242
1715	183
1716	630
1717	1287
1718	1656
1719	1184
1720	903
1721	2372
1722	2021
1723	2136
1724	1034
1725	494
1726	1723
1727	2183
1728	200
1729	2466
1730	1379
1731	2066
1732	788
1733	384
1734	1320
1735	1195
1736	2448
1737	3
1738	2368
1739	2277
1740	1833
1741	1338
1742	55
1743	701
1744	2398
1745	817
1746	827
1747	2084
1748	2256
1749	1649
1750	1472
1751	1418
1752	749
1753	1968
1754	1031
1755	2490
1756	1333
1757	1488
1758	1636
1759	1180
1760	664
1761	1884
1762	309
1763	1369
1764	1628
1765	1550
1766	2204
1767	1060
1768	2078
1769	1891
1770	1396
1771	705
1772	1130
1773	2277
1774	697
1775	1895
1776	1779
1777	432
1778	2123
1779	1880
1780	530
1781	614
1782	1849
1783	417
1784	2291
1785	1038
1786	1037
1787	1051
1788	396
1789	46
1790	1906
1791	26
1792	542
1793	717
1794	1632
1795	1877
1796	594
1797	1885
1798	1846
1799	344
1800	2084
1801	432
1802	1596
1803	2289
1804	1819
1805	2350
1806	458
1807	541
1808	1135
1809	1764
1810	1702
1811	678
1812	902
1813	1524
1814	2343
1815	216
1816	2133
1817	1195
1818	1562
1819	718
1820	2308
1821	1455
1822	711
1823	1807
1824	873
1825	2195
1826	1800
1827	93
1828	74
1829	210
1830	401
1831	2476
1832	1223
1833	811
1834	651
1835	529
1836	1864
1837	415
1838	2022
1839	839
1840	2343
1841	1828
1842	160
1843	2143
1844	1302
1845	150
1846	1358
1847	840
1848	1244
1849	14
1850	1081
1851	348
1852	1545
1853	390
1854	2332
1855	1258
1856	1735
1857	4
1858	1868
1859	1372
1860	1919
1861	2441
1862	175
1863	1648
1864	1553
1865	836
1866	1238
1867	1614
1868	1484
1869	2226
1870	64
1871	109
1872	1315
1873	5
1874	825
1875	1508
1876	1152
1877	2228
1878	1970
1879	816
1880	981
1881	165
1882	1069
1883	2267
1884	107
1885	1419
1886	1375
1887	760
1888	530
1889	870
1890	2379
1891	340
1892	1886
1893	2384
1894	1151
1895	669
1896	2294
1897	741
1898	2015
1899	752
1900	766
1901	1771
1902	508
1903	392
1904	1133
1905	663
1906	224
1907	343
1908	455
1909	1689
1910	2035
1911	949
1912	2435
1913	2156
1914	2182
1915	2395
1916	560
1917	2141
1918	362
1919	1624
1920	801
1921	320
1922	1943
1923	227
1924	2487
1925	2318
1926	1012
1927	1206
1928	613
1929	370
1930	1508
1931	1354
1932	1993
1933	1107
1934	315
1935	2391
1936	1284
1937	394
1938	2191
1939	1916
1940	2312
1941	395
1942	1580
1943	644
1944	1758
1945	74
1946	2052
1947	1128
1948	2048
1949	1218
1950	566
1951	1168
1952	235
1953	760
1954	373
1955	1616
1956	316
1957	1571
1958	2175
1959	104
1960	1163
1961	2060
1962	1183
1963	666
1964	1266
1965	1806
1966	2431
1967	754
1968	1131
1969	123
1970	1456
1971	1304
1972	1312
1973	998
1974	1070
1975	555
1976	805
1977	2063
1978	2344
1979	199
1980	2256
1981	1117
1982	1731
1983	405
1984	417
1985	151
1986	1990
1987	1581
1988	1227
1989	583
1990	1793
1991	1698
1992	237
1993	642
1994	359
1995	2160
1996	1933
1997	556
1998	1028
1999	2420
2000	1113
2001	387
2002	390
2003	959
2004	507
2005	991
2006	2124
2007	489
2008	1083
2009	723
2010	248
2011	685
2012	647
2013	198
2014	29
2015	73
2016	1476
2017	1734
2018	454
2019	1870
2020	455
2021	1313
2022	804
2023	1223
2024	1165
2025	744
2026	1058
2027	446
2028	1966
2029	266
2030	1465
2031	213
2032	321
2033	2234
2034	2286
2035	524
2036	1186
2037	1981
2038	1405
2039	2059
2040	728
2041	357
2042	1593
2043	1150
2044	597
2045	67
2046	157
2047	1818
2048	2040
2049	1488
2050	1401
2051	2428
2052	2272
2053	952
2054	1321
2055	2209
2056	493
2057	1437
2058	1311
2059	2230
2060	1893
2061	2024
2062	168
2063	155
2064	1024
2065	1465
2066	755
2067	1609
2068	785
2069	233
2070	1610
2071	2436
2072	1861
2073	1434
2074	174
2075	336
2076	1374
2077	1892
2078	630
2079	1343
2080	1070
2081	620
2082	585
2083	1780
2084	412
2085	228
2086	2254
2087	1268
2088	2433
2089	1337
2090	2297
2091	441
2092	1487
2093	2249
2094	1567
2095	2413
2096	2472
2097	256
2098	612
2099	142
2100	2401
2101	603
2102	2043
2103	2266
2104	2383
2105	2349
2106	1320
2107	346
2108	2374
2109	2047
2110	2215
2111	169
2112	486
2113	901
2114	1213
2115	1688
2116	904
2117	1356
2118	1191
2119	1587
2120	1999
2121	1236
2122	2498
2123	854
2124	1707
2125	667
2126	1179
2127	354
2128	889
2129	1721
2130	1762
2131	232
2132	2421
2133	2214
2134	1490
2135	1129
2136	1291
2137	54
2138	834
2139	1600
2140	1962
2141	1475
2142	595
2143	740
2144	909
2145	1279
2146	2257
2147	1815
2148	2489
2149	1578
2150	2218
2151	1052
2152	103
2153	1983
2154	2091
2155	637
2156	1176
2157	1031
2158	1568
2159	887
2160	1067
2161	2474
2162	199
2163	2183
2164	945
2165	2283
2166	984
2167	2219
2168	1386
2169	944
2170	752
2171	790
2172	954
2173	2274
2174	267
2175	369
2176	1804
2177	2037
2178	1618
2179	421
2180	2060
2181	1992
2182	1971
2183	215
2184	2485
2185	1355
2186	144
2187	136
2188	575
2189	1024
2190	1170
2191	989
2192	1548
2193	568
2194	915
2195	124
2196	161
2197	1867
2198	650
2199	143
2200	2196
2201	882
2202	1905
2203	34
2204	200
2205	2304
2206	1595
2207	1883
2208	397
2209	1930
2210	1020
2211	323
2212	698
2213	2482
2214	2455
2215	1878
2216	1636
2217	2069
2218	429
2219	334
2220	1049
2221	1787
2222	1397
2223	1473
2224	1461
2225	1761
2226	410
2227	2325
2228	681
2229	1537
2230	714
2231	310
2232	1932
2233	1463
2234	2416
2235	2008
2236	1983
2237	343
2238	1136
2239	1973
2240	63
2241	1085
2242	1805
2243	2240
2244	2233
2245	2358
2246	2491
2247	444
2248	2340
2249	2080
2250	820
2251	551
2252	2236
2253	452
2254	306
2255	1595
2256	26
2257	347
2258	2247
2259	612
2260	1325
2261	1721
2262	2451
2263	1350
2264	522
2265	2056
2266	1003
2267	1235
2268	423
2269	1554
2270	1108
2271	1435
2272	1307
2273	706
2274	858
2275	128
2276	464
2277	486
2278	1359
2279	179
2280	116
2281	2074
2282	1387
2283	2013
2284	1789
2285	1563
2286	2052
2287	823
2288	1610
2289	476
2290	786
2291	496
2292	2341
2293	294
2294	1010
2295	1169
2296	577
2297	2028
2298	2250
2299	785
2300	90
2301	2107
2302	456
2303	95
2304	706
2305	1842
2306	567
2307	1380
2308	595
2309	544
2310	2061
2311	2404
2312	110
2313	1738
2314	1450
2315	1401
2316	1181
2317	2016
2318	1666
2319	2176
2320	467
2321	574
2322	2134
2323	2418
2324	1964
2325	902
2326	2234
2327	337
2328	880
2329	1132
2330	1957
2331	172
2332	1286
2333	2477
2334	1056
2335	319
2336	1270
2337	1018
2338	2076
2339	2313
2340	371
2341	1126
2342	2101
2343	2284
2344	1431
2345	253
2346	990
2347	1094
2348	2453
2349	1911
2350	1093
2351	2123
2352	269
2353	281
2354	1430
2355	1411
2356	447
2357	1452
2358	18
2359	1264
2360	552
2361	2040
2362	1812
2363	864
2364	565
2365	142
2366	635
2367	1115
2368	2294
2369	965
2370	1291
2371	490
2372	2295
2373	1967
2374	911
2375	2359
2376	188
2377	2245
2378	1451
2379	2461
2380	607
2381	1410
2382	1345
2383	1254
2384	936
2385	1723
2386	1225
2387	855
2388	783
2389	47
2390	1500
2391	2085
2392	245
2393	1317
2394	2334
2395	2012
2396	173
2397	1733
2398	964
2399	2263
2400	264
2401	2184
2402	999
2403	2037
2404	1213
2405	438
2406	2172
2407	1084
2408	2446
2409	239
2410	116
2411	409
2412	2412
2413	299
2414	845
2415	913
2416	666
2417	207
2418	966
2419	1940
2420	1594
2421	2440
2422	1888
2423	2010
2424	1260
2425	974
2426	2218
2427	2267
2428	1053
2429	1422
2430	2351
2431	234
2432	1917
2433	1968
2434	645
2435	549
2436	1280
2437	1158
2438	744
2439	1226
2440	1710
2441	1380
2442	1509
2443	1580
2444	1718
2445	347
2446	1357
2447	1190
2448	2032
2449	102
2450	1356
2451	252
2452	368
2453	645
2454	1969
2455	2136
2456	1146
2457	454
2458	1854
2459	274
2460	2435
2461	2200
2462	1132
2463	1025
2464	1966
2465	657
2466	2411
2467	1994
2468	547
2469	1176
2470	1630
2471	89
2472	365
2473	298
2474	1322
2475	313
2476	1392
2477	738
2478	731
2479	1739
2480	946
2481	816
2482	1732
2483	1870
2484	452
2485	974
2486	1490
2487	292
2488	2148
2489	1812
2490	55
2491	1393
2492	1551
2493	248
2494	463
2495	945
2496	2409
2497	2005
2498	2347
2499	1164
2500	510
2501	2251
2502	1396
2503	989
2504	1949
2505	2470
2506	296
2507	1424
2508	935
2509	2424
2510	680
2511	342
2512	942
2513	1422
2514	1394
2515	1143
2516	1528
2517	1112
2518	2241
2519	2018
2520	2098
2521	877
2522	1934
2523	1757
2524	1780
2525	1661
2526	130
2527	2263
2528	126
2529	1041
2530	813
2531	491
2532	2085
2533	578
2534	735
2535	258
2536	2211
2537	2439
2538	1234
2539	939
2540	1506
2541	91
2542	670
2543	1798
2544	352
2545	249
2546	2030
2547	856
2548	277
2549	259
2550	2112
2551	1519
2552	1015
2553	1681
2554	1104
2555	1421
2556	2188
2557	461
2558	1418
2559	1096
2560	1307
2561	654
2562	89
2563	1694
2564	494
2565	1172
2566	399
2567	526
2568	1186
2569	2175
2570	811
2571	600
2572	928
2573	1686
2574	1473
2575	2227
2576	1109
2577	1713
2578	1091
2579	1694
2580	1519
2581	958
2582	1353
2583	506
2584	520
2585	2437
2586	1406
2587	1638
2588	558
2589	1558
2590	1398
2591	1467
2592	1844
2593	1637
2594	748
2595	966
2596	1643
2597	1067
2598	1420
2599	890
2600	1281
2601	956
2602	512
2603	1522
2604	1793
2605	2275
2606	978
2607	283
2608	96
2609	1550
2610	483
2611	77
2612	1475
2613	1684
2614	855
2615	1568
2616	2150
2617	449
2618	1645
2619	205
2620	1496
2621	1084
2622	968
2623	2324
2624	609
2625	192
2626	1311
2627	2203
2628	2205
2629	762
2630	2047
2631	1590
2632	497
2633	1865
2634	2195
2635	42
2636	2055
2637	1950
2638	2038
2639	828
2640	2255
2641	1277
2642	726
2643	1514
2644	2155
2645	633
2646	1314
2647	1487
2648	76
2649	2490
2650	1672
2651	1679
2652	758
2653	1881
2654	488
2655	856
2656	1961
2657	571
2658	1625
2659	810
2660	882
2661	2009
2662	2313
2663	1536
2664	1415
2665	80
2666	1492
2667	148
2668	1708
2669	625
2670	1228
2671	986
2672	2454
2673	1230
2674	2409
2675	1119
2676	587
2677	478
2678	1091
2679	139
2680	2482
2681	152
2682	2350
2683	2376
2684	436
2685	1167
2686	1014
2687	111
2688	1409
2689	1234
2690	1625
2691	1633
2692	1157
2693	501
2694	1009
2695	1043
2696	1035
2697	540
2698	1294
2699	428
2700	2237
2701	932
2702	2086
2703	435
2704	190
2705	2110
2706	1047
2707	2345
2708	2103
2709	359
2710	309
2711	1869
2712	2095
2713	12
2714	1474
2715	2299
2716	1324
2717	1219
2718	1113
2719	295
2720	90
2721	481
2722	216
2723	2153
2724	864
2725	2244
2726	1745
2727	224
2728	2271
2729	76
2730	119
2731	205
2732	2018
2733	1731
2734	2130
2735	129
2736	1163
2737	1208
2738	571
2739	1517
2740	2354
2741	97
2742	663
2743	285
2744	1992
2745	1827
2746	560
2747	1941
2748	1324
2749	2180
2750	753
2751	1895
2752	582
2753	382
2754	1502
2755	1680
2756	2152
2757	242
2758	1760
2759	2189
2760	2
2761	512
2762	398
2763	1811
2764	311
2765	2221
2766	607
2767	2042
2768	1198
2769	298
2770	371
2771	609
2772	204
2773	239
2774	1547
2775	1080
2776	1707
2777	964
2778	552
2779	1212
2780	667
2781	2429
2782	1909
2783	2438
2784	293
2785	2382
2786	508
2787	1729
2788	1972
2789	2465
2790	1303
2791	682
2792	71
2793	1834
2794	2098
2795	1348
2796	2249
2797	2068
2798	1360
2799	1384
2800	414
2801	1724
2802	1206
2803	947
2804	2119
2805	815
2806	525
2807	967
2808	2333
2809	1925
2810	583
2811	1591
2812	2000
2813	1198
2814	1871
2815	1669
2816	1016
2817	866
2818	2238
2819	460
2820	1511
2821	1982
2822	1256
2823	2492
2824	1464
2825	186
2826	2432
2827	631
2828	37
2829	1972
2830	1005
2831	1188
2832	1676
2833	2006
2834	841
2835	632
2836	745
2837	317
2838	2423
2839	639
2840	221
2841	241
2842	1293
2843	159
2844	1828
2845	1062
2846	1503
2847	1933
2848	2366
2849	119
2850	175
2851	222
2852	385
2853	538
2854	891
2855	287
2856	1682
2857	243
2858	399
2859	1937
2860	1786
2861	658
2862	1961
2863	1746
2864	349
2865	87
2866	466
2867	733
2868	2386
2869	1116
2870	2151
2871	1702
2872	383
2873	2351
2874	1849
2875	2486
2876	176
2877	1990
2878	800
2879	106
2880	905
2881	1489
2882	2144
2883	1221
2884	985
2885	2334
2886	79
2887	1538
2888	624
2889	843
2890	220
2891	70
2892	1196
2893	2496
2894	1008
2895	1788
2896	2324
2897	818
2898	869
2899	2316
2900	1618
2901	1706
2902	1871
2903	1729
2904	1526
2905	2212
2906	414
2907	871
2908	1754
2909	1633
2910	1035
2911	1003
2912	1167
2913	771
2914	102
2915	81
2916	873
2917	2246
2918	2015
2919	962
2920	1045
2921	1315
2922	1824
2923	535
2924	619
2925	75
2926	473
2927	1766
2928	1178
2929	533
2930	430
2931	1289
2932	447
2933	912
2934	320
2935	1432
2936	1879
2937	1192
2938	573
2939	271
2940	1845
2941	218
2942	567
2943	265
2944	1046
2945	2388
2946	1572
2947	1060
2948	529
2949	2418
2950	1830
2951	2017
2952	1298
2953	580
2954	1382
2955	1245
2956	1336
2957	420
2958	2109
2959	58
2960	1750
2961	270
2962	1085
2963	2115
2964	1237
2965	1224
2966	786
2967	287
2968	892
2969	1646
2970	772
2971	860
2972	2240
2973	1006
2974	593
2975	1459
2976	1001
2977	2007
2978	1840
2979	1864
2980	247
2981	589
2982	351
2983	1820
2984	48
2985	103
2986	1417
2987	773
2988	578
2989	1809
2990	2216
2991	348
2992	461
2993	2063
2994	2185
2995	167
2996	2109
2997	2237
2998	1334
2999	67
3000	491
3001	640
3002	1833
3003	1101
3004	2444
3005	107
3006	1912
3007	426
3008	2469
3009	2242
3010	2
3011	113
3012	1692
3013	1778
3014	1398
3015	457
3016	593
3017	2140
3018	1931
3019	1730
3020	2370
3021	1769
3022	2222
3023	860
3024	1207
3025	1756
3026	1437
3027	1996
3028	1737
3029	1015
3030	735
3031	1161
3032	922
3033	751
3034	1002
3035	1539
3036	1181
3037	2214
3038	1199
3039	2474
3040	1590
3041	1179
3042	282
3043	532
3044	1569
3045	1709
3046	1922
3047	1494
3048	1497
3049	186
3050	2074
3051	1998
3052	973
3053	2042
3054	66
3055	442
3056	1147
3057	7
3058	2478
3059	196
3060	189
3061	1575
3062	1276
3063	1811
3064	1643
3065	994
3066	1295
3067	1617
3068	632
3069	398
3070	1569
3071	1975
3072	212
3073	2105
3074	534
3075	584
3076	1986
3077	1339
3078	1110
3079	1211
3080	776
3081	2408
3082	1048
3083	408
3084	2057
3085	2122
3086	1162
3087	1913
3088	931
3089	1683
3090	1576
3091	228
3092	503
3093	1424
3094	2498
3095	1281
3096	2100
3097	1030
3098	1355
3099	762
3100	333
3101	1292
3102	2105
3103	95
3104	2198
3105	14
3106	1603
3107	2486
3108	52
3109	2038
3110	1406
3111	104
3112	1175
3113	1429
3114	708
3115	1469
3116	563
3117	1696
3118	1243
3119	159
3120	485
3121	480
3122	806
3123	955
3124	2027
3125	1918
3126	2115
3127	51
3128	2492
3129	2398
3130	2371
3131	2378
3132	1138
3133	394
3134	1288
3135	1329
3136	381
3137	803
3138	275
3139	30
3140	580
3141	1835
3142	202
3143	1809
3144	1209
3145	1025
3146	2255
3147	2293
3148	1390
3149	1280
3150	538
3151	1018
3152	1036
3153	1808
3154	445
3155	1945
3156	1711
3157	1323
3158	1141
3159	969
3160	312
3161	2477
3162	201
3163	274
3164	2191
3165	606
3166	1654
3167	1300
3168	1370
3169	824
3170	2128
3171	890
3172	1654
3173	1108
3174	973
3175	976
3176	1314
3177	1350
3178	775
3179	795
3180	1205
3181	1292
3182	926
3183	45
3184	173
3185	1830
3186	2131
3187	2316
3188	118
3189	638
3190	1996
3191	1480
3192	1055
3193	2278
3194	678
3195	1955
3196	1604
3197	1242
3198	1772
3199	369
3200	448
3201	1842
3202	1232
3203	1534
3204	468
3205	922
3206	2253
3207	1820
3208	646
3209	1238
3210	1414
3211	240
3212	1777
3213	1837
3214	138
3215	1498
3216	2219
3217	1837
3218	2390
3219	2357
3220	2155
3221	1351
3222	428
3223	1125
3224	1453
3225	1744
3226	420
3227	1419
3228	716
3229	1888
3230	2073
3231	2127
3232	13
3233	827
3234	2462
3235	1872
3236	854
3237	997
3238	775
3239	596
3240	639
3241	2268
3242	2178
3243	1860
3244	99
3245	1523
3246	1209
3247	2120
3248	1523
3249	1717
3250	2295
3251	1847
3252	1366
3253	389
3254	2165
3255	628
3256	1100
3257	83
3258	2458
3259	445
3260	440
3261	1711
3262	1901
3263	1586
3264	1957
3265	1616
3266	564
3267	2096
3268	1397
3269	2273
3270	620
3271	1739
3272	2108
3273	1560
3274	471
3275	2033
3276	40
3277	1202
3278	1413
3279	2449
3280	983
3281	2071
3282	1810
3283	716
3284	297
3285	559
3286	2012
3287	45
3288	268
3289	994
3290	1881
3291	31
3292	795
3293	1631
3294	905
3295	1816
3296	2357
3297	861
3298	1139
3299	1765
3300	1883
3301	395
3302	1492
3303	1451
3304	1532
3305	237
3306	164
3307	1697
3308	1685
3309	1866
3310	10
3311	1600
3312	421
3313	2176
3314	2112
3315	518
3316	2377
3317	2239
3318	2497
3319	754
3320	25
3321	819
3322	1217
3323	533
3324	1720
3325	2281
3326	1928
3327	2444
3328	549
3329	97
3330	1942
3331	2500
3332	258
3333	35
3334	2056
3335	805
3336	2419
3337	1279
3338	1494
3339	2469
3340	1606
3341	2333
3342	1921
3343	1045
3344	1887
3345	230
3346	2192
3347	1521
3348	1088
3349	2462
3350	603
3351	2451
3352	221
3353	1660
3354	1300
3355	2489
3356	1834
3357	262
3358	2367
3359	1367
3360	2013
3361	1251
3362	1981
3363	1638
3364	2065
3365	1152
3366	992
3367	1603
3368	2283
3369	731
3370	1875
3371	1073
3372	2025
3373	1955
3374	1172
3375	499
3376	2314
3377	859
3378	1004
3379	1078
3380	2061
3381	884
3382	40
3383	187
3384	284
3385	296
3386	1407
3387	1471
3388	1197
3389	471
3390	238
3391	482
3392	2108
3393	536
3394	1651
3395	1732
3396	704
3397	33
3398	437
3399	1700
3400	2385
3401	2122
3402	489
3403	2475
3404	806
3405	2239
3406	661
3407	1153
3408	288
3409	979
3410	1622
3411	1677
3412	2394
3413	1704
3414	2330
3415	2244
3416	800
3417	267
3418	1948
3419	588
3420	1706
3421	1574
3422	871
3423	2373
3424	865
3425	1339
3426	2188
3427	324
3428	2177
3429	1635
3430	48
3431	857
3432	1178
3433	179
3434	233
3435	434
3436	146
3437	995
3438	405
3439	2319
3440	2050
3441	240
3442	978
3443	185
3444	987
3445	2158
3446	464
3447	1683
3448	1762
3449	2262
3450	1330
3451	886
3452	1007
3453	1988
3454	2473
3455	778
3456	562
3457	676
3458	2139
3459	673
3460	1640
3461	469
3462	686
3463	1138
3464	2448
3465	1057
3466	2107
3467	1390
3468	250
3469	2145
3470	2411
3471	174
3472	324
3473	470
3474	153
3475	1634
3476	2086
3477	765
3478	112
3479	1099
3480	206
3481	1962
3482	2222
3483	1905
3484	2200
3485	848
3486	1757
3487	1650
3488	1330
3489	688
3490	180
3491	236
3492	2070
3493	1416
3494	1103
3495	2232
3496	146
3497	1016
3498	140
3499	840
3500	286
3501	2285
3502	748
3503	121
3504	1444
3505	180
3506	1898
3507	652
3508	673
3509	21
3510	950
3511	210
3512	689
3513	1219
3514	2369
3515	1970
3516	2393
3517	586
3518	572
3519	1899
3520	1748
3521	1513
3522	2072
3523	328
3524	2094
3525	2436
3526	2386
3527	246
3528	2478
3529	2437
3530	1596
3531	1125
3532	193
3533	1873
3534	167
3535	1480
3536	1258
3537	1075
3538	2344
3539	1653
3540	644
3541	408
3542	1560
3543	769
3544	721
3545	1371
3546	1893
3547	1393
3548	2289
3549	2177
3550	1170
3551	1124
3552	442
3553	313
3554	2484
3555	2064
3556	314
3557	539
3558	703
3559	1059
3560	1917
3561	2164
3562	495
3563	2491
3564	1696
3565	1263
3566	2433
3567	2420
3568	27
3569	1614
3570	2120
3571	1110
3572	1978
3573	1021
3574	618
3575	2479
3576	1427
3577	171
3578	1019
3579	56
3580	895
3581	987
3582	78
3583	409
3584	345
3585	1777
3586	696
3587	2130
3588	955
3589	1458
3590	2377
3591	1002
3592	1899
3593	1738
3594	708
3595	602
3596	1326
3597	1963
3598	1665
3599	2496
3600	1479
3601	1309
3602	322
3603	2273
3604	1481
3605	1007
3606	325
3607	65
3608	1685
3609	2149
3610	1675
3611	519
3612	1364
3613	1000
3614	1896
3615	1249
3616	1945
3617	70
3618	547
3619	202
3620	1444
3621	2301
3622	2410
3623	2481
3624	2364
3625	29
3626	1144
3627	2312
3628	557
3629	88
3630	830
3631	505
3632	917
3633	579
3634	1482
3635	2338
3636	525
3637	1540
3638	1850
3639	247
3640	1845
3641	555
3642	2217
3643	957
3644	1894
3645	1159
3646	2317
3647	78
3648	1020
3649	380
3650	2007
3651	1505
3652	219
3653	379
3654	1105
3655	1988
3656	975
3657	1592
3658	265
3659	134
3660	1144
3661	413
3662	1403
3663	1623
3664	1554
3665	1485
3666	2201
3667	286
3668	1168
3669	1536
3670	2355
3671	2236
3672	1175
3673	1337
3674	594
3675	485
3676	1725
3677	1022
3678	1321
3679	215
3680	1461
3681	920
3682	791
3683	791
3684	209
3685	1566
3686	148
3687	789
3688	821
3689	2184
3690	196
3691	793
3692	435
3693	1619
3694	2475
3695	896
3696	2375
3697	1769
3698	1655
3699	1100
3700	1146
3701	302
3702	683
3703	1650
3704	1226
3705	1140
3706	1454
3707	2092
3708	1484
3709	1256
3710	73
3711	1127
3712	481
3713	2138
3714	495
3715	1326
3716	1772
3717	1615
3718	1477
3719	44
3720	565
3721	812
3722	1897
3723	1714
3724	2039
3725	675
3726	2446
3727	1075
3728	2419
3729	726
3730	499
3731	339
3732	2126
3733	611
3734	93
3735	794
3736	676
3737	1499
3738	880
3739	1263
3740	386
3741	2049
3742	1670
3743	659
3744	1500
3745	2044
3746	164
3747	2173
3748	2335
3749	969
3750	697
3751	387
3752	2429
3753	2282
3754	270
3755	2058
3756	374
3757	1621
3758	115
3759	832
3760	419
3761	2002
3762	1447
3763	338
3764	2329
3765	36
3766	2099
3767	936
3768	91
3769	243
3770	982
3771	699
3772	2275
3773	7
3774	82
3775	702
3776	1710
3777	2158
3778	2057
3779	251
3780	1670
3781	2285
3782	2167
3783	1543
3784	948
3785	1173
3786	1154
3787	1343
3788	826
3789	1308
3790	628
3791	1332
3792	2387
3793	2329
3794	713
3795	907
3796	115
3797	1120
3798	372
3799	1193
3800	204
3801	1813
3802	327
3803	1947
3804	927
3805	1817
3806	2131
3807	729
3808	741
3809	1395
3810	1156
3811	700
3812	166
3813	2385
3814	105
3815	1889
3816	1481
3817	1368
3818	2279
3819	1442
3820	1044
3821	1194
3822	1840
3823	929
3824	1672
3825	459
3826	1235
3827	1261
3828	779
3829	1742
3830	1715
3831	170
3832	2064
3833	42
3834	469
3835	2380
3836	633
3837	1612
3838	942
3839	843
3840	1867
3841	587
3842	2425
3843	613
3844	1353
3845	1249
3846	1099
3847	2456
3848	1057
3849	531
3850	22
3851	1566
3852	604
3853	2103
3854	1510
3855	207
3856	513
3857	1937
3858	52
3859	1521
3860	1
3861	2390
3862	569
3863	534
3864	1578
3865	1375
3866	1005
3867	2307
3868	163
3869	375
3870	1061
3871	302
3872	1714
3873	300
3874	1629
3875	1709
3876	1763
3877	623
3878	2134
3879	550
3880	2035
3881	261
3882	743
3883	437
3884	1651
3885	616
3886	1548
3887	2026
3888	1409
3889	1431
3890	1565
3891	1081
3892	885
3893	1915
3894	1712
3895	822
3896	277
3897	686
3898	39
3899	2454
3900	901
3901	208
3902	1562
3903	1412
3904	641
3905	2309
3906	1676
3907	2213
3908	1485
3909	172
3910	1211
3911	2331
3912	413
3913	2310
3914	1273
3915	1952
3916	2292
3917	290
3918	605
3919	385
3920	1462
3921	208
3922	2135
3923	1498
3924	2298
3925	1298
3926	1540
3927	556
3928	937
3929	532
3930	85
3931	2269
3932	487
3933	1607
3934	759
3935	125
3936	1552
3937	749
3938	941
3939	1675
3940	397
3941	1681
3942	2168
3943	2178
3944	1946
3945	1114
3946	1915
3947	1332
3948	796
3949	262
3950	209
3951	349
3952	1220
3953	531
3954	713
3955	1619
3956	2221
3957	2338
3958	34
3959	2003
3960	47
3961	1201
3962	574
3963	1154
3964	211
3965	1156
3966	1041
3967	2353
3968	1240
3969	814
3970	1673
3971	1758
3972	2279
3973	616
3974	891
3975	1823
3976	1874
3977	1641
3978	524
3979	386
3980	2125
3981	88
3982	517
3983	2152
3984	2093
3985	2302
3986	1368
3987	1336
3988	1956
3989	2001
3990	1061
3991	2303
3992	473
3993	539
3994	1897
3995	1599
3996	322
3997	2389
3998	2206
3999	824
4000	1262
4001	1679
4002	1746
4003	787
4004	105
4005	2095
4006	1275
4007	1014
4008	1682
4009	767
4010	1119
4011	1462
4012	2346
4013	2415
4014	2023
4015	967
4016	1862
4017	229
4018	758
4019	1549
4020	342
4021	1923
4022	2209
4023	2260
4024	311
4025	2055
4026	36
4027	2352
4028	366
4029	1552
4030	2495
4031	256
4032	1129
4033	2457
4034	1248
4035	117
4036	698
4037	1443
4038	1147
4039	2258
4040	1489
4041	2417
4042	1708
4043	759
4044	299
4045	797
4046	1227
4047	2323
4048	229
4049	456
4050	747
4051	1399
4052	1543
4053	2264
4054	1466
4055	2121
4056	1282
4057	2287
4058	551
4059	223
4060	1140
4061	1803
4062	710
4063	306
4064	350
4065	784
4066	1529
4067	2248
4068	2166
4069	1532
4070	1278
4071	1537
4072	1929
4073	1516
4074	201
4075	1282
4076	992
4077	570
4078	797
4079	2147
4080	41
4081	2453
4082	1884
4083	1363
4084	605
4085	2432
4086	2020
4087	618
4088	2331
4089	1667
4090	218
4091	732
4092	1576
4093	550
4094	118
4095	2330
4096	251
4097	422
4098	2319
4099	206
4100	1065
4101	1379
4102	1133
4103	1470
4104	1607
4105	2121
4106	1776
4107	1148
4108	1106
4109	710
4110	625
4111	2265
4112	16
4113	1511
4114	727
4115	535
4116	814
4117	1383
4118	1231
4119	1290
4120	380
4121	1629
4122	1372
4123	2422
4124	2020
4125	1155
4126	1700
4127	2009
4128	372
4129	1159
4130	1200
4131	1859
4132	2124
4133	993
4134	383
4135	453
4136	492
4137	2050
4138	1391
4139	2336
4140	472
4141	794
4142	1542
4143	769
4144	335
4145	1930
4146	2137
4147	500
4148	2058
4149	2288
4150	117
4151	1965
4152	934
4153	211
4154	3
4155	617
4156	1283
4157	1086
4158	2034
4159	1153
4160	1177
4161	300
4162	2264
4163	321
4164	919
4165	1765
4166	1071
4167	1083
4168	1925
4169	1240
4170	1963
4171	425
4172	1278
4173	863
4174	1056
4175	2146
4176	1908
4177	984
4178	2250
4179	722
4180	2288
4181	668
4182	914
4183	2463
4184	1374
4185	979
4186	934
4187	1598
4188	746
4189	480
4190	60
4191	1032
4192	1043
4193	1526
4194	591
4195	906
4196	2495
4197	861
4198	1220
4199	1573
4200	1094
4201	22
4202	2389
4203	1079
4204	1385
4205	1927
4206	872
4207	1039
4208	1605
4209	937
4210	1514
4211	885
4212	953
4213	362
4214	2326
4215	784
4216	2224
4217	290
4218	2438
4219	53
4220	2299
4221	21
4222	2173
4223	219
4224	1986
4225	1931
4226	2163
4227	559
4228	1850
4229	17
4230	763
4231	242
4232	2464
4233	2126
4234	1302
4235	2287
4236	1328
4237	610
4238	1267
4239	98
4240	2447
4241	715
4242	515
4243	149
4244	1327
4245	1927
4246	670
4247	223
4248	1923
4249	59
4250	279
4251	1989
4252	389
4253	1306
4254	709
4255	930
4256	2493
4257	770
4258	771
4259	1717
4260	924
4261	722
4262	2151
4263	809
4264	18
4265	2215
4266	1
4267	295
4268	1773
4269	958
4270	333
4271	285
4272	591
4273	1615
4274	569
4275	1701
4276	815
4277	598
4278	312
4279	257
4280	570
4281	1841
4282	2452
4283	745
4284	1518
4285	835
4286	2399
4287	388
4288	665
4289	1704
4290	2296
4291	271
4292	2297
4293	1623
4294	977
4295	2280
4296	288
4297	2247
4298	822
4299	2408
4300	1558
4301	1977
4302	1836
4303	850
4304	1914
4305	149
4306	402
4307	572
4308	2337
4309	1283
4310	294
4311	1838
4312	601
4313	1571
4314	770
4315	2148
4316	1064
4317	261
4318	872
4319	1413
4320	2036
4321	659
4322	2154
4323	2326
4324	1426
4325	1748
4326	2291
4327	1582
4328	1275
4329	1474
4330	2301
4331	798
4332	2410
4333	1627
4334	753
4335	1233
4336	2347
4337	2339
4338	127
4339	2166
4340	459
4341	487
4342	2310
4343	611
4344	886
4345	1947
4346	1858
4347	1010
4348	2016
4349	1491
4350	2381
4351	1342
4352	1832
4353	53
4354	367
4355	1669
4356	868
4357	2335
4358	129
4359	1306
4360	725
4361	801
4362	2235
4363	1935
4364	72
4365	1430
4366	2142
4367	953
4368	1293
4369	540
4370	335
4371	331
4372	114
4373	2473
4374	629
4375	1260
4376	1866
4377	1266
4378	505
4379	138
4380	863
4381	614
4382	2461
4383	1813
4384	1126
4385	11
4386	781
4387	536
4388	1386
4389	1210
4390	1997
4391	2400
4392	1794
4393	1695
4394	829
4395	2363
4396	1726
4397	2406
4398	1644
4399	304
4400	2457
4401	703
4402	1703
4403	61
4404	898
4405	1976
4406	1662
4407	260
4408	2232
4409	1965
4410	1602
4411	1400
4412	2484
4413	598
4414	165
4415	688
4416	1212
4417	2303
4418	2088
4419	866
4420	1050
4421	916
4422	707
4423	1362
4424	2380
4425	1469
4426	1385
4427	1898
4428	1894
4429	2034
4430	2428
4431	1382
4432	1347
4433	725
4434	573
4435	203
4436	2199
4437	352
4438	1951
4439	1646
4440	1989
4441	808
4442	502
4443	260
4444	2051
4445	1394
4446	1155
4447	1072
4448	1441
4449	1743
4450	604
4451	1805
4452	163
4453	424
4454	217
4455	584
4456	970
4457	254
4458	1763
4459	2207
4460	301
4461	1039
4462	1064
4463	1180
4464	1701
4465	1098
4466	923
4467	1499
4468	1297
4469	963
4470	2147
4471	1217
4472	1797
4473	2361
4474	268
4475	1926
4476	1055
4477	2393
4478	554
4479	157
4480	1737
4481	1188
4482	2296
4483	292
4484	923
4485	443
4486	1247
4487	544
4488	2286
4489	182
4490	2164
4491	1673
4492	1938
4493	1665
4494	1221
4495	949
4496	1584
4497	2375
4498	1770
4499	562
4500	472
4501	1329
4502	1544
4503	1824
4504	1131
4505	1348
4506	1584
4507	339
4508	1299
4509	41
4510	1797
4511	999
4512	2174
4513	443
4514	134
4515	1086
4516	719
4517	988
4518	418
4519	2093
4520	2424
4521	608
4522	355
4523	1192
4524	2337
4525	1722
4526	327
4527	2238
4528	501
4529	1403
4530	1224
4531	1383
4532	2494
4533	2381
4534	1741
4535	810
4536	336
4537	1098
4538	2067
4539	1210
4540	203
4541	341
4542	46
4543	1832
4544	11
4545	2139
4546	2405
4547	907
4548	2356
4549	2223
4550	2407
4551	610
4552	1105
4553	1575
4554	1433
4555	1327
4556	1782
4557	1668
4558	2459
4559	1448
4560	1287
4561	374
4562	1641
4563	581
4564	245
4565	767
4566	2426
4567	1502
4568	883
4569	1290
4570	1773
4571	938
4572	773
4573	665
4574	1297
4575	849
4576	2415
4577	1527
4578	1783
4579	897
4580	1856
4581	506
4582	2208
4583	185
4584	2197
4585	2494
4586	1841
4587	661
4588	2367
4589	418
4590	1448
4591	1555
4592	1112
4593	1428
4594	720
4595	2179
4596	2097
4597	1187
4598	273
4599	2051
4600	1029
4601	1185
4602	2036
4603	1426
4604	1346
4605	1952
4606	1932
4607	1009
4608	1553
4609	2315
4610	821
4611	65
4612	782
4613	679
4614	896
4615	1583
4616	951
4617	1722
4618	1549
4619	619
4620	585
4621	2400
4622	1826
4623	1021
4624	543
4625	963
4626	178
4627	1428
4628	1262
4629	1054
4630	2168
4631	977
4632	950
4633	355
4634	1246
4635	2145
4636	1310
4637	1029
4638	308
4639	2207
4640	2391
4641	1017
4642	2269
4643	1751
4644	1190
4645	2450
4646	404
4647	2227
4648	1022
4649	739
4650	2099
4651	1432
4652	897
4653	2046
4654	1309
4655	1335
4656	1796
4657	1317
4658	1860
4659	2280
4660	1653
4661	1080
4662	648
4663	2387
4664	238
4665	269
4666	2399
4667	1527
4668	1657
4669	1446
4670	1887
4671	279
4672	1166
4673	15
4674	2174
4675	970
4676	1017
4677	2407
4678	2083
4679	404
4680	135
4681	1513
4682	1305
4683	402
4684	742
4685	1143
4686	553
4687	679
4688	1443
4689	2000
4690	675
4691	184
4692	723
4693	1759
4694	307
4695	2463
4696	1907
4697	114
4698	1328
4699	2441
4700	101
4701	1361
4702	1458
4703	1764
4704	2149
4705	1525
4706	721
4707	1826
4708	2284
4709	2199
4710	2314
4711	1407
4712	742
4713	1111
4714	23
4715	2110
4716	910
4717	1565
4718	1836
4719	1663
4720	925
4721	341
4722	1770
4723	1360
4724	2181
4725	617
4726	496
4727	217
4728	2146
4729	2197
4730	1111
4731	1347
4732	799
4733	1589
4734	900
4735	1187
4736	430
4737	498
4738	1778
4739	2405
4740	1103
4741	358
4742	2083
4743	865
4744	1310
4745	1613
4746	1535
4747	727
4748	230
4749	916
4750	1639
4751	1588
4752	1468
4753	1166
4754	1593
4755	1663
4756	599
4757	2163
4758	1124
4759	1573
4760	689
4761	768
4762	15
4763	1561
4764	798
4765	498
4766	804
4767	2315
4768	1215
4769	1028
4770	1101
4771	938
4772	284
4773	1733
4774	190
4775	818
4776	1331
4777	1759
4778	503
4779	1171
4780	1464
4781	1027
4782	1304
4783	976
4784	301
4785	846
4786	1735
4787	2106
4788	652
4789	1453
4790	475
4791	622
4792	113
4793	197
4794	912
4795	1976
4796	895
4797	566
4798	648
4799	2116
4800	1726
4801	1241
4802	724
4803	1611
4804	2210
4805	166
4806	1000
4807	1248
4808	226
4809	466
4810	1441
4811	2342
4812	909
4813	660
4814	1943
4815	2282
4816	2181
4817	2468
4818	957
4819	135
4820	780
4821	2106
4822	1495
4823	1822
4824	1027
4825	1680
4826	768
4827	1446
4828	2041
4829	1774
4830	887
4831	696
4832	393
4833	2467
4834	1740
4835	906
4836	1657
4837	846
4838	429
4839	876
4840	581
4841	1901
4842	1796
4843	2001
4844	475
4845	127
4846	1250
4847	189
4848	393
4849	629
4850	553
4851	1525
4852	1768
4853	1305
4854	2426
4855	2194
4856	1740
4857	739
4858	2261
4859	1452
4860	637
4861	1072
4862	1033
4863	57
4864	84
4865	732
4866	636
4867	2500
4868	182
4869	1435
4870	1539
4871	1341
4872	1768
4873	1611
4874	1939
4875	2260
4876	1535
4877	898
4878	2493
4879	631
4880	400
4881	98
4882	2179
4883	2088
4884	2467
4885	1697
4886	975
4887	30
4888	484
4889	1171
4890	2161
4891	1387
4892	1761
4893	1671
4894	1253
4895	358
4896	422
4897	1436
4898	779
4899	1308
4900	329
4901	1785
4902	1639
4903	921
4904	477
4905	121
4906	39
4907	2422
4908	1664
4909	462
4910	1404
4911	305
4912	1243
4913	646
4914	61
4915	622
4916	2261
4917	1250
4918	1359
4919	79
4920	2459
4921	1556
4922	839
4923	2129
4924	400
4925	1518
4926	2210
4927	599
4928	1289
4929	1495
4930	626
4931	1995
4932	457
4933	2154
4934	1493
4935	1671
4936	780
4937	254
4938	518
4939	638
4940	1361
4941	1853
4942	910
4943	1114
4944	2480
4945	608
4946	2480
4947	1208
4948	2116
4949	1907
4950	1936
4951	1664
4952	1335
4953	868
4954	627
4955	1987
4956	1493
4957	16
4958	1556
4959	2194
4960	60
4961	693
4962	2406
4963	2011
4964	925
4965	1936
4966	23
4967	627
4968	2011
4969	918
4970	1331
4971	829
4972	68
4973	1752
4974	462
4975	2208
4976	2305
4977	1231
4978	1984
4979	1215
4980	1995
4981	1939
4982	449
4983	1605
4984	484
4985	2161
4986	1741
4987	1438
4988	1853
4989	918
4990	236
4991	921
4992	308
4993	2468
4994	1173
4995	1822
4996	1984
4997	680
4998	808
4999	2305
5000	1847
