Students	4000
1	1945 3142 1279 1784
2	2365 1095 4059 1732
3	1427 2438 790 3756
4	2915 2196 2886 3969
5	2741 2228 3292 2227
6	1409 560 2173 1363
7	1882 4533 3187 2615
8	2735 3634 1392 4762
9	2419 1783 4781 622
10	4940 2949 2645 2915
11	4781 2307 1173 1789
12	689 658 3045 4927
13	3116 419 4956 2910
14	1805 1542 1266 1582
15	1969 2023 899 4401
16	4847 1020 2722 3058
17	4460 3709 196 3986
18	4222 3048 2063 1315
19	2540 4259 1131 3548
20	4902 1576 4143 3821
21	3380 2312 1957 2564
22	4424 382 393 1351
23	3957 2715 3609 3329
24	3465 3733 1575 1324
25	3392 1729 2419 88
26	981 4252 227 4476
27	4667 2845 1341 1261
28	3562 4824 1714 1744
29	3957 415 2333 1194
30	4409 3125 1683 4877
31	1887 2705 2438 238
32	83 606 4928 3660
33	1702 4252 1803 4512
34	2964 2356 1071 4631
35	4527 4603 3335 4421
36	4199 290 1255 794
37	1573 1607 963 3809
38	739 4544 2013 4196
39	2419 2441 1482 4709
40	987 1789 2822 3136
41	2258 4472 3785 754
42	1450 4403 2388 3462
43	4307 839 3881 681
44	1780 1109 592 3636
45	1416 2422 4477 1827
46	2528 2712 3170 1210
47	3280 3422 4036 2152
48	3977 1054 4603 3944
49	2552 2382 2206 3124
50	415 136 1425 2044
51	4600 3871 1182 4744
52	2346 673 3110 3880
53	1591 3427 1109 3102
54	4170 2967 1007 1150
55	2106 4607 1888 113
56	2044 3127 2283 614
57	2477 2131 3821 4511
58	786 4098 738 3447
59	643 4224 379 2728
60	4874 901 4378 4750
61	2353 170 2989 3054
62	1831 3765 1111 4964
63	3205 1027 172 1336
64	1535 3533 3538 1769
65	3147 2200 1499 1517
66	2298 872 1794 533
67	2727 1292 883 4532
68	3857 4290 4637 3555
69	2627 3219 3380 4422
70	3795 1938 3474 3127
71	4729 2113 292 1048
72	2283 3465 1826 936
73	4244 921 3618 4444
74	446 973 3828 1415
75	3250 4946 3020 1684
76	107 2223 4682 4468
77	1318 4777 1348 3125
78	2147 4838 3657 3386
79	3752 2217 3414 999
80	2208 2168 1143 1910
81	2407 4818 2146 4655
82	1035 4877 457 99
83	2950 603 1488 3180
84	2291 2059 2610 2095
85	896 4383 1388 2735
86	3316 1884 2978 4920
87	1757 853 2018 2721
88	3898 4349 2902 1164
89	3150 2289 1920 1791
90	4827 2699 1545 4798
91	3777 257 3136 1806
92	1672 480 3956 3355
93	775 1194 478 67
94	4954 2990 182 1436
95	3043 137 2024 2545
96	655 97 2442 4816
97	3820 115 3613 3354
98	4791 2012 2822 1425
99	946 1959 1556 3456
100	2590 619 2702 149
101	2975 350 76 4384
102	1671 1403 2133 681
103	3532 1940 2978 840
104	4519 4834 2668 2635
105	88 300 2889 4154
106	3440 1316 760 4759
107	1632 260 991 1933
108	1150 452 672 346
109	2566 914 571 2705
110	2113 3428 998 2887
111	2489 2240 3810 3000
112	3762 1779 2316 1614
113	3474 4752 3256 3115
114	2777 1647 199 4790
115	2841 107 2066 1739
116	4649 4957 2795 4551
117	402 2908 656 3740
118	4890 2544 440 641
119	4654 192 1650 4667
120	2356 4426 1351 1581
121	2411 279 107 4953
122	4332 3831 2231 732
123	926 1700 1824 1356
124	4212 4548 757 1192
125	635 914 4160 2928
126	853 421 3315 2674
127	283 4391 1224 3689
128	3912 1557 994 365
129	4339 1436 3452 4206
130	1795 3883 4831 227
131	276 3802 587 4509
132	3155 2275 2530 2390
133	519 1774 1811 1094
134	4211 2331 3373 4086
135	600 3860 2302 1320
136	2590 2258 870 1015
137	1339 3692 1841 4137
138	3758 4054 3750 1205
139	3656 3011 3134 1927
140	3575 2298 272 3149
141	4995 3858 441 4215
142	7 4446 3458 488
143	1157 1224 2722 160
144	3493 3466 799 3566
145	1798 4432 4983 2996
146	4036 2014 1160 3937
147	1716 1480 1689 1083
148	3656 2119 4118 1326
149	3565 423 2138 1804
150	434 542 2719 3578
151	607 612 4474 1324
152	14 2531 4701 3858
153	615 4292 2549 142
154	2106 690 4546 756
155	4147 608 3227 1428
156	3204 1101 4340 923
157	1949 4549 837 1403
158	2498 591 321 631
159	2382 2747 359 3364
160	674 2294 4141 1907
161	431 1325 1671 4536
162	1127 1242 3360 950
163	15 3172 3607 2609
164	4898 2742 4393 1160
165	1025 3160 3848 1691
166	4536 3743 3161 431
167	1790 4762 3703 414
168	2923 1195 3996 2322
169	1412 499 636 3094
170	1068 1682 927 3342
171	4738 1431 1001 3181
172	3769 3225 2332 3863
173	560 2626 830 1706
174	4072 3214 86 3110
175	1014 2202 3648 2082
176	1416 888 2757 4277
177	2047 1031 1260 1397
178	4430 3645 4103 4033
179	1234 3676 1161 2303
180	2400 3735 3117 1647
181	220 3447 2708 3682
182	4530 559 118 1433
183	4525 754 3501 2582
184	3260 3885 4952 3534
185	3495 4044 2468 4275
186	2065 4797 3188 1833
187	2723 1741 1987 1918
188	4347 4050 4291 4399
189	370 1518 3024 1991
190	3286 1842 2180 989
191	2404 168 4657 1597
192	2739 3716 3207 4014
193	4964 3066 2552 3747
194	1592 4393 4591 3856
195	4697 1974 4918 1936
196	3285 4893 2538 1567
197	154 3479 4239 709
198	3576 3205 3829 1822
199	4072 2892 3582 4387
200	3004 106 2429 1422
201	2621 4852 2629 1826
202	916 4473 3754 3799
203	3537 2160 640 889
204	375 1566 3619 2741
205	369 3641 1469 2290
206	2742 3325 1491 3984
207	4939 4918 4367 3627
208	2241 1678 3619 1418
209	4544 3050 3788 687
210	4338 4212 825 396
211	4309 1905 1607 4580
212	2356 1339 3193 4043
213	3610 4 1165 4852
214	4338 267 4695 4507
215	3450 1322 4342 498
216	1812 3667 4817 4843
217	4201 2183 427 2703
218	3766 4905 1584 3544
219	197 3971 3880 228
220	2857 2122 1005 2814
221	4217 1848 2234 579
222	1572 239 1826 3314
223	1051 4028 268 2498
224	3863 3163 1675 2496
225	4974 4477 2284 2835
226	2524 3102 1131 607
227	1120 4078 784 3588
228	4431 4896 966 3103
229	492 1408 2104 2735
230	4601 727 4860 541
231	2564 4263 2583 504
232	911 4365 156 1960
233	3207 2015 2656 892
234	4255 4387 2818 396
235	3988 1654 878 1570
236	3817 2422 4604 4457
237	1712 2132 226 3792
238	4174 541 625 2800
239	4465 2230 220 2570
240	4904 1359 3864 3977
241	2300 1723 315 1156
242	4429 300 4938 2325
243	2136 4047 2747 2841
244	2916 1711 393 1506
245	2420 1028 1519 2172
246	4123 4242 1050 850
247	3582 1486 3493 1959
248	3242 919 3502 877
249	328 688 2605 1861
250	1940 904 2674 3240
251	1403 1688 4101 3914
252	3000 2772 1469 1861
253	1509 2575 2261 97
254	198 3472 4925 1212
255	3697 522 2546 1917
256	4291 2815 965 4558
257	3704 4312 2246 2047
258	3308 497 2795 4430
259	384 1723 2703 3233
260	4636 1124 4216 4799
261	3579 1738 912 61
262	2753 2673 3662 4198
263	2560 4053 3872 4686
264	4848 157 548 1513
265	4375 4789 314 3269
266	1973 3971 3604 1305
267	2331 2589 1599 735
268	834 1577 234 3263
269	93 3546 1389 2411
270	780 1707 3566 869
271	1811 1520 2393 2252
272	2095 2246 4799 2414
273	3044 2426 2921 3671
274	189 1308 2652 3259
275	1224 2052 1180 412
276	918 791 4191 1645
277	2808 1767 1271 1534
278	4787 2863 2098 1420
279	2316 289 1612 1332
280	2516 2449 2488 3739
281	944 2287 4085 1927
282	1019 2728 4688 1200
283	4496 1206 546 3351
284	2623 1088 42 1889
285	1996 4155 2459 3175
286	1028 4763 658 2488
287	2413 1068 4328 103
288	293 3596 1216 3954
289	2629 3670 2290 3538
290	2919 1980 2381 265
291	4916 1924 695 3770
292	4912 3056 3142 381
293	1947 1780 1765 347
294	4578 665 1355 889
295	1562 3021 1421 4165
296	2671 3392 2140 1749
297	2317 4924 3239 2002
298	4431 274 2284 201
299	4144 267 2029 537
300	4012 4399 724 3145
301	1265 4949 3947 372
302	3758 3651 293 1279
303	1911 1095 1196 4242
304	4793 2349 4341 3820
305	1256 1083 1297 2338
306	1462 3364 3554 930
307	429 3351 3667 1679
308	179 2576 3268 1841
309	434 3197 4691 526
310	3400 1221 4858 241
311	272 3055 1803 3127
312	1516 1743 1311 4699
313	3626 1851 2127 4479
314	4671 4264 1929 785
315	2984 2169 2089 4385
316	2684 3695 4235 3061
317	4186 1867 1024 4799
318	4476 1776 2504 4299
319	3006 3718 4217 4359
320	3692 4084 2069 1147
321	3489 2401 4015 4026
322	4447 4127 1461 4925
323	507 2878 1582 2984
324	515 188 697 3424
325	1145 2772 1674 4269
326	2555 491 3550 4352
327	1314 3907 3286 139
328	1424 3607 4414 3580
329	253 4519 389 2866
330	987 3746 1490 1421
331	1374 4026 4012 2426
332	1315 4747 2330 2980
333	3253 1436 4874 3587
334	2621 2094 477 4046
335	4449 1600 4345 990
336	1797 4287 2801 2066
337	194 571 1026 2152
338	1970 3221 1390 2523
339	2982 2258 409 4740
340	1030 3035 1295 4406
341	2493 3419 1105 1082
342	2734 3029 1228 4557
343	3323 2791 2898 4648
344	3579 2867 3343 4353
345	1492 2810 4458 151
346	331 2254 557 3599
347	2760 3959 1867 988
348	1783 2662 496 507
349	2384 2223 3273 4970
350	4040 516 4016 3312
351	2041 4558 4865 1695
352	1393 4412 3447 3461
353	320 511 4058 2448
354	4633 3598 1151 2255
355	3337 368 2265 1202
356	478 936 2717 2514
357	1771 1283 1845 3182
358	4628 1012 1130 4126
359	4829 2840 4894 432
360	1867 2874 3580 2322
361	454 2433 327 2016
362	4534 2147 1100 122
363	4367 3642 298 4813
364	615 3878 3134 1692
365	3394 2535 2405 4307
366	4732 556 4252 1276
367	885 2417 246 3483
368	4255 4188 3660 2969
369	3931 2125 1867 1656
370	3852 2173 4848 4829
371	3521 1379 3330 4064
372	4838 4010 2715 1737
373	4747 4071 3169 2140
374	788 4520 3771 4988
375	4631 1599 2736 3650
376	3022 4376 1576 2774
377	227 3553 2548 1289
378	3730 202 4365 4640
379	4134 2098 561 2918
380	697 4411 4987 4482
381	3715 4370 4932 1353
382	830 4241 4607 859
383	3883 4120 1249 1490
384	4919 179 1337 241
385	1487 4566 2369 2617
386	3397 1043 2904 3283
387	2011 4175 3010 3948
388	2141 1544 3694 1399
389	1507 621 960 1774
390	3737 3063 1033 703
391	3424 745 2318 2146
392	3011 4706 3357 2849
393	1278 688 4500 3652
394	1026 4454 4021 2435
395	3902 738 2818 716
396	4225 4353 3824 3406
397	363 3616 4320 3780
398	4834 4260 3004 2318
399	1491 3078 1271 3904
400	196 597 4356 4442
401	4381 1748 1030 597
402	2193 4953 3337 4402
403	126 3019 4357 3144
404	3548 2122 3520 1472
405	3553 1733 158 2300
406	328 3361 1495 687
407	1675 2078 1444 998
408	4680 3216 4401 4675
409	117 3838 4892 4604
410	3429 2284 564 2460
411	3859 4660 4674 3372
412	1908 3619 4368 523
413	161 1500 408 1943
414	3102 2367 331 3096
415	2720 3784 3957 3144
416	4939 1356 3571 3007
417	1714 4106 493 878
418	3370 9 4282 1378
419	4589 4478 729 4600
420	682 4990 2568 4148
421	2146 2239 3455 722
422	2354 3367 2030 685
423	3748 4746 559 4321
424	1644 2962 752 4748
425	4199 878 523 2664
426	4013 4765 1964 621
427	3219 189 969 424
428	3427 3943 3477 2609
429	1205 2292 1227 4907
430	4580 4039 149 3922
431	2381 4664 2044 3285
432	4062 3384 2058 1650
433	3334 1614 1466 2583
434	4556 3646 2767 2719
435	1343 586 3705 2158
436	4205 2683 2037 1649
437	2900 4332 1241 2480
438	3410 2555 632 4497
439	3281 3732 4722 3320
440	3430 3637 1389 4559
441	3082 1195 292 3834
442	348 2248 564 4318
443	2169 3674 4816 1643
444	4133 2127 1577 4603
445	589 2253 1077 2713
446	789 4374 4660 1156
447	4596 2188 2468 3735
448	802 1186 606 611
449	4113 3043 4852 3765
450	4428 843 4740 2410
451	615 3265 2256 2047
452	3649 4892 3499 305
453	1628 2141 2803 4347
454	2004 3437 510 1945
455	4815 4578 1833 589
456	1867 756 1845 2479
457	838 573 455 2300
458	4168 1208 1232 3228
459	52 1528 4893 4150
460	3007 4537 339 4300
461	3368 4833 4841 4899
462	2063 246 1914 393
463	2539 1220 2718 4164
464	1240 2648 4458 2170
465	4485 1476 140 2737
466	509 1590 1336 1328
467	3224 4996 3153 621
468	3492 3592 4707 860
469	1434 2551 3768 3571
470	916 4349 422 3106
471	1661 4376 2118 666
472	3727 1092 4075 1881
473	4706 2335 1137 2397
474	2298 2328 755 1341
475	4808 1528 3983 779
476	1859 2848 1612 3290
477	2785 2125 3563 274
478	30 3710 4271 1306
479	4445 1632 3433 677
480	64 100 1307 4393
481	2221 1071 28 655
482	3218 4602 1409 4899
483	3152 735 2636 3346
484	491 4412 1653 48
485	1064 2287 4798 3272
486	2808 3479 1260 3777
487	35 3989 3846 1832
488	4621 4359 2570 528
489	4999 4726 4087 1814
490	3823 4845 3496 247
491	3661 354 3763 4689
492	785 1045 2604 4153
493	1734 2564 1265 2933
494	1352 1654 3118 3750
495	856 1154 2261 3244
496	2590 2624 540 1145
497	467 72 1318 355
498	1164 2286 304 2013
499	1351 1084 4328 44
500	2258 4254 1867 3406
501	4493 1232 1543 4091
502	2084 4140 3891 2204
503	4432 1541 315 4163
504	4135 1148 1734 1198
505	1265 4556 1688 1049
506	3514 2141 3286 3673
507	58 2382 841 234
508	4872 3667 2311 3901
509	483 4875 3019 4532
510	2705 1701 4823 105
511	3121 4484 3955 4374
512	3024 4615 3727 3337
513	2024 73 2041 1428
514	2695 1956 4878 179
515	810 1708 3400 1377
516	2090 168 3981 4344
517	1775 2004 831 2080
518	3005 1305 3243 2055
519	4248 2145 3077 3834
520	2225 2109 4492 3565
521	4692 2081 2217 4123
522	1498 3580 1579 3268
523	1859 4734 4055 72
524	2147 306 4199 3669
525	646 3277 4271 2806
526	2020 4367 2956 3880
527	3154 3644 1733 4045
528	3981 589 1370 1439
529	4881 1531 4846 1562
530	3699 3300 4780 1945
531	2870 4007 1987 1589
532	48 4474 3530 4458
533	1136 784 3116 2849
534	4040 4381 3639 1640
535	1659 3884 1412 3669
536	1856 3391 2168 2330
537	1764 2146 1352 535
538	4183 2603 1849 640
539	774 3567 3003 3531
540	2787 1354 135 4659
541	397 3929 1409 1342
542	962 1456 1741 4559
543	4428 4587 4873 878
544	2251 1245 890 4228
545	3995 525 1632 4119
546	1649 2096 4970 2549
547	4781 2030 850 2496
548	289 1134 5 104
549	2319 4386 1175 1965
550	3488 1237 385 4389
551	749 42 3061 4944
552	2897 3318 593 1600
553	4171 1574 4935 3469
554	1430 1065 238 640
555	3051 1617 2840 1223
556	4572 4997 565 331
557	946 2635 3585 596
558	3674 723 776 3698
559	4226 50 2571 4565
560	817 770 875 3797
561	4327 1777 4431 1970
562	899 176 4499 3840
563	3524 649 2296 3724
564	4639 3372 166 208
565	1178 3588 54 1592
566	1328 3486 2611 575
567	2879 2588 1199 435
568	2262 331 2484 516
569	4964 2796 2973 4254
570	4977 4828 2459 899
571	1415 1995 314 910
572	4585 466 949 4849
573	4253 3789 788 166
574	1752 1771 993 2276
575	2150 3666 4041 4544
576	2120 403 1569 1808
577	120 2904 2544 2578
578	4237 1642 1529 4430
579	866 4977 4338 4199
580	2428 2550 2592 341
581	523 2703 3265 3392
582	2335 3009 2352 284
583	3323 1905 2668 3725
584	297 2172 1051 137
585	964 3746 4904 3069
586	3110 602 1942 2618
587	3257 3231 1058 4616
588	2169 2532 4436 2766
589	2002 580 3163 2313
590	489 3206 1866 4296
591	4860 314 4867 4931
592	2574 3245 1621 1997
593	436 4940 922 4330
594	679 334 4609 1114
595	4681 1033 1114 4884
596	1566 3285 3487 3028
597	2216 406 230 2667
598	440 4738 4888 2642
599	4135 2774 2447 4754
600	3428 1312 4875 1568
601	1416 3997 1103 906
602	1586 4036 4236 2599
603	73 566 3129 1993
604	3134 2254 800 4975
605	819 1437 1585 1728
606	1357 1039 4877 1626
607	2087 2732 4609 688
608	3337 315 1072 3931
609	933 4092 4803 4122
610	4518 3545 198 1524
611	1508 2665 4548 2771
612	873 4827 3740 4325
613	513 1809 4979 3755
614	4338 679 332 1289
615	3280 1602 4386 1618
616	3048 1645 4021 336
617	2901 2146 640 2774
618	808 4057 2657 1531
619	3150 3497 1800 4932
620	206 3977 1620 895
621	3740 2735 4477 1558
622	739 3343 3228 106
623	3874 4369 651 58
624	2324 2859 601 3009
625	1901 4758 592 1191
626	621 1985 1443 3043
627	367 4718 2271 1120
628	3656 3675 2224 1627
629	1664 1785 1098 1676
630	4351 195 1463 1101
631	6 4905 3182 3624
632	661 1413 2405 2026
633	489 4455 291 2157
634	4245 3463 186 3533
635	506 4572 598 3433
636	4733 3574 1705 1917
637	2936 2742 884 670
638	4923 1152 2800 1892
639	4083 3491 3306 3239
640	2477 915 2018 1722
641	2544 3786 3000 2197
642	978 997 3200 2967
643	2824 2453 1778 946
644	2545 2454 359 2742
645	4749 4545 2921 28
646	537 1532 2818 1163
647	1477 4042 2602 590
648	4274 2399 1417 4160
649	149 4737 4794 1725
650	3108 760 2623 1930
651	81 4430 3593 2713
652	4639 2949 1782 1093
653	3675 1817 4792 2179
654	1327 618 4366 4056
655	144 3544 2170 2308
656	1275 3119 7 2151
657	1509 987 3421 2557
658	2499 3028 3311 4914
659	4299 2216 851 3761
660	561 34 2910 1205
661	3784 4463 2979 131
662	2049 4597 1023 3994
663	640 1193 4969 3399
664	1034 357 4784 4322
665	2404 492 3361 288
666	2269 3260 2982 1298
667	4170 3102 3943 1574
668	3631 783 2424 4084
669	4551 3865 702 3211
670	993 1411 2055 3432
671	4056 4749 3721 2402
672	1510 2763 121 4730
673	3673 900 4573 4028
674	1065 1336 123 1487
675	1635 3353 4220 562
676	3455 2903 50 2845
677	1053 3149 699 1425
678	2749 4988 1386 1022
679	358 1590 1881 797
680	1126 1697 4693 4541
681	2241 300 2434 1008
682	2439 1415 2141 745
683	116 2548 3679 2018
684	1648 4528 4228 1344
685	3944 4035 450 929
686	2316 1376 3063 2720
687	4639 1972 174 4141
688	3295 108 3022 3244
689	3172 803 1374 3541
690	1819 4963 1272 3184
691	1910 1388 1476 2069
692	3283 2790 661 3608
693	1715 2776 2342 3113
694	3064 4270 730 4304
695	3783 2002 1196 2449
696	2912 1419 4155 1925
697	265 2454 4694 855
698	3584 4409 744 3449
699	2247 455 4746 108
700	1568 3656 4248 1573
701	2747 2669 1276 4800
702	1034 2432 3611 2829
703	1033 3817 4583 2308
704	2335 941 4974 1088
705	2682 4976 3084 3282
706	722 4949 3697 3560
707	2499 2432 1242 218
708	3235 536 1890 3617
709	4640 657 2210 2056
710	3099 1505 1481 4502
711	981 465 251 3237
712	4321 2301 626 531
713	109 4848 4323 1314
714	4604 2002 2348 2445
715	63 278 1294 3084
716	2162 4157 3677 1398
717	3333 504 150 118
718	1461 2728 1163 1481
719	2452 2995 2193 774
720	4445 1388 4591 3769
721	3955 212 1682 2025
722	2343 1797 4922 637
723	2389 3859 1581 894
724	3713 1215 4957 2492
725	4508 65 82 1924
726	2000 1032 2005 107
727	1812 2260 349 3814
728	491 329 873 4506
729	2089 1116 3508 345
730	4254 2618 2823 2658
731	2679 2537 3220 2727
732	2299 4286 1776 1325
733	4775 122 4339 2772
734	3972 48 2884 3054
735	4180 2919 3043 3674
736	1312 3968 824 2664
737	4600 2584 1505 2716
738	3913 4186 576 4567
739	4741 1220 1669 2929
740	4665 511 2209 919
741	151 2314 4918 3582
742	3556 1491 3195 2911
743	50 2151 2480 2406
744	2663 1384 2093 2458
745	3112 3021 204 591
746	3314 2688 1003 4192
747	4507 2360 953 4976
748	1397 1556 1054 2926
749	4315 3648 3231 271
750	3741 1459 354 4685
751	4827 571 819 2837
752	2514 4908 2209 23
753	1114 453 128 1309
754	621 3945 3170 1539
755	706 1417 4701 3332
756	4157 2332 424 3468
757	4152 81 4802 1747
758	3069 1105 1306 4733
759	3765 2860 4301 2861
760	3321 4178 4284 3091
761	2837 4091 2141 3832
762	3018 2237 581 1866
763	2200 3276 1499 786
764	1131 991 3700 2281
765	85 1702 1404 4010
766	722 4220 528 3617
767	4828 598 2955 1458
768	3788 2700 2357 223
769	3164 3735 499 1842
770	2160 2259 2121 3946
771	4484 2118 2064 3784
772	3209 2690 373 2655
773	3685 1980 3138 2872
774	457 4204 2045 388
775	1946 4803 3362 3955
776	2584 4436 3857 2084
777	1074 4505 2081 1700
778	4719 1730 3265 998
779	2837 2257 729 3247
780	3383 4620 4263 4676
781	75 3602 2950 2789
782	889 2932 2948 796
783	1195 678 1988 4029
784	1545 2909 1700 2276
785	4120 4408 4323 2776
786	527 2142 25 1793
787	4643 2426 3748 3377
788	1868 4817 2616 4267
789	2612 3392 1097 4301
790	4619 4011 909 1918
791	2376 2069 1586 4941
792	845 330 3511 219
793	1448 2233 4331 2632
794	818 159 3170 4443
795	3365 1020 1918 950
796	4449 2224 3582 538
797	2355 3809 2045 2592
798	3718 2942 3208 724
799	3514 3121 3159 2514
800	3636 4238 480 3580
801	2840 3281 1697 4576
802	4069 2150 182 357
803	1680 4801 12 2601
804	1544 541 4567 3923
805	4826 3533 1314 4659
806	4044 1663 4764 4058
807	759 4652 994 2349
808	2667 4167 3345 2761
809	1305 425 2497 77
810	1935 4384 2476 878
811	1282 3559 536 2595
812	494 3333 3969 2632
813	1544 4628 4768 2597
814	923 4997 2662 2553
815	1202 2726 3263 3775
816	1370 830 2998 4927
817	1696 3004 1990 3543
818	2784 1347 372 4099
819	1832 3226 4297 3585
820	3581 2908 3793 4894
821	3852 3788 2834 498
822	3668 1491 4692 965
823	1098 1934 684 3043
824	1922 321 3231 92
825	2867 1046 3498 1959
826	331 4726 3318 4341
827	1581 4950 289 2860
828	4253 473 638 4504
829	1527 163 2177 2455
830	1445 1146 4388 2437
831	2004 887 757 3251
832	2780 835 3101 1756
833	862 2328 983 1898
834	4866 520 2875 1827
835	2143 2627 2395 1584
836	4092 50 2573 2171
837	3680 2277 2305 4195
838	2991 2550 72 4188
839	2319 2412 59 3517
840	3184 4417 1430 4587
841	642 4764 2819 1382
842	4582 1807 944 13
843	4936 1388 407 4515
844	2986 3666 4385 168
845	4430 1512 4625 806
846	2680 1896 400 2128
847	1744 954 2110 4882
848	2140 1215 930 1659
849	3844 1623 4246 4117
850	4502 4648 753 3106
851	1776 4543 2861 2721
852	37 313 3705 2781
853	873 4689 1431 3096
854	432 1398 3916 1895
855	1145 4687 3303 452
856	4368 3768 4460 3742
857	79 2088 1024 3587
858	501 4640 3106 1255
859	2140 1484 4188 1783
860	2683 1173 519 57
861	834 3219 2338 50
862	2972 4610 108 3826
863	328 4833 4402 2287
864	729 3804 910 3136
865	4261 4636 1775 4509
866	924 1613 368 917
867	4578 4043 3680 2977
868	1551 3623 2556 2356
869	2902 1349 661 4911
870	3941 1122 4462 4344
871	1226 4686 108 2514
872	623 4059 3214 4561
873	2475 758 1515 4161
874	3310 4969 718 2898
875	4796 3807 3780 4958
876	3520 1493 4046 3205
877	1250 975 2229 2368
878	344 3167 32 1278
879	3993 846 4184 1192
880	3854 2619 994 598
881	3879 1507 1055 3703
882	2169 156 572 2890
883	2895 179 3425 522
884	4112 373 2948 2744
885	550 4141 4360 2858
886	1615 3004 607 3512
887	4153 2656 3407 4477
888	2278 330 4177 1136
889	4379 4537 3496 1066
890	2863 4750 774 2251
891	681 1232 1269 1556
892	1609 1093 699 3834
893	567 972 1993 2482
894	3861 4765 2127 3810
895	2837 2574 3106 4109
896	2419 3159 623 1893
897	3028 3306 485 4298
898	1160 657 4871 2615
899	3988 4196 1724 425
900	3991 3837 2098 4728
901	3124 908 1069 1029
902	1110 2982 1546 2883
903	372 3841 1175 2222
904	907 3806 1741 3780
905	2311 2441 2497 4332
906	3554 4379 2505 4789
907	3225 775 1990 1697
908	1488 1594 365 3359
909	3078 4328 3730 2976
910	2556 4180 1507 433
911	530 1611 246 896
912	3514 144 4464 459
913	1162 3634 4617 3854
914	4980 785 516 4527
915	1996 4492 4858 2394
916	3668 869 3155 1628
917	3269 2334 3715 1158
918	3953 322 4033 1017
919	2154 1749 3753 1560
920	3351 1873 1544 1196
921	805 1189 4539 2098
922	528 1386 4539 3068
923	2651 2366 810 1893
924	4823 3222 2714 1437
925	1339 2708 2728 3801
926	3086 1898 101 1130
927	1860 1716 1191 2826
928	3447 1798 1476 797
929	3902 2933 2252 292
930	354 774 1838 303
931	3417 3123 2558 2685
932	1839 3008 623 826
933	422 4633 15 1426
934	526 2068 386 770
935	496 624 4108 2401
936	2150 395 3117 3673
937	3957 4868 810 436
938	3806 2803 1478 3443
939	3593 1036 1561 3132
940	2984 2628 3000 496
941	4053 1916 4994 4217
942	1889 2188 1264 931
943	1560 1197 2567 735
944	4617 2767 4492 1421
945	3403 3995 3852 4381
946	4009 4166 4826 367
947	615 4528 2100 4062
948	4817 3591 4772 404
949	2333 3060 3964 293
950	325 4919 1655 1600
951	2474 4285 3804 3281
952	4544 4528 940 4089
953	3525 842 2844 403
954	1724 3957 137 3494
955	3452 3521 1548 323
956	3943 2620 1640 2178
957	4934 4035 4966 175
958	1208 698 242 4300
959	1426 1949 498 4071
960	1615 3110 4268 2650
961	1796 4438 463 711
962	1815 137 3243 481
963	4663 1124 3088 4995
964	235 3917 4735 1865
965	4844 1096 60 3384
966	2258 2482 3584 4663
967	2773 623 1589 185
968	2824 4461 3012 821
969	3117 2747 987 2080
970	2730 2860 4218 4574
971	1282 4141 146 1003
972	253 586 3930 74
973	990 119 4937 868
974	4558 3462 3048 1144
975	2584 693 469 1796
976	1792 3581 3953 2106
977	302 3887 348 1181
978	3660 1733 4276 136
979	2281 2336 1585 4383
980	1765 2514 900 1142
981	4713 330 2529 3855
982	3980 4485 4801 2978
983	1150 1087 296 4276
984	1632 389 4836 1704
985	4667 2996 1438 2580
986	3361 4027 1980 3662
987	4259 3977 275 840
988	3067 847 4613 3407
989	2591 4928 3129 1630
990	526 3689 369 4879
991	4972 1391 3943 4843
992	3840 3417 768 776
993	4212 2239 2163 1919
994	3135 1351 1281 2774
995	2854 149 2543 3115
996	4579 1535 1771 3099
997	3110 1105 3513 742
998	3076 836 266 966
999	725 3978 1075 1262
1000	722 3841 1821 583
1001	1902 1462 3754 1770
1002	1469 2281 3857 721
1003	2374 326 998 1648
1004	227 470 4690 4343
1005	4675 1960 2565 3131
1006	2041 3858 3181 441
1007	3683 3664 4853 99
1008	3859 2346 4314 3980
1009	1545 1989 1835 2666
1010	2837 3443 3281 3846
1011	1156 1730 3239 1041
1012	1114 2700 4118 2775
1013	2481 2803 907 686
1014	2440 109 3245 2497
1015	3129 2376 768 2022
1016	1107 1314 3294 1774
1017	3767 1067 2740 1809
1018	3161 1554 3498 4562
1019	141 4944 3944 4829
1020	3975 3222 4498 268
1021	1723 4360 2034 3724
1022	4871 4820 2848 2963
1023	2232 1349 103 1656
1024	4631 4854 3705 1452
1025	4587 4448 2588 1947
1026	4431 3926 4126 2301
1027	2177 3301 2830 1039
1028	1915 1869 4171 3279
1029	4656 367 2449 903
1030	1903 4271 3538 196
1031	4894 3330 523 4488
1032	2475 4159 2752 766
1033	4091 4624 1607 2936
1034	988 4921 60 4958
1035	4545 3546 998 1064
1036	4932 4766 3024 2301
1037	4003 2064 3305 3047
1038	2376 1156 2476 2701
1039	2076 2314 1302 3319
1040	1162 695 952 3680
1041	2697 2203 1218 3473
1042	4962 862 2911 3326
1043	2202 259 3156 4330
1044	2731 4873 69 4934
1045	210 2079 1054 3412
1046	1106 4668 1960 996
1047	92 3290 664 1774
1048	1840 4723 4380 1185
1049	2521 2927 1365 504
1050	3380 905 1744 1010
1051	4253 1554 3221 1260
1052	2312 4114 3480 68
1053	50 210 4589 1868
1054	1508 2783 4517 1212
1055	3377 4512 2767 2357
1056	2453 1653 601 4478
1057	1346 2839 612 3809
1058	4420 1368 642 2337
1059	1142 3547 798 2049
1060	2857 4581 554 675
1061	4072 3596 1403 506
1062	3624 4254 1062 2934
1063	4229 4790 1807 1557
1064	3454 3732 801 2998
1065	1682 4092 1476 3266
1066	339 1013 586 756
1067	65 1090 1040 3734
1068	391 1327 125 2723
1069	403 3789 244 3183
1070	64 2811 4619 3777
1071	2022 3296 757 4510
1072	4544 4559 608 4830
1073	2424 3902 3530 1283
1074	4551 4789 3148 215
1075	1110 2280 385 3062
1076	4733 4233 4917 2693
1077	2389 3218 2778 1476
1078	2350 1072 2114 3207
1079	4388 4389 2231 1704
1080	4960 3934 2093 1972
1081	610 4148 1751 2913
1082	374 3531 3500 2041
1083	1615 4229 673 2665
1084	1232 1465 1334 1218
1085	2593 3546 1749 4571
1086	184 1651 1731 3086
1087	2884 4972 3975 245
1088	4786 546 4481 2965
1089	780 4114 2625 1144
1090	3926 2115 246 4797
1091	1252 2614 4145 3032
1092	4787 2009 4197 329
1093	632 3424 3151 583
1094	1112 2986 3332 2473
1095	616 1849 1495 2158
1096	4804 4981 1039 383
1097	4421 3878 503 4859
1098	3693 3572 4563 4631
1099	332 2489 1813 2780
1100	3651 4788 3920 1821
1101	2372 3138 4903 1786
1102	3106 2366 4453 4154
1103	4346 1616 304 2259
1104	2381 571 4661 694
1105	2025 842 1716 1979
1106	4248 1654 1161 3615
1107	3829 2870 2716 4734
1108	526 1859 3626 4224
1109	2959 3648 4520 1286
1110	2554 3664 4353 405
1111	3570 570 305 3060
1112	887 4571 4644 3974
1113	233 1909 3941 276
1114	1636 4365 3561 3571
1115	3637 2586 1554 297
1116	3436 3202 3708 892
1117	1206 2531 3297 3608
1118	161 2284 3641 506
1119	4063 2129 4802 4235
1120	157 2170 2155 994
1121	1580 3809 3317 3368
1122	2918 944 1185 2885
1123	1539 4904 2198 4629
1124	3887 575 1325 1709
1125	2824 4305 4493 1713
1126	2260 4807 1964 2486
1127	3406 4280 1635 4134
1128	475 834 1889 161
1129	4340 4055 1825 4383
1130	2370 4804 772 3807
1131	404 3422 4579 121
1132	4819 2965 2350 898
1133	3 2660 3020 2941
1134	31 851 1259 1602
1135	977 4545 3949 846
1136	2607 2476 2420 1835
1137	4967 64 2409 4801
1138	1851 4930 4596 2747
1139	1103 1730 2460 675
1140	829 1116 3249 3454
1141	4839 2073 4132 1382
1142	4133 4631 2079 3068
1143	4922 4963 3091 316
1144	1358 968 2740 2494
1145	634 3904 4363 978
1146	2823 3237 3014 1046
1147	2656 4341 4583 4281
1148	3195 3634 405 2684
1149	4107 1327 3624 4165
1150	2244 3737 479 1511
1151	3589 4596 1134 4011
1152	169 2477 2496 1272
1153	4366 197 1462 834
1154	2537 376 3821 3753
1155	3090 1393 1695 1397
1156	2174 2186 4386 1363
1157	2884 1419 2031 4181
1158	2016 2601 2969 4672
1159	3949 2049 532 3635
1160	4252 1132 3409 1361
1161	280 4662 358 3229
1162	1874 2512 928 3871
1163	3528 4620 1958 1628
1164	4091 3266 1651 4000
1165	4522 359 334 1728
1166	1929 3194 2037 3840
1167	4472 517 3403 398
1168	4754 2533 4393 3769
1169	1408 803 1715 2504
1170	2353 1539 4851 4609
1171	2997 2090 2228 1206
1172	708 4057 1200 2720
1173	4464 2377 4662 2585
1174	2572 409 4735 3534
1175	4993 2844 2940 1338
1176	1462 2578 2861 950
1177	2636 2242 1612 706
1178	4790 1272 2522 2106
1179	1463 4219 2724 3773
1180	3386 4867 3663 4262
1181	409 4007 2511 2
1182	815 4663 1833 2911
1183	1037 4108 4451 182
1184	1536 4136 4722 2789
1185	1223 3199 694 4986
1186	2129 2083 3909 1159
1187	3580 3543 2568 1963
1188	4523 647 332 583
1189	1325 4580 2953 3133
1190	4408 4205 40 1417
1191	126 4218 3533 276
1192	1785 4040 573 2456
1193	2429 4608 3573 2669
1194	3918 1498 2960 1428
1195	672 776 3708 2283
1196	3784 4094 4633 580
1197	2812 3601 3363 4376
1198	4481 4628 4786 1184
1199	2553 3042 3864 2047
1200	1976 2923 579 4622
1201	2737 3391 991 1509
1202	4961 3254 359 1631
1203	3430 4620 716 799
1204	1611 2839 3542 428
1205	1310 2532 133 3153
1206	3454 3085 1082 3653
1207	4129 539 2137 2530
1208	1671 375 544 3537
1209	3173 2362 2233 2606
1210	619 2304 602 4235
1211	2836 2857 3973 2119
1212	2525 3205 1439 25
1213	4651 3455 909 3608
1214	861 4723 4934 2942
1215	3408 4425 2613 4440
1216	3110 2942 1679 3472
1217	224 3287 289 3514
1218	1276 3293 880 3121
1219	1805 2207 3721 4180
1220	707 3063 3906 3051
1221	1470 2143 814 3733
1222	4583 3813 2828 3451
1223	880 2854 3804 2293
1224	2625 2447 1553 4024
1225	1849 585 2281 4014
1226	3461 4977 4293 1756
1227	58 4451 2504 1332
1228	366 1257 3967 3149
1229	1951 3018 188 3421
1230	4990 2092 1787 4208
1231	2634 4608 4795 3082
1232	3082 2157 3742 2786
1233	1099 3167 2632 2066
1234	139 3109 4871 4334
1235	4707 1330 3484 3227
1236	3390 1118 3264 3706
1237	2428 3503 1326 3944
1238	4493 1811 2485 2447
1239	1000 4328 3679 3999
1240	4870 3267 3667 2879
1241	4821 1931 1499 2440
1242	2652 4276 1908 2420
1243	4071 714 2134 2005
1244	1792 558 684 3759
1245	1331 277 1722 1355
1246	9 990 2933 3929
1247	4663 243 632 4714
1248	2918 4222 3122 2843
1249	4969 393 952 516
1250	1826 3197 1123 4573
1251	2212 1531 3814 283
1252	2422 1246 916 2505
1253	3983 4912 1313 1317
1254	830 3383 230 2503
1255	743 1929 3116 1701
1256	2250 377 1000 1401
1257	11 966 1414 3765
1258	735 975 132 1465
1259	1690 4975 4725 2444
1260	1489 4368 459 4934
1261	3738 1414 1231 2862
1262	4413 643 2884 1399
1263	1355 592 707 2110
1264	4569 1481 2696 4578
1265	3929 4381 845 3408
1266	1630 1806 733 3980
1267	2049 4482 3736 1728
1268	1344 462 3566 1062
1269	1975 3156 1559 3564
1270	2565 4203 1190 3764
1271	2137 4358 2053 4704
1272	3389 4494 723 2687
1273	325 4757 4194 3741
1274	4522 652 512 1808
1275	1515 1972 2601 620
1276	2066 847 633 1296
1277	4434 1704 589 3656
1278	554 4354 3185 4936
1279	254 1093 1463 328
1280	186 4240 3995 4675
1281	4113 2811 592 1647
1282	4928 4358 1266 23
1283	4429 2865 2043 2047
1284	322 3123 1522 389
1285	1397 39 3082 1553
1286	1618 4042 3665 3954
1287	4374 1237 2623 4444
1288	4099 4391 3322 2337
1289	3321 4716 803 3775
1290	3281 3740 1738 1153
1291	1888 2360 1227 3865
1292	3020 3258 1339 2532
1293	4228 2673 40 3315
1294	4392 4859 3764 1811
1295	4113 3161 1941 4212
1296	2654 1278 586 1891
1297	3485 4099 2435 3903
1298	3493 4118 2172 235
1299	3124 491 3104 4152
1300	3241 1757 1138 41
1301	748 160 2469 3530
1302	738 2752 3608 3935
1303	1457 3541 4025 2617
1304	1035 3041 4107 415
1305	2136 4690 395 2969
1306	3181 1816 3186 360
1307	94 3448 3141 4808
1308	959 1414 1077 3165
1309	1965 499 1660 123
1310	1494 933 531 4423
1311	1655 254 1779 2155
1312	2376 1606 2710 4647
1313	896 1108 103 4279
1314	3058 4112 1454 1207
1315	2798 3669 3920 943
1316	1048 4139 3513 3511
1317	2650 4939 3461 594
1318	2624 2496 355 4501
1319	1085 288 3642 560
1320	1603 4998 971 4654
1321	2657 299 965 1401
1322	2975 148 4711 3059
1323	2818 1202 3132 3575
1324	1070 4379 3534 3572
1325	3260 666 4066 2174
1326	4287 246 4239 2726
1327	4592 180 448 1095
1328	302 2483 3165 4855
1329	1374 1114 2585 1217
1330	2131 297 3576 3821
1331	2582 3834 2429 3127
1332	1351 1612 4439 4877
1333	707 2899 4795 3420
1334	306 1229 3596 4433
1335	4800 1466 4412 4879
1336	120 42 3398 4917
1337	1941 4531 1250 4667
1338	939 1486 2683 1511
1339	2846 3493 4674 1224
1340	4841 4422 653 2254
1341	482 3867 3383 4719
1342	557 3473 576 2906
1343	892 3656 2753 2776
1344	2214 3678 4436 3004
1345	2677 2026 4153 2660
1346	2055 978 3635 4747
1347	906 1416 2059 3289
1348	4260 3666 592 1699
1349	2614 1191 4282 234
1350	3765 2432 1610 4803
1351	4374 2224 3440 4331
1352	217 3059 2722 3901
1353	2895 4581 3878 4663
1354	3063 1109 2277 3725
1355	2023 4590 2605 4444
1356	4029 2211 1957 4363
1357	3992 3155 450 3764
1358	3203 4645 1528 2308
1359	4295 4120 570 1252
1360	4258 2982 2083 4491
1361	3088 4846 638 2465
1362	3324 2480 2773 4175
1363	1580 960 2539 1207
1364	4483 3762 1983 4157
1365	4518 3374 4156 1035
1366	2815 1090 737 4524
1367	4456 3303 1872 2953
1368	3499 184 3635 4101
1369	192 4940 4764 1621
1370	2486 3115 1015 1821
1371	453 908 2056 1493
1372	878 3268 119 1463
1373	4625 2353 4285 919
1374	1235 2759 2972 610
1375	79 3788 842 1637
1376	4723 2972 4372 2207
1377	464 2392 1954 3063
1378	3148 1064 4839 4809
1379	1117 2501 1951 417
1380	4670 1408 653 457
1381	1627 3445 2649 3069
1382	1227 926 1107 2149
1383	1457 2721 1009 4441
1384	4449 1190 1949 1011
1385	2446 1738 3766 2398
1386	189 2970 3558 1645
1387	1956 3008 3635 4391
1388	4592 666 2783 2557
1389	2428 700 1797 4496
1390	2026 4635 3537 2255
1391	2076 964 4823 117
1392	2080 4021 3161 368
1393	2533 4255 875 4371
1394	4261 1096 4313 2103
1395	2318 4187 35 1033
1396	8 481 619 3470
1397	73 1112 1836 2553
1398	2101 2883 3621 3927
1399	3699 3708 4678 2782
1400	1591 3118 3602 2588
1401	636 3336 1578 10
1402	1930 1299 2740 3634
1403	771 3841 4857 2365
1404	4055 3983 637 1358
1405	1646 3758 3748 1860
1406	4814 4020 4700 125
1407	941 3601 3567 201
1408	4255 3565 1032 4596
1409	3444 3022 3054 3949
1410	4991 4470 459 754
1411	4099 1146 2748 3817
1412	4069 3808 4068 3625
1413	21 3329 1719 2647
1414	4500 4850 3172 3102
1415	2799 3894 2851 4133
1416	4892 174 4917 4955
1417	2780 2164 2882 4419
1418	1432 3928 1865 4928
1419	4509 3246 2821 1536
1420	1797 4498 1732 4804
1421	1954 565 1964 3025
1422	452 1945 2141 464
1423	3668 4110 4676 223
1424	4169 1612 4675 3257
1425	1562 1740 3302 3420
1426	568 1271 2751 2438
1427	2569 616 3067 490
1428	897 3984 3809 3065
1429	29 2070 563 2682
1430	1318 2653 3128 469
1431	1317 735 1506 4948
1432	4422 4860 4109 4366
1433	4854 2811 747 4568
1434	4825 3183 3240 2737
1435	3361 3699 3145 870
1436	4217 1644 2056 2834
1437	946 2037 2797 505
1438	2407 3333 3348 4064
1439	4354 419 291 2106
1440	1518 2506 4525 40
1441	3518 2628 3111 1120
1442	692 1699 2531 4799
1443	3361 3309 3047 303
1444	3362 454 1963 1030
1445	2659 3357 1486 3629
1446	3409 2278 1058 1167
1447	1644 3206 3757 1364
1448	258 365 4051 404
1449	2966 1372 2282 1669
1450	1330 429 2971 3951
1451	546 2305 146 4359
1452	3051 707 2351 4405
1453	2865 625 1837 409
1454	4016 4855 1466 3680
1455	1219 3281 1334 1355
1456	803 2939 641 2791
1457	4505 2050 4426 1019
1458	3342 4234 928 1693
1459	210 1036 2122 2857
1460	2748 2832 4913 510
1461	1336 2542 291 4823
1462	4966 3354 709 2741
1463	1144 4733 2210 4824
1464	3646 4201 1273 448
1465	1781 1031 528 3736
1466	202 4867 2000 1011
1467	4021 4052 3267 4475
1468	3092 1777 1190 4765
1469	3597 1212 4875 4794
1470	1983 4034 399 2718
1471	4870 4840 3005 3323
1472	613 1216 4840 3598
1473	4827 1724 4676 2875
1474	4845 60 3020 4672
1475	4782 584 1667 2164
1476	4600 484 4500 1142
1477	3461 831 4558 1941
1478	141 3889 233 4438
1479	3547 2375 2590 3963
1480	4404 3093 1228 377
1481	4194 3907 2614 1376
1482	3916 3578 3395 4015
1483	4431 1301 4763 1854
1484	1162 4946 4294 3971
1485	1899 3273 113 259
1486	1129 4606 1167 154
1487	2820 3431 1520 709
1488	4161 2765 4087 120
1489	2698 1192 3039 3650
1490	1183 3727 3251 723
1491	2753 3828 798 1971
1492	819 3343 468 3348
1493	4768 3066 3979 1220
1494	928 1246 1665 2757
1495	1590 2261 3606 2733
1496	4583 4112 4797 1527
1497	2249 4143 4154 4821
1498	2604 2815 894 4090
1499	4318 4539 3628 1243
1500	1327 1762 104 1662
1501	1884 4273 1629 2800
1502	398 3120 4505 1715
1503	252 4647 2108 2313
1504	1062 1901 121 3174
1505	3287 1532 2976 167
1506	561 76 2095 1265
1507	1140 4113 3431 2321
1508	3006 3994 4161 3736
1509	4938 1751 1943 4935
1510	1281 4378 1653 3258
1511	907 1275 3067 4785
1512	3369 2070 1051 3903
1513	4314 2246 4896 2216
1514	4748 547 3687 3001
1515	3566 4372 777 3689
1516	1373 2925 1604 3078
1517	1764 4323 4084 3902
1518	104 1802 4714 2301
1519	2038 3646 3253 3045
1520	364 4837 345 566
1521	4019 330 998 3027
1522	2221 2404 3973 2377
1523	1877 3871 1589 2378
1524	2059 994 3470 1747
1525	4456 2330 3376 3121
1526	2498 2309 3432 3605
1527	172 4989 254 4101
1528	3246 3149 1256 634
1529	3507 682 622 4152
1530	4113 255 2463 4017
1531	1117 4775 476 4984
1532	518 2242 4389 1331
1533	3828 2085 3689 2890
1534	431 2656 4770 4670
1535	1004 3711 2187 177
1536	4837 3951 4954 2173
1537	1120 2889 1694 1762
1538	1501 1888 1416 1296
1539	1647 3493 4951 4486
1540	4013 3445 4029 2544
1541	2724 4719 3825 1543
1542	4841 3861 52 2876
1543	2493 1849 4537 1870
1544	2401 4798 4134 3679
1545	2363 710 1297 4458
1546	2940 976 1700 4028
1547	2915 2587 3023 358
1548	3390 1822 992 926
1549	678 1921 413 530
1550	1188 2822 2670 4356
1551	2445 1058 1632 849
1552	1498 3294 324 1278
1553	2417 4700 4006 1254
1554	1153 3246 479 4153
1555	2958 1452 1667 4492
1556	2139 1827 1657 1165
1557	2418 1078 4799 928
1558	414 3644 3858 2108
1559	3049 3607 240 4619
1560	3377 1863 2373 790
1561	3761 479 470 2233
1562	1382 3593 3200 1903
1563	1116 3259 3679 417
1564	240 3529 1449 2529
1565	2719 2299 1449 3875
1566	2808 1182 4036 849
1567	4899 899 2796 821
1568	3397 354 3643 2154
1569	1384 153 3751 4390
1570	3903 1664 2410 4962
1571	1477 676 405 3313
1572	288 66 1064 2912
1573	103 4846 351 2431
1574	2290 4280 2215 1103
1575	2984 2010 2764 3595
1576	2989 3977 382 3718
1577	3096 4365 919 133
1578	3194 3385 882 3109
1579	4539 2850 2849 3340
1580	3415 1684 124 3991
1581	1890 446 922 2364
1582	3597 1220 972 26
1583	2152 4747 4615 4483
1584	2650 4070 3795 3893
1585	2441 2508 2396 977
1586	1269 959 1561 859
1587	4602 1168 3662 4751
1588	2484 3861 786 1
1589	3090 1014 4918 4362
1590	4885 4488 1478 4548
1591	1729 952 393 3473
1592	4200 3304 2669 1702
1593	3564 1557 3905 2669
1594	3813 1824 576 373
1595	1276 2510 3319 79
1596	2009 3779 2617 1650
1597	3252 852 172 3239
1598	121 2159 2821 1516
1599	3980 4245 1105 4716
1600	4095 3496 493 2504
1601	107 2085 2904 3618
1602	3003 4556 3593 1299
1603	3880 2318 4560 3771
1604	261 4392 4455 2546
1605	2659 2407 160 588
1606	807 266 966 2490
1607	4549 709 3835 4898
1608	3906 2271 2014 1521
1609	2932 577 3179 2830
1610	1575 3549 1807 2127
1611	1806 3896 254 1178
1612	1836 896 3684 3217
1613	4422 3366 4805 2543
1614	4136 4214 154 3338
1615	4647 3805 2345 3937
1616	1305 2674 2188 3776
1617	3843 1909 547 1486
1618	3387 705 2265 3175
1619	834 1442 769 2304
1620	3490 2919 2251 2858
1621	3714 1533 2613 2630
1622	4600 3842 3972 1698
1623	4801 4868 3104 3821
1624	3916 917 2248 1035
1625	4075 4851 3497 4865
1626	2887 2569 2245 3838
1627	1807 1425 691 1665
1628	1549 2247 218 3048
1629	2878 4163 1954 4447
1630	182 4290 4112 1770
1631	3530 3372 1003 313
1632	4567 3104 3034 2804
1633	871 435 437 3137
1634	3343 3667 2315 1809
1635	1495 2347 242 2699
1636	2020 3580 3716 2238
1637	3006 2402 4336 4217
1638	3257 4942 3368 1091
1639	1044 4311 2118 3194
1640	1892 3133 3194 2427
1641	4691 582 4605 3818
1642	1038 4171 4888 525
1643	4746 2882 17 1966
1644	2289 2718 4008 1577
1645	2417 2221 1591 1267
1646	3700 3929 369 1783
1647	453 224 1025 2539
1648	3747 4296 4738 770
1649	4579 4477 4168 3380
1650	2913 4368 763 2334
1651	392 897 1500 624
1652	1897 4700 169 4589
1653	4527 4356 4495 3901
1654	1697 700 3550 3762
1655	4005 334 164 3526
1656	973 2076 3466 14
1657	4161 202 4985 526
1658	178 3460 1152 4889
1659	3433 848 903 701
1660	4902 4376 2878 3201
1661	2610 760 314 3199
1662	2766 4162 1867 2437
1663	1840 4331 3758 2285
1664	3976 623 1746 40
1665	801 4121 3557 3627
1666	367 166 2699 3260
1667	989 2060 3787 3644
1668	1319 1921 1821 2611
1669	3964 50 1774 2210
1670	2488 3884 4739 3367
1671	760 3268 3777 281
1672	4659 432 1173 4914
1673	389 521 2643 4810
1674	363 2650 2984 271
1675	4519 381 2997 3655
1676	142 795 4210 2514
1677	958 4459 4954 3070
1678	3440 1866 3742 1397
1679	527 100 458 4729
1680	1161 4707 2572 1966
1681	283 4002 2059 3214
1682	2870 263 4019 2559
1683	811 718 2388 3317
1684	1455 641 1917 2164
1685	1482 796 3608 4520
1686	1836 2379 3530 1767
1687	170 2344 4870 2546
1688	2953 1919 880 972
1689	2892 2128 2147 4908
1690	3849 4600 1229 4856
1691	4243 2948 3862 3996
1692	116 2624 4714 1793
1693	1291 2910 2415 2339
1694	1377 2364 4501 695
1695	1820 4369 1040 339
1696	3747 2053 2382 928
1697	2401 825 2424 1958
1698	3406 2373 420 4991
1699	2812 3717 194 3538
1700	3528 4714 2134 2875
1701	743 3148 1649 184
1702	1810 4908 4698 2924
1703	4563 1816 114 2928
1704	4748 4050 1814 1929
1705	2144 39 2908 3169
1706	2639 2606 242 2124
1707	430 1605 1172 3744
1708	990 4408 1443 4734
1709	3428 335 778 3345
1710	4685 3277 3448 3753
1711	806 648 4085 2904
1712	733 1935 1828 4637
1713	122 2141 611 3974
1714	3942 636 2633 685
1715	2999 3179 525 134
1716	2134 1397 4225 4
1717	4196 1737 3491 2906
1718	3829 3017 4245 3035
1719	2672 3324 1564 3720
1720	1463 2141 2323 4851
1721	163 596 3720 2991
1722	2270 1442 3754 2557
1723	739 2425 1157 1493
1724	1937 2665 4074 1435
1725	4076 1548 1648 2816
1726	3024 4628 4361 3647
1727	909 4612 3098 3821
1728	930 4524 2131 677
1729	1226 1373 946 2737
1730	4851 4783 2916 4965
1731	4304 1052 1189 1708
1732	4821 2544 2915 2548
1733	4594 3361 650 2370
1734	3390 4295 3705 1932
1735	3818 4516 3547 4303
1736	1931 4567 582 4794
1737	2354 4619 3548 2004
1738	1865 4651 1985 1594
1739	2155 2183 3287 1381
1740	334 197 3418 4635
1741	3982 4164 3751 1608
1742	2974 193 417 2620
1743	3705 846 4007 2618
1744	3479 4277 1413 4311
1745	767 4086 2537 2395
1746	576 550 2792 4432
1747	1706 4919 4807 1735
1748	2910 2053 46 2607
1749	2781 2319 2779 2112
1750	1051 1855 696 715
1751	3345 3912 785 4803
1752	3539 4274 1555 734
1753	600 1803 3557 1516
1754	421 3081 10 3830
1755	1742 2285 1224 3305
1756	3217 1673 1197 2195
1757	1340 2064 2788 719
1758	4629 106 374 2856
1759	4977 839 3923 3748
1760	4607 4570 2279 2520
1761	4791 515 1934 336
1762	1555 1347 2039 4292
1763	3603 53 378 1907
1764	3576 4565 4975 990
1765	1714 2001 3145 3647
1766	4660 64 720 652
1767	4304 2027 2776 1002
1768	4611 1538 200 2736
1769	2602 1367 407 2197
1770	4355 4678 2368 3477
1771	3638 3947 7 4398
1772	4979 439 1062 838
1773	1444 104 2526 3528
1774	4462 4709 992 3490
1775	2027 2224 1140 4611
1776	647 3579 654 4308
1777	300 4341 2036 996
1778	2383 1167 3929 1935
1779	4432 2722 1093 1724
1780	3169 404 1215 4078
1781	1746 2721 355 1848
1782	2842 1515 215 3314
1783	386 3737 4427 492
1784	3051 2971 927 377
1785	2469 3955 781 1016
1786	1300 526 3936 1060
1787	2300 4628 4498 1742
1788	1320 1600 864 1130
1789	2586 81 2154 4305
1790	4430 4655 712 3878
1791	2234 4272 1396 4843
1792	2296 1418 861 2245
1793	1472 2709 2260 927
1794	1239 3757 1717 1765
1795	3547 4746 3408 4343
1796	1789 1781 4334 1932
1797	2152 808 1328 1569
1798	4722 261 858 1970
1799	112 1896 2932 84
1800	1228 1782 3307 2421
1801	2561 4787 2178 4436
1802	144 2137 2032 1381
1803	2005 709 4074 1343
1804	4449 1332 1174 3719
1805	3218 2939 4874 2958
1806	2326 2262 4584 3112
1807	2865 4638 373 1842
1808	129 3518 1958 268
1809	2122 2510 4943 109
1810	548 3027 1379 1279
1811	334 4300 2357 3673
1812	4113 233 1100 2657
1813	3908 3940 515 521
1814	916 1285 115 4228
1815	2260 2206 898 4462
1816	2114 4285 4030 2740
1817	1578 3052 4944 2845
1818	2329 4989 4788 2714
1819	2593 1425 3569 3346
1820	4531 2459 54 1817
1821	348 2236 2758 1034
1822	3393 4115 442 788
1823	2135 2349 2453 2558
1824	1362 265 319 2727
1825	4420 2899 3012 4512
1826	3903 4722 604 3393
1827	586 2972 3122 2715
1828	1471 326 4875 3007
1829	3719 2733 380 3400
1830	754 1235 3044 926
1831	2557 4334 734 1097
1832	1672 2657 112 2487
1833	3901 2567 560 1248
1834	4392 3318 760 2264
1835	1467 4044 467 3508
1836	2388 1274 4079 4939
1837	4197 3854 2840 3970
1838	3171 4917 1332 4023
1839	1513 2055 724 1519
1840	2863 2880 3467 4683
1841	3858 4074 3889 4913
1842	4234 4330 4033 27
1843	4127 4070 3847 3160
1844	168 4596 2262 253
1845	4296 3575 3117 2261
1846	768 396 347 1273
1847	1607 4279 272 1395
1848	2492 3950 3354 3518
1849	186 3666 1180 1208
1850	1761 1158 4794 2870
1851	1839 300 3341 918
1852	3454 606 605 3885
1853	4099 1962 4468 4595
1854	1613 2593 4187 717
1855	4286 4512 3233 115
1856	418 559 159 3458
1857	461 2297 4653 1954
1858	3226 1253 4744 1927
1859	3681 2174 4711 1237
1860	1062 4748 1001 285
1861	888 2718 3626 3144
1862	4418 921 2672 4245
1863	4081 2996 4651 3113
1864	3682 344 1051 3068
1865	4198 1359 413 4029
1866	3796 4632 137 959
1867	2226 4072 1552 1963
1868	2968 4147 1291 1977
1869	661 1226 2902 2882
1870	3436 4643 4755 4077
1871	368 3335 495 2131
1872	4240 3847 1715 1430
1873	1261 1172 3455 2462
1874	1989 4218 1996 4752
1875	4997 3943 3241 4799
1876	388 4102 4112 1976
1877	4056 1607 3738 3952
1878	3077 1307 1162 1218
1879	4149 1255 4447 4011
1880	2003 663 2947 4670
1881	910 4724 363 197
1882	85 488 1808 749
1883	2200 313 1186 553
1884	2429 2019 1867 2544
1885	4158 271 4162 1944
1886	4725 742 3776 3378
1887	2354 2983 4241 529
1888	734 4282 4606 80
1889	4004 4166 2173 2007
1890	2976 2943 217 1395
1891	3218 171 878 1676
1892	1833 1287 293 2797
1893	3705 3477 2687 3575
1894	3262 2123 4259 4870
1895	2162 767 51 1759
1896	4257 3126 4445 332
1897	836 2561 4915 72
1898	2989 893 1203 4707
1899	4382 235 2246 4585
1900	2295 2596 3160 2659
1901	4192 1396 1126 290
1902	799 1597 4409 982
1903	2838 3010 2430 479
1904	510 272 4284 297
1905	2123 3386 330 3719
1906	3153 1055 4244 569
1907	505 4095 801 4267
1908	4863 192 565 667
1909	4360 1180 3835 2266
1910	115 2986 758 4315
1911	2594 1548 2301 100
1912	926 4365 1066 3956
1913	629 289 4267 819
1914	1434 4472 1969 248
1915	2690 2738 2099 3669
1916	931 579 3358 3120
1917	593 1531 881 327
1918	306 4044 907 602
1919	2967 3550 499 3643
1920	2644 4231 263 3915
1921	948 4600 248 3349
1922	3417 249 807 1632
1923	4908 947 1987 381
1924	4296 1157 1165 2074
1925	1696 1279 2642 3269
1926	2133 791 4103 1495
1927	3218 540 4361 1248
1928	1058 4674 4154 1012
1929	4916 3096 720 4604
1930	954 3598 2110 2692
1931	1838 2086 164 3092
1932	4813 1311 1535 4691
1933	574 4455 3320 3103
1934	587 2405 3546 1823
1935	2250 2066 3871 3708
1936	192 964 2458 1521
1937	177 3517 3466 584
1938	4264 709 1277 667
1939	489 3759 4533 339
1940	1126 3425 2695 1428
1941	312 4381 895 693
1942	2152 4188 2944 3827
1943	546 1476 4850 4553
1944	3407 4524 2837 4461
1945	4391 340 713 3027
1946	4989 2931 2357 4468
1947	3080 1847 3858 4041
1948	4977 1354 2420 582
1949	2133 4252 991 4318
1950	4281 1089 4800 866
1951	4624 1342 1706 3162
1952	1950 2298 3762 1496
1953	2588 3305 3396 1612
1954	2711 2771 648 2811
1955	3696 425 1222 312
1956	4604 3830 517 1674
1957	2766 1727 2178 3638
1958	4577 4307 2937 3091
1959	1513 1000 2224 1407
1960	3819 2321 2234 1931
1961	159 1196 3110 2814
1962	2423 4210 779 567
1963	1210 63 785 71
1964	4716 308 2418 189
1965	3704 25 195 1569
1966	2180 3444 1768 2602
1967	754 3725 1912 1336
1968	473 2969 3882 315
1969	4006 3371 4236 2930
1970	462 4836 2780 836
1971	978 1999 341 1920
1972	556 1754 1396 1154
1973	4850 3024 3597 1572
1974	3864 1739 4795 568
1975	1409 1034 402 1396
1976	3868 3413 2912 4133
1977	4321 1556 3735 2753
1978	1386 2290 3647 247
1979	2804 691 2179 4826
1980	3536 3880 1880 4076
1981	67 1861 3335 2850
1982	2336 1859 4852 3824
1983	1601 1618 2393 3678
1984	1330 2752 4424 4098
1985	4520 4381 1131 1415
1986	3328 2536 1887 4975
1987	2667 2254 4745 3074
1988	964 314 1398 1714
1989	2116 540 3752 956
1990	4249 4762 3588 3440
1991	3065 2400 652 4713
1992	749 350 1594 4541
1993	1818 2180 1158 1885
1994	4289 2437 2553 4987
1995	726 1274 2599 1011
1996	2349 3211 3622 212
1997	4494 3039 2515 1309
1998	416 4120 2683 2761
1999	3227 4225 3559 2289
2000	3621 4850 219 1401
2001	948 4538 1587 630
2002	1898 4153 275 4004
2003	3092 3491 2181 74
2004	4787 3812 33 3067
2005	2659 4431 1964 3122
2006	735 3817 4302 2424
2007	2291 4681 4714 814
2008	3409 4393 3120 310
2009	3524 3094 3731 3938
2010	4125 3861 2768 2691
2011	4866 1879 870 604
2012	4930 440 2698 1456
2013	2157 3493 4390 1242
2014	1314 1008 3296 4842
2015	2857 542 2079 2706
2016	1741 521 1915 2272
2017	551 2103 3124 3394
2018	3453 2279 2336 2569
2019	1954 3588 1849 948
2020	39 1434 656 3402
2021	1141 4335 3743 3395
2022	1317 2240 3632 668
2023	4553 2347 4185 3323
2024	4941 3273 3652 4450
2025	580 4240 2876 3022
2026	2008 4514 2860 3143
2027	4142 275 2272 1336
2028	614 532 2421 4293
2029	4780 4523 1260 348
2030	2000 154 1562 4719
2031	1186 3602 884 1929
2032	3389 4969 4803 3540
2033	1002 4172 2199 589
2034	140 1731 4780 4765
2035	1949 4311 2223 54
2036	2113 2191 2104 1244
2037	4071 2208 2519 1474
2038	468 3234 3038 3890
2039	2915 2118 1148 1191
2040	1217 196 130 4251
2041	4993 2373 2619 563
2042	970 2124 557 4708
2043	4745 3364 1989 4400
2044	3246 4346 1631 3816
2045	1540 4761 3425 3231
2046	631 1141 2856 4526
2047	941 968 426 2712
2048	3833 4472 3903 372
2049	1600 1700 4355 1232
2050	3388 3720 3131 3968
2051	2640 866 118 3920
2052	3357 1118 1598 3567
2053	1336 1409 2611 3053
2054	3869 3100 3047 1773
2055	2219 1583 48 1103
2056	778 4110 988 953
2057	1471 4216 378 3491
2058	1006 1487 4862 2290
2059	4639 4858 4794 3432
2060	1382 2955 3217 4966
2061	1226 2377 2777 1147
2062	1906 1859 2995 3402
2063	1689 1473 1179 4086
2064	1420 4769 297 4064
2065	735 775 641 3778
2066	4578 1264 4462 3911
2067	576 2708 1003 3339
2068	3896 1720 3888 149
2069	3976 2036 3448 2701
2070	4390 714 3805 603
2071	4522 4071 827 1135
2072	971 1203 3103 670
2073	517 854 3996 3681
2074	364 3008 4416 1533
2075	4304 4217 1000 4721
2076	4738 3220 3885 17
2077	636 3547 2655 3008
2078	3675 1101 4404 3254
2079	896 3218 2398 3148
2080	4344 692 3712 1091
2081	4607 142 270 3693
2082	1962 852 1387 1013
2083	667 595 578 1715
2084	3713 4671 1646 4189
2085	3211 2517 50 2987
2086	4321 3253 1877 2161
2087	779 4765 3302 661
2088	338 2673 7 1565
2089	2767 3384 32 3641
2090	3090 2489 2115 4278
2091	3735 1823 3642 3683
2092	1891 4612 184 2305
2093	4234 2157 3939 2631
2094	4790 2424 3548 773
2095	1241 2812 2118 3090
2096	3654 2053 1350 3406
2097	2188 4977 4528 2262
2098	3831 361 2299 2961
2099	3808 4892 2580 4658
2100	970 2754 2111 4164
2101	724 2442 4746 4853
2102	3855 3177 3298 3867
2103	3779 3072 2794 1512
2104	2250 3727 1347 2267
2105	4584 4819 3292 3449
2106	2826 2173 971 264
2107	692 415 1930 2583
2108	4233 2278 772 1223
2109	52 775 2400 2243
2110	4217 4244 4612 705
2111	4168 866 3415 2481
2112	2517 772 2978 4988
2113	1440 1915 1938 1653
2114	2935 3218 2857 3537
2115	744 130 2859 827
2116	1583 2064 4990 1937
2117	187 1656 149 4244
2118	820 1449 2879 169
2119	2327 1244 2008 379
2120	4799 3846 3589 1552
2121	4896 3232 2619 3943
2122	2848 3027 1226 86
2123	190 2767 933 4499
2124	1162 1370 4936 3448
2125	1846 2854 2300 2227
2126	1389 1194 4420 363
2127	4703 3737 1907 801
2128	1734 4267 2252 4635
2129	1781 317 4672 1232
2130	2152 3820 3729 3697
2131	2201 809 4691 4027
2132	48 4448 1596 2122
2133	37 588 3381 4982
2134	1657 2020 4755 189
2135	1682 4240 4164 2476
2136	1935 3292 1979 4257
2137	3289 1158 2928 2364
2138	3290 3722 4394 254
2139	620 2525 3546 1540
2140	2608 2366 432 2493
2141	1200 1238 2123 2814
2142	1724 3616 396 2509
2143	1519 4511 222 1499
2144	84 4308 21 2800
2145	4805 1208 127 1407
2146	4193 4581 3902 250
2147	3457 348 1551 1519
2148	1209 249 2691 2507
2149	1846 1545 2893 3654
2150	2552 4188 1607 239
2151	851 2376 1442 867
2152	3749 3461 4347 1244
2153	3489 2017 4056 3257
2154	4507 4351 3910 4862
2155	2578 1346 1394 4108
2156	4173 2133 3653 2679
2157	1252 2885 4932 1953
2158	4094 1805 4198 2289
2159	4446 3642 4415 1782
2160	4590 2983 4223 4025
2161	246 1039 838 1912
2162	4313 2692 934 4930
2163	3912 3777 129 3042
2164	2918 1836 3907 3047
2165	3449 1179 3428 1398
2166	618 809 2466 1062
2167	283 501 623 2921
2168	2575 3902 3241 3145
2169	2470 1264 2878 1324
2170	705 3337 2436 1958
2171	4404 4745 2857 4451
2172	160 2003 1664 4183
2173	1164 376 3219 773
2174	2667 4209 1887 2597
2175	2489 3964 4752 1066
2176	3935 1078 2128 681
2177	864 306 220 4263
2178	2551 1524 3140 1973
2179	345 12 3567 1242
2180	3122 1079 1145 910
2181	2579 2052 1655 828
2182	1966 4278 3086 4675
2183	3926 4871 2095 3610
2184	4289 1653 2573 1679
2185	2715 4662 1091 1272
2186	2631 4901 4856 1634
2187	3445 4784 4380 2002
2188	2344 3225 4701 4840
2189	181 121 2545 1201
2190	1000 362 3014 4212
2191	4481 4629 3965 1172
2192	4906 377 1413 2802
2193	3935 4220 4630 3662
2194	2386 841 3717 2023
2195	808 586 3904 141
2196	67 4632 4511 1587
2197	1326 4602 4051 1506
2198	186 1232 2512 1174
2199	4883 414 4023 1407
2200	3831 43 466 1221
2201	3787 3421 4567 814
2202	2148 1966 3690 804
2203	3218 1918 2173 486
2204	4724 1193 1176 4476
2205	2743 3307 3782 2982
2206	1786 1920 1390 2114
2207	78 1404 2453 1501
2208	4374 4511 4510 1272
2209	4782 1585 1368 4313
2210	4361 2409 3854 267
2211	4222 198 4665 809
2212	4050 8 1704 2256
2213	1454 3927 3605 3219
2214	3064 2519 3533 845
2215	4643 3554 455 1862
2216	3461 1832 4903 1355
2217	251 4893 328 1379
2218	2290 2284 1950 3751
2219	2508 2489 2909 803
2220	4303 2252 4395 3326
2221	4622 4037 1657 1440
2222	1169 1459 4515 3736
2223	2761 404 2576 3500
2224	2351 4972 1351 3601
2225	2094 2534 3125 130
2226	1716 2893 1697 2943
2227	93 2511 4160 997
2228	3098 4880 3111 3953
2229	829 1508 4061 1856
2230	2272 757 4247 2143
2231	240 2423 4373 1604
2232	2215 2631 4318 3775
2233	1208 4509 337 4155
2234	3122 140 1384 3560
2235	3807 1441 2675 4107
2236	3357 3683 3456 3000
2237	271 2828 3860 2583
2238	2425 738 2133 4460
2239	1087 2383 2910 2800
2240	2076 2661 584 3952
2241	3085 3594 2403 3900
2242	1869 3684 1224 1902
2243	2575 994 53 1338
2244	868 193 3333 660
2245	1389 1836 4647 2631
2246	2672 1727 2248 311
2247	1131 4276 2580 3609
2248	1616 578 4441 430
2249	1087 3967 1551 2379
2250	3853 4302 1979 4796
2251	3008 1292 2171 1120
2252	2959 4934 408 3689
2253	1420 1363 1404 4453
2254	887 218 1043 4358
2255	1196 3262 3767 2595
2256	1344 682 2040 4412
2257	4904 3993 2181 2694
2258	4161 1982 2364 407
2259	788 1019 192 2788
2260	790 4523 3964 4645
2261	3371 285 1057 4566
2262	2862 2012 58 2248
2263	2328 4147 1837 3702
2264	2628 2259 1382 2927
2265	1676 669 2204 4877
2266	1203 2233 2703 2437
2267	351 2355 3160 2707
2268	2746 112 3650 2631
2269	1927 3490 225 4731
2270	121 4828 1161 1184
2271	565 911 3957 3281
2272	91 3395 448 2519
2273	2300 3231 2838 4540
2274	3844 3124 2373 196
2275	384 3206 4679 328
2276	1462 4688 2622 3044
2277	779 2243 2685 1212
2278	1982 2890 1811 2627
2279	3773 4754 1253 3317
2280	3867 4880 978 3180
2281	409 3415 4360 853
2282	4016 539 3505 2054
2283	2609 4206 1167 1699
2284	1941 1713 2586 3822
2285	3878 2477 4042 4586
2286	4353 983 2827 4622
2287	3013 3186 3795 3335
2288	4226 1710 398 38
2289	1528 4888 320 1329
2290	2322 4161 3456 4779
2291	1371 3017 4201 2905
2292	3300 2610 3225 702
2293	3115 3483 1103 2633
2294	2766 479 1192 1262
2295	976 2656 918 3509
2296	1056 4691 4380 307
2297	4904 4333 2702 930
2298	4125 1673 3559 1240
2299	1533 3403 4433 959
2300	1623 609 3530 3977
2301	4931 4511 3463 3782
2302	2149 4847 364 1773
2303	4956 2204 4370 1453
2304	715 4636 2561 2979
2305	515 1692 557 2987
2306	3634 3689 1633 4002
2307	2169 1600 4601 4629
2308	1427 3423 2519 4258
2309	3347 1791 4795 3631
2310	840 2122 615 1729
2311	1885 662 1796 209
2312	2738 1661 4896 3782
2313	3749 2076 4577 4439
2314	3465 1894 766 2292
2315	3549 2459 4112 2708
2316	3247 2285 1855 4743
2317	1921 3448 1344 2027
2318	1336 1855 1888 3902
2319	2910 4880 3053 4929
2320	3915 2080 1156 2880
2321	267 1828 137 2887
2322	2202 2927 1868 4848
2323	4939 2885 2707 2224
2324	4824 4831 2856 2482
2325	2134 4843 137 3221
2326	279 4033 1666 1232
2327	25 1489 1859 736
2328	2228 396 1079 2835
2329	3535 1254 1290 2962
2330	2438 466 2495 1143
2331	691 56 720 4094
2332	3417 4322 401 1160
2333	701 1814 4390 1578
2334	184 2474 371 4432
2335	2251 4708 266 4293
2336	3154 3892 2658 4324
2337	2534 1504 3220 4514
2338	1813 3050 4439 3493
2339	2142 1928 3403 3719
2340	1722 2725 1226 2864
2341	3302 4330 3629 364
2342	404 189 1778 1720
2343	3872 2668 3477 1552
2344	827 2316 1073 2099
2345	2147 3125 649 117
2346	4528 115 2587 2539
2347	2803 2523 1841 4016
2348	4904 134 4125 1374
2349	2248 3057 1015 1091
2350	4830 4224 945 3182
2351	2215 4793 2486 4195
2352	1567 167 772 3717
2353	3718 3764 4708 4383
2354	862 3760 2557 3613
2355	4362 4506 2955 3397
2356	1248 3040 4532 4445
2357	565 1333 376 938
2358	3835 2469 2172 2259
2359	2485 2699 2053 2274
2360	2274 4077 3197 3509
2361	3295 2537 756 2602
2362	2164 3731 4595 1474
2363	975 1547 1071 1189
2364	3917 3951 1007 2599
2365	7 49 449 727
2366	2954 4942 4467 1868
2367	2153 2135 1514 534
2368	1177 2790 2646 4313
2369	36 3553 4666 1197
2370	3841 3125 1244 938
2371	4369 2962 3589 2990
2372	1324 4861 1116 1913
2373	497 2950 3821 972
2374	797 2046 2042 2648
2375	2386 3462 916 933
2376	3458 2241 2791 4455
2377	2304 1108 57 2485
2378	3833 2324 1285 868
2379	2237 3148 3220 3473
2380	3623 2059 4200 3326
2381	3491 4835 3091 3499
2382	3710 2298 2323 839
2383	4039 3159 4988 3847
2384	4229 3232 1334 2486
2385	3929 4026 3991 1271
2386	4076 3648 2448 4061
2387	2440 3298 4315 4127
2388	2807 4792 3544 932
2389	1763 173 1724 1119
2390	4665 2031 3984 3285
2391	688 3873 2450 478
2392	1377 4203 307 2177
2393	3149 1673 3627 742
2394	2450 4228 384 498
2395	504 2900 765 3440
2396	3921 279 437 1790
2397	3129 4633 2122 2882
2398	3897 4566 2494 2072
2399	1223 497 3141 3940
2400	772 1603 4518 258
2401	1726 4118 1327 191
2402	2720 4606 1421 1488
2403	2923 3524 2999 2027
2404	4890 2560 2629 4731
2405	583 2013 3396 2385
2406	3770 1363 687 1289
2407	4480 4789 490 1543
2408	1340 361 645 4419
2409	1740 3967 722 2047
2410	4964 554 1575 2178
2411	3763 2394 1547 195
2412	2458 2707 4681 676
2413	1367 4090 1352 1659
2414	390 2636 1858 3419
2415	3436 1022 1816 771
2416	2494 1947 4467 4067
2417	2554 2351 1237 730
2418	3988 621 4339 4950
2419	2058 3246 4695 451
2420	1742 2876 2710 1946
2421	2463 874 3177 3107
2422	4450 4949 2863 2866
2423	1448 170 3957 1447
2424	1432 2541 3747 1325
2425	459 1568 3569 814
2426	3230 1895 4742 1192
2427	2520 1965 2721 2450
2428	1900 1700 1030 3087
2429	14 3776 4335 2026
2430	3816 3280 4756 4096
2431	3044 129 1733 1588
2432	2802 3789 4256 4800
2433	3496 1901 3624 2015
2434	1651 1494 2172 3954
2435	2041 4517 1211 2890
2436	408 3547 3184 697
2437	165 4183 172 2180
2438	351 59 3433 1927
2439	1765 4479 1743 4459
2440	3220 3667 1441 3590
2441	3948 80 2412 3487
2442	1117 1278 4473 3973
2443	4493 4658 959 2841
2444	3456 4107 4872 4751
2445	3840 4942 4721 1947
2446	3478 3676 2801 1428
2447	2557 2269 3992 4308
2448	3159 4934 235 4059
2449	1010 1913 4396 4942
2450	1769 3281 810 1590
2451	1343 3930 1944 21
2452	4952 4838 1279 3935
2453	2932 2262 4228 3534
2454	2980 3966 2964 4959
2455	1214 1349 3851 3304
2456	3705 3687 524 1857
2457	1141 1576 1802 2078
2458	2877 3371 802 2033
2459	550 1447 3898 3506
2460	1645 3757 1285 2485
2461	429 515 2864 2751
2462	3536 2164 932 3839
2463	3376 2728 1847 2154
2464	664 514 739 1693
2465	3581 60 2384 3836
2466	1687 626 2431 1589
2467	1279 959 947 3394
2468	1855 78 1085 1023
2469	1961 2456 3169 1862
2470	3505 2835 1347 2138
2471	570 3479 3786 1923
2472	3541 1743 2110 2370
2473	3553 283 3146 3958
2474	2756 4938 1209 2146
2475	1904 2708 2841 2898
2476	320 196 4692 3907
2477	1272 2351 3678 2991
2478	432 271 4729 102
2479	806 663 3710 4537
2480	1884 3288 1056 4565
2481	636 1360 2518 4373
2482	270 336 3127 1625
2483	3821 2560 260 386
2484	1656 2522 3835 575
2485	2125 4511 1275 4601
2486	809 1870 740 4703
2487	1229 3802 2184 4481
2488	1484 4596 2219 3871
2489	4816 4526 3497 2896
2490	860 1537 3864 2776
2491	3555 935 1707 3863
2492	4933 3667 4763 3398
2493	4121 4741 741 3540
2494	1563 975 3972 4824
2495	307 3381 2417 4189
2496	2942 188 4645 1584
2497	2709 3237 237 2742
2498	4395 1212 1772 2872
2499	670 4010 4480 392
2500	1854 3465 4427 4540
2501	4953 2196 4015 151
2502	790 1700 4748 3569
2503	2090 2884 1709 625
2504	102 1299 3613 752
2505	1466 4910 601 1354
2506	270 481 2127 1760
2507	3983 4714 2230 2958
2508	1061 1353 3571 4313
2509	1583 4151 1658 3949
2510	216 3218 2448 197
2511	4999 1872 741 551
2512	843 116 600 4973
2513	2846 1838 2166 1058
2514	1685 127 149 810
2515	3571 1006 1593 2274
2516	1046 1595 4208 3545
2517	2844 1180 4028 2363
2518	1913 1026 3855 4197
2519	2684 2586 3185 1995
2520	2736 4116 3896 2450
2521	4975 3760 4189 4020
2522	403 38 295 235
2523	1090 3938 413 1024
2524	4174 4855 3994 2444
2525	971 236 4660 47
2526	1736 2680 4013 3983
2527	4417 2593 3156 4403
2528	1064 2994 2364 2797
2529	4269 4592 3029 4031
2530	4505 4359 4317 2284
2531	881 3006 42 3055
2532	4328 3612 4999 3475
2533	4550 3159 3353 1257
2534	2012 508 2115 2716
2535	2551 968 2986 4983
2536	1705 700 4844 4101
2537	42 815 3522 2602
2538	1629 4886 596 2825
2539	4391 1280 4223 4
2540	657 3932 4367 731
2541	404 3079 1465 2793
2542	958 3788 4901 3765
2543	4516 500 3844 3747
2544	1382 62 2699 2736
2545	4286 4028 3819 1878
2546	198 164 2236 3800
2547	385 2827 2056 2869
2548	4941 1080 4376 3315
2549	1893 1234 1913 6
2550	1343 2908 82 3285
2551	1876 3450 1672 4737
2552	2767 2514 3006 3435
2553	4126 159 1181 1867
2554	1135 2820 1439 4064
2555	3460 4912 2545 1020
2556	76 1485 4387 224
2557	1151 1701 1383 3379
2558	884 2988 2281 2435
2559	3928 3327 965 944
2560	1960 422 4898 2110
2561	4454 2835 1222 4489
2562	2573 2610 2638 1094
2563	3366 2489 3226 1154
2564	2161 3545 2195 4235
2565	2740 1532 2245 3162
2566	1884 4484 3994 1715
2567	3361 215 3878 425
2568	822 4502 1538 3930
2569	3235 3413 3120 1933
2570	40 2700 1911 1085
2571	2618 2474 381 3689
2572	3706 4791 2266 2296
2573	1235 3807 1673 4586
2574	2606 3259 4071 4939
2575	1461 2122 2166 1098
2576	1678 3841 253 4153
2577	1990 175 3279 1842
2578	4647 1654 151 4924
2579	4920 307 3328 4099
2580	450 2888 3374 4924
2581	231 1086 480 1132
2582	2886 2629 1213 335
2583	363 4871 4453 1742
2584	1875 1014 3296 4209
2585	3958 4175 4950 1806
2586	1755 3660 2522 2542
2587	1878 1295 299 1695
2588	4295 2991 3132 2103
2589	280 1787 4149 3379
2590	1486 4880 4994 1270
2591	4862 3026 1341 1684
2592	716 4796 1770 539
2593	2428 4252 1308 670
2594	2633 4469 1669 3138
2595	525 4240 3398 3341
2596	4848 3942 1918 3185
2597	3247 1959 3579 907
2598	2678 4761 1902 4112
2599	1268 4353 844 1670
2600	1243 2978 178 3688
2601	1754 3704 4488 4171
2602	1603 561 2205 3796
2603	4137 4860 136 4614
2604	2086 822 3688 3298
2605	605 4972 3036 4769
2606	4581 2446 3891 711
2607	815 310 1651 3440
2608	4391 2772 4135 152
2609	3537 1118 3074 2373
2610	1178 4030 3972 3970
2611	3857 1482 4059 911
2612	2622 1347 1199 3761
2613	3136 1620 2809 3037
2614	1716 3470 1966 3019
2615	122 83 1736 483
2616	3009 1323 3713 4478
2617	490 2863 551 1434
2618	2680 696 1559 3347
2619	3617 533 1946 983
2620	2092 3608 3108 3992
2621	4579 3129 4076 1905
2622	4321 3138 2276 2329
2623	1200 650 4780 2494
2624	3234 3811 4931 4118
2625	476 4743 2207 2182
2626	4855 3936 2604 601
2627	859 4309 97 429
2628	1156 2665 484 2432
2629	1687 4573 3477 4864
2630	1886 2905 2234 651
2631	3514 380 1942 1010
2632	736 1653 1901 4535
2633	3222 306 2999 3009
2634	2969 1741 2351 510
2635	560 3527 2200 2618
2636	2608 3487 197 3966
2637	3218 1213 4889 2437
2638	3436 1234 4150 1715
2639	596 3668 1450 3751
2640	4326 3307 2101 2070
2641	2208 3323 3870 4580
2642	899 4491 1991 1964
2643	57 2172 1281 4554
2644	2103 2736 2715 1346
2645	353 227 914 4993
2646	2054 1417 3892 4098
2647	3703 4110 3535 142
2648	4421 166 2308 2055
2649	4235 1915 4029 3861
2650	3706 960 3259 4347
2651	2169 2119 3237 191
2652	4992 1904 1789 3130
2653	1032 371 1571 1111
2654	1132 3880 2057 3984
2655	36 3705 3185 528
2656	3881 57 2666 4681
2657	4162 1849 1680 4962
2658	3200 36 1813 4798
2659	4127 45 4445 3677
2660	1777 4292 3534 608
2661	725 2029 2700 4025
2662	4871 451 170 55
2663	2997 600 3241 1590
2664	3703 832 1403 1128
2665	2328 1490 718 4295
2666	3992 664 1872 3850
2667	4799 4125 965 48
2668	4675 3342 2404 1243
2669	2122 192 1560 3625
2670	515 3106 4396 3009
2671	2012 2862 320 435
2672	1081 1560 2690 2434
2673	2141 915 874 2550
2674	2538 2523 4628 1954
2675	2716 3014 1810 865
2676	2798 4815 1564 1115
2677	1255 2834 2152 1531
2678	4822 4687 4276 2200
2679	4386 793 1073 4896
2680	2325 3813 149 3635
2681	349 2686 3819 992
2682	1662 4908 2932 4371
2683	2402 4616 3810 2282
2684	3440 311 150 3865
2685	2535 2206 2734 1731
2686	2274 4091 3979 1922
2687	1730 275 1270 2508
2688	3153 558 3498 646
2689	2485 1785 2731 4562
2690	3077 1351 4742 1954
2691	1503 2129 555 3065
2692	1988 4648 4935 3645
2693	230 1535 3053 4282
2694	2528 3433 3580 4804
2695	3420 4653 222 689
2696	3836 136 846 2399
2697	985 2205 2805 4307
2698	392 2450 2840 300
2699	1216 4891 2917 51
2700	2936 4577 3876 4575
2701	3855 4636 3774 4585
2702	4602 4680 2844 4852
2703	4618 2651 3036 598
2704	1711 2843 4136 743
2705	3485 2706 239 1621
2706	101 4437 3332 4790
2707	2522 1493 3653 3543
2708	4518 1355 4065 4195
2709	4997 936 630 722
2710	301 3263 49 2604
2711	1339 4826 3193 2198
2712	3555 2615 221 583
2713	3794 4229 2159 1803
2714	3069 952 395 3999
2715	713 2694 3598 153
2716	4453 4656 1574 3432
2717	3059 3401 765 1356
2718	4377 1152 3309 4923
2719	73 1051 2971 2999
2720	328 1298 95 2788
2721	3038 1470 14 4427
2722	4002 552 4818 3988
2723	727 1608 1933 582
2724	4303 334 688 563
2725	2434 1881 3793 1703
2726	3939 1913 1932 1919
2727	4452 1544 4190 3004
2728	1773 3027 3767 2340
2729	3490 1114 3923 3042
2730	1404 2436 3794 979
2731	784 3684 3036 4845
2732	4942 4540 37 1686
2733	3607 4362 58 70
2734	4585 234 285 3493
2735	1474 3920 1793 3335
2736	3380 1196 3271 4249
2737	2563 4229 473 1667
2738	524 2896 4488 4905
2739	1812 3970 2416 2433
2740	645 1673 3128 191
2741	675 3627 3608 2455
2742	785 3420 1692 3018
2743	4770 3785 2759 1057
2744	3217 531 1335 4712
2745	4487 324 1488 626
2746	1794 4989 3879 1336
2747	188 4158 4231 4918
2748	4282 3692 758 2740
2749	2801 1829 2370 2719
2750	2999 2370 4837 647
2751	2433 1368 2847 2693
2752	1121 1752 3181 30
2753	2159 558 1244 4181
2754	2248 3930 2363 4291
2755	1271 1917 2885 3504
2756	1132 3264 2834 4246
2757	2085 472 3035 819
2758	4026 4516 196 3741
2759	1883 1678 3672 3928
2760	2754 1344 3977 780
2761	1674 2623 4642 2489
2762	2439 714 3634 2425
2763	1240 15 1206 4011
2764	3806 3272 2083 4362
2765	373 3308 3148 1612
2766	2105 1239 3989 1943
2767	4300 707 2617 3007
2768	1020 3916 4431 3739
2769	2020 4770 3843 378
2770	1334 1452 3326 1094
2771	4726 2719 2710 1811
2772	782 159 2153 2964
2773	2480 4632 2906 1722
2774	3242 2264 2143 4364
2775	1090 161 3067 321
2776	2349 4663 2033 4063
2777	2462 1511 859 433
2778	1705 4937 3933 2798
2779	756 1982 448 4190
2780	1064 3629 2618 2148
2781	3344 502 4168 1976
2782	281 4517 1787 1406
2783	4918 3229 2489 1691
2784	342 4423 433 219
2785	92 3473 3593 2901
2786	3507 927 3490 3511
2787	4486 923 4926 2673
2788	2438 187 3362 2228
2789	1605 361 4158 2905
2790	1212 2958 2754 3716
2791	2780 3888 833 2832
2792	4277 4834 4475 4169
2793	62 3914 2848 4919
2794	2739 1658 535 2378
2795	2244 2078 3618 2765
2796	854 3035 878 4232
2797	2113 1566 1396 810
2798	4220 895 1610 765
2799	3631 2239 1767 2524
2800	4983 1089 3367 4315
2801	986 4395 2785 1542
2802	3301 4070 2824 2300
2803	2368 2951 4555 3658
2804	3414 809 3943 1413
2805	4854 4336 1314 1899
2806	1964 2257 702 1554
2807	3062 3387 4249 1957
2808	576 4783 4497 3690
2809	3025 2121 2343 1109
2810	4332 261 2333 3894
2811	4346 1338 1496 362
2812	2481 2668 1196 2250
2813	2812 4603 4095 1985
2814	2608 3349 4723 4954
2815	2532 2341 1928 2783
2816	4552 4364 398 906
2817	1140 1435 107 2406
2818	543 3667 4019 331
2819	3762 2944 3184 782
2820	3390 2229 3113 2468
2821	1246 2276 2212 4256
2822	75 1580 2300 2172
2823	643 2467 2873 1349
2824	3757 681 1352 1357
2825	1028 1975 148 1157
2826	3034 3459 851 558
2827	533 3781 4182 244
2828	3286 2849 870 3550
2829	903 2417 176 2602
2830	1053 3654 95 3849
2831	3975 4962 2143 1627
2832	3703 124 1143 1174
2833	229 987 1305 3327
2834	3097 4663 2616 3393
2835	2954 4854 4789 950
2836	3560 1756 4604 257
2837	2647 1821 3991 3023
2838	1227 748 1936 4278
2839	4961 1874 4679 4331
2840	3763 2870 3450 1436
2841	1909 2307 2433 2743
2842	1517 1507 989 2
2843	44 1629 2544 3885
2844	3413 527 3570 4655
2845	1025 3514 2813 589
2846	3260 3150 453 264
2847	4326 145 1035 4731
2848	4719 3720 1389 132
2849	3824 4494 1107 532
2850	850 1486 3375 2251
2851	4686 790 2808 657
2852	2022 4414 688 4140
2853	4246 1655 321 4473
2854	4004 1876 3753 2103
2855	562 4201 3442 1652
2856	1177 3036 2694 4378
2857	4953 630 3276 3871
2858	3194 2652 3021 4449
2859	79 1778 925 2787
2860	1829 3016 3990 973
2861	3096 4353 3291 3555
2862	3456 4760 4593 4194
2863	3969 4570 4694 169
2864	1346 279 3051 394
2865	2309 2272 1388 1559
2866	952 1627 2898 950
2867	1978 615 3471 931
2868	431 4802 2457 815
2869	1275 1888 4881 80
2870	2946 4511 4589 2779
2871	2732 41 2379 493
2872	1678 2634 70 3720
2873	430 74 3456 3902
2874	3076 4836 846 2154
2875	4245 3517 1084 1554
2876	3597 2978 3752 2765
2877	4658 2848 117 3895
2878	70 1254 939 3309
2879	3560 847 936 548
2880	3874 1249 399 2205
2881	1037 3562 594 4418
2882	4307 467 3500 1371
2883	195 2787 371 3533
2884	1888 205 1351 3405
2885	1985 675 1094 4745
2886	2854 2028 3159 4948
2887	4374 398 4038 4734
2888	1751 2555 2491 4231
2889	378 2574 500 850
2890	4893 3651 1477 77
2891	2244 2499 2403 2213
2892	3395 4659 3560 2348
2893	4477 3117 4376 139
2894	660 4771 2353 4695
2895	1535 3039 4820 1393
2896	472 2198 2512 4710
2897	1741 2853 4405 3007
2898	3309 2363 3333 4038
2899	2362 1458 291 3399
2900	89 4951 1938 1789
2901	1871 2097 3109 1279
2902	4334 4269 488 3639
2903	4141 344 1429 1454
2904	643 4055 887 1315
2905	644 3311 4973 4915
2906	4452 1547 796 2818
2907	817 958 3337 4786
2908	285 1375 1603 2563
2909	2393 1484 1337 4559
2910	3085 2581 2197 2847
2911	2859 3450 409 779
2912	4769 1861 2003 3483
2913	200 2441 2659 3782
2914	834 2968 2757 170
2915	733 4814 279 2339
2916	4718 1026 940 4198
2917	4143 284 3029 1126
2918	606 1435 1599 1376
2919	815 3922 419 3695
2920	3573 923 4544 1658
2921	4164 1400 3026 3283
2922	4258 3279 545 2796
2923	937 4183 4109 4108
2924	3736 4247 3204 1486
2925	417 3730 3308 2015
2926	2936 4100 1638 3915
2927	4036 655 3782 218
2928	4687 2439 4981 4298
2929	145 1243 2518 3663
2930	480 2817 1961 4993
2931	4611 4673 974 3985
2932	3097 4933 2512 44
2933	1449 4793 4395 1341
2934	552 4228 3444 556
2935	3936 309 3366 4470
2936	1191 2908 1697 129
2937	505 1825 188 1155
2938	4371 2617 1580 1678
2939	1250 3233 664 2904
2940	894 2185 1732 3388
2941	80 3594 3747 64
2942	2212 4164 3211 1196
2943	4363 3784 2298 1787
2944	2528 1145 2267 3156
2945	3423 4859 2888 4208
2946	3052 2153 4836 2289
2947	4410 2329 1178 4981
2948	3076 801 4770 4009
2949	3853 2233 1917 2819
2950	3020 242 4094 2062
2951	683 1221 4007 2019
2952	280 388 1370 2929
2953	1645 3633 1409 4045
2954	4528 298 3360 3064
2955	2768 3909 4871 1102
2956	101 3126 746 949
2957	1032 2524 2611 309
2958	4247 2539 627 1875
2959	3432 3050 106 1518
2960	1302 3005 1859 2558
2961	1405 1890 86 2023
2962	4306 2007 4099 205
2963	1976 647 3686 2437
2964	2183 4745 2571 1386
2965	3053 4140 2456 4772
2966	2373 1608 3165 131
2967	4003 4566 3597 1322
2968	723 297 1465 1988
2969	4017 4368 2355 1317
2970	2501 3228 4699 1413
2971	4815 1976 968 1414
2972	668 1519 2407 3720
2973	891 676 2971 1003
2974	4885 4688 4834 21
2975	4890 1538 4914 4027
2976	2312 4902 2651 4027
2977	2653 1497 4765 425
2978	3934 1526 2661 3309
2979	2154 2406 2357 2619
2980	3015 479 1539 4662
2981	2860 1106 2253 456
2982	294 3878 3512 3474
2983	1990 4359 3296 1855
2984	3703 3294 3107 620
2985	1787 761 1953 976
2986	3713 4940 762 2228
2987	2210 4627 3267 1149
2988	3892 2058 2124 2831
2989	1339 4169 3861 901
2990	4908 3791 1324 829
2991	1439 3229 993 3403
2992	3988 878 4394 1888
2993	1824 2216 74 2366
2994	807 1555 1253 895
2995	604 4895 442 899
2996	4888 1175 3346 1352
2997	918 3151 414 4151
2998	3833 1175 4156 2642
2999	3517 1873 2804 1598
3000	1166 2187 1230 416
3001	1396 670 1183 705
3002	2105 2297 1314 3482
3003	3721 3208 101 291
3004	332 4668 4461 1959
3005	475 3584 4390 4360
3006	3714 4011 3695 1113
3007	1091 2291 3445 334
3008	1967 3676 3918 3289
3009	4838 2022 1083 4586
3010	4463 4461 2295 1538
3011	2871 760 158 2950
3012	1731 2572 2238 3096
3013	1678 1352 3638 4383
3014	4715 2580 4475 3648
3015	116 3050 254 2299
3016	1526 1608 1423 4397
3017	2342 1265 3123 160
3018	2245 3444 213 3303
3019	1749 2186 4027 814
3020	3322 743 291 4534
3021	1410 3713 4094 2699
3022	4241 7 3460 1049
3023	4679 3604 3718 500
3024	431 2545 2591 4476
3025	283 4642 453 3039
3026	2845 217 22 3900
3027	4698 92 3511 2192
3028	1231 2337 2813 983
3029	623 719 2202 3408
3030	4888 4773 4632 2831
3031	4105 2155 3345 975
3032	1626 3933 3014 1415
3033	4220 3471 4242 4507
3034	2699 2013 1158 3903
3035	3272 4368 2258 3749
3036	627 196 2207 2117
3037	4562 4547 1791 4145
3038	2704 1106 2170 4603
3039	4545 1360 4199 4684
3040	2284 40 3315 2080
3041	2119 349 4552 1291
3042	3731 1850 3787 3598
3043	3782 4377 3489 226
3044	677 4052 2149 4742
3045	4317 2189 2934 3324
3046	928 2264 2977 2971
3047	1686 1734 2678 4942
3048	1457 3420 1797 5
3049	2651 1947 4211 639
3050	2578 4692 1757 2041
3051	2371 4438 3547 1068
3052	2355 4124 4556 1530
3053	3603 2212 925 3229
3054	1309 3405 1605 4843
3055	3022 2043 2236 4992
3056	3537 4114 3071 3392
3057	3624 614 4739 2774
3058	3419 1003 2453 1669
3059	3105 1822 3096 1356
3060	2199 4595 2608 4250
3061	3648 3971 1105 4072
3062	852 417 683 4998
3063	3530 668 4498 1045
3064	4813 3728 4250 591
3065	551 3371 1080 2709
3066	2359 1440 4036 2019
3067	1343 1451 1065 575
3068	1632 2289 51 1892
3069	4272 2553 2903 2115
3070	1578 1971 2577 2209
3071	1753 1816 3054 1657
3072	4348 2102 2429 1789
3073	521 3186 2171 4391
3074	1042 386 1154 4663
3075	572 4678 4853 955
3076	4018 4270 1339 568
3077	272 1941 720 561
3078	2377 1727 4983 1148
3079	1370 878 826 1308
3080	2652 542 4007 572
3081	3482 425 550 2143
3082	4177 1612 1286 2074
3083	2931 756 2972 1928
3084	3074 2329 3267 2353
3085	723 387 395 2176
3086	330 3070 1144 3845
3087	3801 2623 1119 1359
3088	2952 3196 1771 653
3089	2680 2769 3788 101
3090	2781 2702 1961 2299
3091	2021 2371 2633 3197
3092	120 1872 625 539
3093	3686 493 3720 1151
3094	4002 3857 2207 3190
3095	4343 4712 4862 861
3096	2559 4074 2228 285
3097	1762 1084 230 2125
3098	654 749 1361 1922
3099	501 2776 4777 3916
3100	2688 2702 3342 3821
3101	3827 1494 3540 1707
3102	1215 3684 4192 990
3103	4353 4063 1551 4733
3104	1828 2211 696 1844
3105	1040 3747 1563 4716
3106	1566 1826 4805 4837
3107	4965 1992 4038 490
3108	1969 4190 2640 1909
3109	449 1256 1906 933
3110	3785 1181 2106 3079
3111	1947 3525 1371 1802
3112	3228 2480 1647 4092
3113	406 1935 4688 404
3114	4672 1719 4601 4318
3115	609 4604 1161 480
3116	1613 2347 3693 59
3117	3425 471 3799 3360
3118	1735 3815 3677 3976
3119	3756 1406 1015 206
3120	2993 4545 1801 4610
3121	1423 3359 420 4139
3122	655 432 791 889
3123	3183 1627 345 127
3124	373 1287 2285 43
3125	4556 1571 3924 4782
3126	4484 2720 217 3590
3127	197 1315 695 2657
3128	2886 2457 3477 4916
3129	1060 1971 1494 160
3130	1076 2964 264 3500
3131	720 3961 4046 2985
3132	1101 1583 2976 32
3133	1824 4839 4060 2810
3134	1502 46 2121 3487
3135	1796 4852 4845 4076
3136	4551 2400 699 747
3137	4599 1114 2397 1855
3138	3465 3856 1752 1493
3139	2566 4927 2703 2174
3140	3589 3026 1273 908
3141	4067 4229 3490 1661
3142	4947 1324 1483 193
3143	4034 4613 4010 4082
3144	3966 1078 552 28
3145	194 2636 3508 2115
3146	4623 3000 4206 4882
3147	3178 4386 1919 3737
3148	3755 4264 2298 1509
3149	3556 400 4986 3691
3150	1763 354 4353 3062
3151	3234 46 435 1848
3152	3493 2246 2297 1010
3153	2595 4461 2061 1668
3154	4650 227 1050 424
3155	3216 1938 4577 3620
3156	1685 1850 3469 288
3157	3984 3445 3867 167
3158	2759 4109 117 4185
3159	982 3619 4837 825
3160	4028 3888 1732 3084
3161	3535 4115 2421 2903
3162	4195 1159 2813 994
3163	423 1699 400 757
3164	1011 1178 3677 908
3165	1370 2842 2620 3770
3166	1159 164 504 2852
3167	4583 4840 1872 818
3168	4743 3537 3319 2777
3169	1265 708 3175 1689
3170	2430 1833 639 763
3171	2782 1172 449 3773
3172	2151 1811 1475 4260
3173	370 2095 3592 341
3174	3126 4138 726 2069
3175	1053 4591 1796 4935
3176	2933 4241 2551 2411
3177	1762 2880 3544 4676
3178	3246 4591 3181 3675
3179	1465 1689 4067 3800
3180	1879 4709 4761 4400
3181	3493 598 2239 2369
3182	2750 4662 247 4622
3183	2145 2306 815 3900
3184	1454 3675 1083 3956
3185	4095 192 1610 4583
3186	2170 2746 4365 2720
3187	1063 2937 759 903
3188	1760 3847 4471 923
3189	734 195 3455 1710
3190	4023 3361 675 1188
3191	2908 3479 2622 217
3192	1265 3892 2113 540
3193	2441 486 1852 977
3194	1509 1508 4544 2517
3195	4603 4072 4522 1625
3196	2921 4732 4779 252
3197	2119 3952 3453 4050
3198	2273 2357 3293 3007
3199	1290 4999 3635 4716
3200	1560 4228 3520 3149
3201	2275 695 4512 4047
3202	1210 2692 2523 849
3203	3907 3104 139 4676
3204	2310 2293 3363 651
3205	4633 4726 2599 2582
3206	1794 3708 1597 1262
3207	820 4416 2942 5
3208	4840 1249 4996 3212
3209	3612 4266 3849 2949
3210	682 961 4556 1391
3211	2688 4718 518 4494
3212	770 1762 2427 3173
3213	391 1562 3535 2665
3214	4883 1135 3020 1990
3215	466 4794 3926 570
3216	3396 456 1064 1008
3217	3117 717 2558 4941
3218	2176 2664 3588 15
3219	2950 4685 2615 1818
3220	2745 780 3883 1639
3221	151 3634 673 2735
3222	2959 4812 4201 539
3223	2866 161 3804 1455
3224	2413 1907 332 1230
3225	357 3202 2198 4969
3226	2192 240 215 1861
3227	1953 4527 4059 3229
3228	398 1001 435 2300
3229	1217 153 1886 4827
3230	3067 37 3801 602
3231	3017 1481 1811 619
3232	4726 1128 3172 2075
3233	3391 2417 360 4139
3234	3851 1649 1393 4867
3235	3204 1000 863 1464
3236	918 3354 4475 288
3237	1574 2090 4748 4105
3238	563 1341 130 4784
3239	3982 1474 1129 1406
3240	4616 2810 1418 3854
3241	2782 1356 1413 3860
3242	4422 4121 495 993
3243	4557 2563 4144 770
3244	3894 4761 430 2124
3245	4402 4958 3931 4639
3246	4233 282 3626 2898
3247	1727 4497 2105 764
3248	2076 2966 3621 2644
3249	654 3071 701 3541
3250	142 3958 2987 4738
3251	400 795 461 1119
3252	3096 3861 3542 3630
3253	2296 4670 2833 2150
3254	1436 378 1369 3817
3255	276 2620 331 2567
3256	2718 1349 2972 583
3257	705 2744 4225 1513
3258	2306 4710 420 1434
3259	417 4251 3258 3759
3260	144 3239 2560 747
3261	3693 3954 1942 1232
3262	763 1660 1161 3347
3263	4709 386 2081 3531
3264	834 1613 399 342
3265	1668 1576 1323 1674
3266	2119 1240 210 2831
3267	2439 2257 2929 621
3268	2573 655 3873 773
3269	4006 1840 1442 4549
3270	4716 2358 2642 642
3271	4488 769 4622 4233
3272	3093 1737 350 1246
3273	1745 4994 2824 3362
3274	1827 2154 3727 2465
3275	1873 1150 2991 70
3276	3795 1780 4561 1499
3277	3968 3713 558 1498
3278	4908 217 2968 650
3279	4618 4820 3880 2717
3280	384 2198 1741 4561
3281	1484 2676 2205 1936
3282	4614 3123 180 3312
3283	215 460 4871 1502
3284	2449 1936 1868 768
3285	2675 4432 1137 3849
3286	2281 935 4536 101
3287	2133 2504 1971 3211
3288	309 4404 1583 440
3289	2618 2885 2222 2597
3290	764 3575 3808 225
3291	142 1525 3810 1294
3292	3657 4337 1612 3937
3293	2846 2011 2967 860
3294	4845 1242 2257 4521
3295	421 2233 2099 2431
3296	2816 1867 3791 4025
3297	364 3631 4546 4922
3298	2600 4270 1864 4659
3299	4693 1063 3375 2597
3300	4659 2338 3009 1744
3301	782 4374 3336 1356
3302	435 4097 2885 3787
3303	3881 1581 3309 990
3304	1475 1651 659 3218
3305	1675 3138 4868 617
3306	688 3252 907 4179
3307	3019 2167 1084 1477
3308	2359 3183 2430 1100
3309	3539 1673 3328 290
3310	1990 3517 3893 3717
3311	404 1704 2617 2399
3312	2901 3551 4516 602
3313	1951 2132 1010 2006
3314	3809 2682 3891 4254
3315	232 256 2654 1907
3316	250 764 3583 1277
3317	800 1669 3360 2273
3318	2845 1539 4399 1194
3319	4199 2937 1988 2169
3320	1825 4547 2062 2029
3321	2703 452 1511 3729
3322	207 4047 556 4837
3323	3821 1462 2347 2103
3324	2249 4874 1618 3011
3325	3962 683 451 4573
3326	4553 4804 650 324
3327	1438 4093 2687 4508
3328	4300 993 3866 4368
3329	2684 464 2212 170
3330	2603 4253 3621 4228
3331	4161 956 1945 4710
3332	912 4475 3661 3018
3333	4925 2617 4738 2095
3334	4719 3277 3544 2131
3335	1241 2949 4491 4122
3336	1561 1077 1558 4906
3337	4964 4802 3317 1107
3338	4471 90 3272 2725
3339	1596 3719 824 3332
3340	2552 2459 3268 1420
3341	2088 3531 2722 1824
3342	2353 3591 717 286
3343	4491 423 2262 603
3344	2029 22 182 4921
3345	2473 922 4457 3081
3346	99 3582 2461 3557
3347	2606 253 4654 2916
3348	1753 4424 1315 4572
3349	1056 4297 4758 4249
3350	3248 4520 669 374
3351	2979 943 2387 2927
3352	3948 546 3232 4903
3353	4491 4970 230 3994
3354	908 709 496 3604
3355	2563 4734 200 1479
3356	2768 3943 803 814
3357	2552 3816 4281 4255
3358	2873 2085 1452 190
3359	1388 1511 1578 1538
3360	1182 1077 2861 3945
3361	1610 2475 3734 3422
3362	541 1019 2436 1403
3363	2560 3105 3749 683
3364	328 1847 3096 1619
3365	33 294 1269 3987
3366	4287 1784 1393 3578
3367	4597 1953 540 538
3368	4646 4222 2770 786
3369	1632 3343 588 1157
3370	1230 606 1789 4938
3371	2824 3615 638 2759
3372	2328 2001 3081 663
3373	4514 3101 2447 192
3374	3572 455 4387 296
3375	2829 3860 4994 2471
3376	1889 2984 1266 4021
3377	3946 3684 946 1470
3378	3920 979 4004 1714
3379	215 2289 3408 1276
3380	1921 1096 757 3295
3381	4108 2676 730 3527
3382	287 263 2225 4428
3383	2125 728 1570 3206
3384	2312 2242 2000 3968
3385	4844 1945 1988 591
3386	4676 1297 3271 3618
3387	2303 854 1056 3264
3388	1498 4935 1743 3923
3389	759 1016 1397 2343
3390	442 2325 1482 3820
3391	2649 1782 1065 4415
3392	538 2976 4885 3693
3393	1305 1864 3409 4925
3394	4847 1494 121 4065
3395	531 4591 1915 174
3396	1068 3728 4224 3812
3397	1688 221 2516 3443
3398	4486 2448 2453 3054
3399	2329 1994 1556 1153
3400	429 1756 4677 1701
3401	733 4736 3397 2472
3402	2510 3781 2317 4928
3403	4953 2645 2639 201
3404	3530 3890 4808 1785
3405	3054 1607 2092 2310
3406	2823 1517 2634 2465
3407	3327 792 3885 2031
3408	2236 2972 4746 3780
3409	4153 3502 2587 4990
3410	2676 20 1563 755
3411	3065 3258 802 4436
3412	4339 3841 822 340
3413	3307 2893 4467 308
3414	1338 2992 2267 681
3415	3845 1961 1998 4493
3416	406 1330 3515 1512
3417	357 1145 3520 3362
3418	3768 2482 3495 2767
3419	205 1459 3615 4381
3420	3068 1314 1525 4677
3421	3760 942 3451 1359
3422	4455 46 4424 3207
3423	2756 2235 661 2682
3424	4527 2097 1075 4939
3425	3520 916 3079 3700
3426	2873 489 3490 149
3427	4046 1689 249 3305
3428	4364 4663 751 2130
3429	3862 2576 4691 587
3430	3200 4830 2146 4541
3431	4573 1080 3023 410
3432	917 1595 3479 1893
3433	1761 862 414 1663
3434	2254 422 763 1117
3435	666 2864 277 3949
3436	799 673 3473 4517
3437	3682 959 4782 2439
3438	795 2361 131 1324
3439	2249 4171 554 1724
3440	2359 459 2209 1482
3441	4166 180 2863 2502
3442	4642 1620 3267 1275
3443	4699 3386 727 75
3444	115 1385 3802 891
3445	1095 43 4614 776
3446	3266 1547 3479 4028
3447	308 3055 2843 1573
3448	3486 2143 1319 4239
3449	3773 4881 2349 4322
3450	4789 653 906 1762
3451	1072 3593 4248 4371
3452	4360 2408 1903 3210
3453	1180 4576 4458 3441
3454	2571 837 980 4677
3455	806 3512 4756 4061
3456	4297 4175 4756 1434
3457	4002 278 4781 2079
3458	4797 1472 4527 4669
3459	820 3147 891 194
3460	3428 251 2339 2413
3461	321 3189 3286 3795
3462	4751 997 454 3105
3463	4632 100 3463 816
3464	4335 4680 1354 1038
3465	1053 2783 4925 4784
3466	708 3941 3234 3261
3467	3485 870 1004 4671
3468	484 1149 1345 2403
3469	2521 2036 4839 1724
3470	595 2522 3649 4246
3471	627 4401 2825 1938
3472	4991 1642 6 2852
3473	4757 3527 4282 3438
3474	2878 3248 2490 4468
3475	3601 4515 1732 633
3476	1788 3895 519 4447
3477	413 1508 2925 1629
3478	1329 169 3180 3964
3479	50 4449 2643 2058
3480	2471 2427 2509 303
3481	381 1287 4436 2194
3482	2605 2693 521 1167
3483	3748 2981 4646 4916
3484	3412 4180 4450 4482
3485	3490 3514 3457 4874
3486	1821 2127 4025 911
3487	3868 2852 271 3989
3488	3892 1062 1592 1385
3489	3898 2239 3407 231
3490	2533 2355 531 1754
3491	1708 3471 1968 489
3492	2353 2927 4763 831
3493	1032 1820 729 4220
3494	3810 1307 2072 1929
3495	378 1112 2097 2474
3496	4030 763 1606 1271
3497	3203 4027 2482 1857
3498	3330 1139 1199 4492
3499	4181 1090 3920 4949
3500	4540 1145 3093 4828
3501	2245 2967 434 2724
3502	1653 1271 2210 3481
3503	664 2626 2382 537
3504	215 4219 4404 4087
3505	2799 1638 1034 2336
3506	4129 4705 2998 4152
3507	4602 3383 4688 2848
3508	2234 3768 485 1860
3509	1108 245 1917 4610
3510	3085 4279 3480 1617
3511	4382 1888 1961 922
3512	2862 4131 2891 1333
3513	4427 2604 1837 1935
3514	4240 1765 2799 3434
3515	2530 2317 4486 4377
3516	3326 16 720 310
3517	3421 3239 2166 620
3518	2509 3973 3771 2981
3519	3382 2372 4315 141
3520	4157 1501 4746 4482
3521	1161 4019 4361 692
3522	3633 1274 4280 1674
3523	2119 1202 252 2895
3524	24 2741 63 919
3525	3571 437 4040 329
3526	4300 191 1567 4344
3527	662 619 1495 2611
3528	2378 4182 3828 4225
3529	2461 3867 3560 1408
3530	4692 2988 1642 3341
3531	2174 4056 2439 3805
3532	4442 4300 944 4047
3533	3490 2411 1244 3938
3534	3628 3397 2249 3182
3535	2143 4005 2423 2393
3536	4365 3174 1750 3880
3537	2678 4172 1649 3368
3538	2731 3906 4118 3811
3539	289 4907 434 2277
3540	3575 1405 2060 2357
3541	1335 3058 2528 1040
3542	2300 1259 1441 1781
3543	3793 4705 1043 28
3544	3637 4179 2133 4468
3545	516 3460 363 4273
3546	2792 3091 3787 4933
3547	3567 4544 4081 2321
3548	1176 1504 2400 1399
3549	2364 1408 2636 3852
3550	2127 4841 2913 2382
3551	1574 2345 1843 1969
3552	1647 1909 36 3936
3553	1958 1041 1212 2902
3554	199 2369 4183 2879
3555	3419 2202 3819 4708
3556	4024 3142 1703 611
3557	4526 1504 2490 2429
3558	3304 1929 3533 862
3559	1714 2855 239 110
3560	4689 4645 4058 3054
3561	4141 605 1219 4999
3562	2391 405 2217 773
3563	1946 4689 1938 1234
3564	87 2845 4837 2223
3565	1255 2843 1110 4345
3566	315 4986 2766 1441
3567	3830 997 322 3920
3568	3942 1554 3622 463
3569	2693 639 1651 4873
3570	4524 2662 884 3615
3571	2409 462 2444 2836
3572	1078 995 2603 582
3573	3968 3886 1772 1347
3574	2850 1237 4229 4941
3575	4361 4102 2468 2664
3576	1164 260 3928 4387
3577	24 4150 2233 233
3578	1334 4735 285 2982
3579	1273 1134 2036 4056
3580	1909 4215 1470 4373
3581	1778 1130 4911 483
3582	4251 2383 1795 3061
3583	2853 4486 3309 229
3584	2531 2161 1088 3502
3585	2075 217 3352 2734
3586	2780 1568 4440 4021
3587	4336 2930 4700 1347
3588	4536 1756 4729 4264
3589	908 1255 253 2202
3590	4971 1438 2747 1202
3591	3559 3061 573 44
3592	3115 3013 4930 4470
3593	1029 4851 3753 1753
3594	953 44 1407 2216
3595	4442 582 2416 2737
3596	3702 3388 2578 3451
3597	1312 3829 691 2926
3598	3553 4202 483 2319
3599	4884 1641 280 2601
3600	4510 1256 1985 3628
3601	1469 3675 1216 3888
3602	748 2462 4198 2458
3603	3274 1164 4474 1329
3604	2070 1299 3631 3619
3605	3004 2082 399 4599
3606	2633 2864 4271 4311
3607	4155 1434 3810 3070
3608	3105 1602 1145 343
3609	2499 3919 3732 672
3610	1819 3383 5000 2879
3611	4728 368 2908 157
3612	2257 3487 354 3808
3613	4599 4250 4681 3698
3614	2456 4222 3558 3448
3615	226 228 2326 1515
3616	1498 1369 4497 4518
3617	3326 3230 3655 2021
3618	4288 2365 195 992
3619	2371 3729 1543 883
3620	3254 1170 919 4698
3621	1553 2982 4064 2233
3622	4420 49 4326 1328
3623	1412 772 1063 3204
3624	554 2079 836 772
3625	4789 2804 2349 2892
3626	737 69 3680 4596
3627	3482 278 1151 3850
3628	3749 2690 5000 794
3629	1611 309 122 3202
3630	2127 2073 1 2873
3631	1258 2837 984 1521
3632	4609 3803 4351 1764
3633	4357 2328 2826 678
3634	1960 251 984 4987
3635	2172 1149 3224 1978
3636	4839 1425 978 3026
3637	4971 694 545 3033
3638	2469 4095 4412 2861
3639	4641 1483 293 971
3640	2323 4757 986 3189
3641	2071 4242 2866 809
3642	3991 122 1699 4933
3643	4087 621 4861 1002
3644	4640 200 2081 4261
3645	1644 4628 940 3487
3646	4218 3731 4301 3489
3647	1698 4009 3319 2788
3648	665 3662 4979 2933
3649	4952 4813 1127 3093
3650	3898 1602 2693 3953
3651	197 2100 2264 3569
3652	2287 4712 3948 220
3653	3528 309 878 547
3654	1651 1289 3882 475
3655	2093 3093 4254 633
3656	4559 2351 3079 1879
3657	2368 4536 3747 1265
3658	1845 938 4642 3365
3659	2158 1551 354 4676
3660	3833 3449 1118 3311
3661	3686 884 1671 2764
3662	680 3264 3957 195
3663	2113 3628 3261 3899
3664	4661 1126 3931 3885
3665	4846 337 3929 3269
3666	1931 4214 4348 3635
3667	1766 858 992 953
3668	2541 1615 4945 1868
3669	329 4747 3395 1589
3670	11 2974 3072 350
3671	2094 749 2445 1109
3672	786 4383 144 2416
3673	3855 2105 2018 4755
3674	4288 1226 368 1497
3675	1988 3639 2318 1302
3676	1073 1564 440 2301
3677	3015 1419 3642 1172
3678	4820 818 3236 1676
3679	1683 1548 4183 906
3680	3482 3972 531 1335
3681	38 1031 3568 3305
3682	956 252 4438 4365
3683	2073 992 1707 1378
3684	3064 2233 4537 1658
3685	3543 482 522 131
3686	448 1664 2681 3184
3687	431 2983 4322 3153
3688	1243 2830 31 2357
3689	2401 2269 2889 878
3690	3028 1185 1200 4533
3691	4251 4691 4829 4414
3692	1605 80 3283 3091
3693	4061 1087 2392 2799
3694	3613 1866 3177 3436
3695	1215 3481 2737 2619
3696	870 1350 4795 1665
3697	963 4414 4589 1979
3698	1559 4557 3730 651
3699	4510 314 3331 907
3700	2107 4025 463 1747
3701	4885 4524 1833 2441
3702	3651 3413 4401 356
3703	3996 722 3755 2772
3704	3477 4022 4958 3177
3705	360 3290 607 46
3706	4747 3935 2369 3996
3707	4953 2823 3625 4632
3708	2072 1898 136 3546
3709	4510 2360 1356 3942
3710	1260 2701 2846 2079
3711	2405 3129 3938 2161
3712	3639 3809 2584 988
3713	1908 2563 226 4571
3714	3887 4200 4345 2022
3715	244 2075 4298 2525
3716	245 888 612 4393
3717	4349 2643 3353 3475
3718	2284 1436 2796 1330
3719	666 2538 4735 902
3720	4184 1794 2287 3457
3721	1621 3662 581 1430
3722	590 3200 1708 1698
3723	630 782 4625 897
3724	2672 4499 2342 2284
3725	659 1675 1784 2630
3726	3997 2174 1838 842
3727	3349 568 2492 4760
3728	4137 4569 2025 1464
3729	1685 2524 150 3948
3730	2772 4288 63 128
3731	4044 2408 1704 504
3732	3149 3503 2243 4830
3733	1190 3847 3104 4524
3734	1421 974 3434 2311
3735	449 1169 3332 4328
3736	2298 1884 1570 3324
3737	2895 650 2740 2174
3738	1915 2235 594 4960
3739	4799 1512 3700 2960
3740	561 3407 1945 4684
3741	4027 2043 3924 4384
3742	1155 4694 4037 1378
3743	308 1882 387 1802
3744	3970 2048 1161 3861
3745	542 2981 4453 2890
3746	4099 22 2902 2079
3747	1352 4027 1701 1006
3748	621 916 2461 390
3749	1152 1112 2915 2097
3750	230 411 2264 1155
3751	2862 1268 905 2860
3752	3333 2581 2825 140
3753	1263 85 1148 2839
3754	2293 4011 1136 3081
3755	660 4984 2694 115
3756	4503 1901 2790 130
3757	4204 1900 4446 4239
3758	2473 4467 2617 1784
3759	720 47 716 1128
3760	3960 3631 1873 1367
3761	3341 2167 3888 2671
3762	2433 4998 927 42
3763	1611 1174 1143 3952
3764	1867 3375 4938 885
3765	4952 3357 1466 3071
3766	4906 3648 1250 3526
3767	578 3416 3558 2754
3768	4975 1628 1080 437
3769	2971 2395 4872 4117
3770	751 2641 4622 58
3771	42 1259 1693 1183
3772	778 1972 2871 514
3773	2968 205 117 10
3774	1651 989 1298 891
3775	2463 2064 2770 3576
3776	364 704 33 4657
3777	3973 2034 1360 2885
3778	4889 768 2322 2085
3779	2838 813 479 1125
3780	2026 1422 2889 229
3781	3013 3673 3594 1076
3782	2860 3713 246 300
3783	4308 4380 2849 1385
3784	3920 4366 2157 3111
3785	3470 4906 89 4776
3786	1270 1064 1213 3554
3787	3609 4815 2548 751
3788	331 1542 2929 4991
3789	4630 2799 2733 1806
3790	1166 792 1853 3787
3791	4365 2344 3365 788
3792	2341 4918 1919 3205
3793	1023 3663 4666 2528
3794	1251 2641 707 4275
3795	2454 76 2902 535
3796	4952 1223 3294 4313
3797	1440 3799 846 4142
3798	3148 2639 128 1227
3799	3940 3622 2747 3169
3800	3967 3140 4705 3855
3801	3714 373 3459 872
3802	3533 4976 878 123
3803	2304 115 3643 1653
3804	2180 2922 1304 972
3805	2649 2 291 2796
3806	3325 433 2857 3608
3807	2970 2341 4425 4249
3808	666 721 1874 2847
3809	4698 3929 478 2326
3810	350 1743 1702 4017
3811	4352 4965 4742 2026
3812	2238 1160 2374 134
3813	4258 4851 3277 3584
3814	3159 2571 2176 4834
3815	926 1060 2840 1739
3816	359 2943 3490 850
3817	2701 1772 1733 1197
3818	4923 3008 594 1673
3819	55 3431 916 3711
3820	3064 2523 26 1384
3821	2485 470 4415 1231
3822	2583 743 4701 4564
3823	550 1435 1817 594
3824	2696 4127 1222 4595
3825	4986 3424 4592 3314
3826	2682 3318 749 4652
3827	2228 288 2114 4141
3828	3497 4666 2312 1172
3829	1889 4299 2502 4153
3830	1549 3144 3701 4586
3831	1924 1071 2797 3364
3832	371 3319 3930 1706
3833	1267 3346 2619 3985
3834	3766 3158 2783 3189
3835	2719 913 130 3714
3836	3351 1822 2173 3164
3837	706 1295 4040 3706
3838	4094 2313 836 1224
3839	4368 4067 436 3146
3840	3586 2746 3421 4701
3841	1084 611 3408 1667
3842	4281 1289 2176 1305
3843	4156 866 3812 2226
3844	2889 4312 4226 4009
3845	885 4195 1002 417
3846	2426 95 4925 1288
3847	3678 2755 3068 1625
3848	155 1510 2880 1644
3849	2134 2887 1897 4870
3850	3834 471 10 1705
3851	3289 2910 396 1657
3852	4189 4568 464 2012
3853	342 4356 330 4676
3854	3527 2243 287 4047
3855	2188 3124 531 4722
3856	3756 2053 481 968
3857	2060 2246 1676 4775
3858	1839 4057 4516 2971
3859	3407 3971 451 2796
3860	1901 2144 2397 1215
3861	4908 649 2672 4410
3862	782 135 2114 1749
3863	4165 1443 1851 3334
3864	2828 1857 670 2942
3865	1197 280 1783 1083
3866	87 972 918 1520
3867	3339 4543 3937 3226
3868	908 250 2107 3395
3869	2496 3927 2860 2226
3870	3121 2133 1405 1166
3871	4041 4569 297 1676
3872	2606 2915 624 317
3873	3775 41 1482 3576
3874	4085 1564 2074 869
3875	533 3029 4871 4143
3876	3372 1270 4738 465
3877	1965 4558 4623 4523
3878	4182 2064 1952 3683
3879	4973 1452 3293 713
3880	2812 1447 4389 618
3881	75 2294 541 1912
3882	672 1844 2427 668
3883	726 2528 2116 3534
3884	2678 3805 4903 4793
3885	4199 524 2040 85
3886	3997 2327 1869 1417
3887	235 3328 4700 4199
3888	3479 367 2191 2599
3889	2052 3582 2487 1134
3890	4397 3593 2745 3031
3891	1685 2561 3774 3196
3892	1774 3697 4521 4920
3893	2886 3584 234 641
3894	694 4140 2178 1870
3895	4945 101 1952 4809
3896	1428 2015 2423 4368
3897	4901 3619 3353 404
3898	170 2860 3173 3640
3899	3540 3241 2701 2104
3900	3406 1581 4586 4203
3901	2512 1009 2796 896
3902	4718 2403 4944 3625
3903	621 423 564 2866
3904	4883 3633 3809 657
3905	2094 4487 3417 2466
3906	4682 4326 2078 148
3907	3192 4381 625 3631
3908	4741 4418 3348 4853
3909	1055 379 3457 540
3910	3076 2699 3461 564
3911	68 2961 3502 174
3912	3736 3095 241 1762
3913	1365 4158 4425 1318
3914	4094 4062 3201 353
3915	306 2046 3388 4106
3916	3895 3550 3432 4892
3917	4889 4946 4492 726
3918	1097 2920 1987 2134
3919	102 1355 2907 1436
3920	2951 2402 797 1641
3921	4154 1828 4804 623
3922	497 3151 3600 2667
3923	2386 45 4794 233
3924	846 1747 377 521
3925	3396 2067 4363 2524
3926	4213 2022 2531 2144
3927	4603 371 1695 783
3928	1622 1414 2429 2673
3929	1012 2568 360 330
3930	4636 4697 4908 1367
3931	1431 3863 1572 2844
3932	245 1767 100 1391
3933	780 2199 2107 4840
3934	2258 3410 1196 3591
3935	399 740 2515 894
3936	160 4353 2830 4572
3937	454 3794 2972 4022
3938	2415 1713 377 4131
3939	4674 4541 1955 4507
3940	3627 3911 2792 1295
3941	2599 965 949 4320
3942	3794 452 1560 2030
3943	3482 194 1566 2211
3944	3143 1545 977 4971
3945	3782 1048 4765 4489
3946	2660 3388 235 4359
3947	1905 4989 366 3486
3948	3505 87 732 1755
3949	4488 1785 3667 4714
3950	2944 1620 2623 4974
3951	3060 3189 4785 4758
3952	295 3929 2850 4154
3953	3352 603 279 19
3954	3655 2226 2834 780
3955	1869 1243 727 1535
3956	1869 1879 2532 1035
3957	605 1569 2185 3220
3958	1256 2764 3790 4833
3959	937 1824 3891 52
3960	3118 2807 4820 1460
3961	1807 1379 4120 3917
3962	954 4574 4109 1841
3963	255 1170 871 3055
3964	577 120 1305 1055
3965	4273 1981 3915 1300
3966	2078 4008 4421 2880
3967	3727 446 4800 617
3968	4667 2361 2225 838
3969	4763 3673 1604 4742
3970	3951 2023 2824 2389
3971	1759 3102 574 3088
3972	1133 3458 4260 4715
3973	3336 3772 2321 2467
3974	4960 3782 415 1766
3975	396 1449 896 4592
3976	4967 2412 614 3067
3977	4453 2214 4889 4768
3978	3728 1187 4135 128
3979	3739 1924 698 1663
3980	1372 3448 1225 1136
3981	2715 1671 4242 4546
3982	2571 2481 356 4053
3983	2645 4768 3669 2936
3984	4577 3942 2165 2136
3985	1827 1029 2089 4169
3986	4671 4365 3941 4368
3987	3937 94 948 1988
3988	1530 3623 4589 1300
3989	1677 2349 1435 3904
3990	2633 3249 3708 4300
3991	614 3556 3216 1735
3992	3799 4865 4784 3281
3993	4613 2623 1886 3427
3994	2354 3580 1540 4559
3995	4800 1109 3739 4993
3996	2211 87 3179 1615
3997	3312 2951 3864 4161
3998	2383 2395 3557 2168
3999	1427 3562 1105 2102
4000	31 3554 1377 185
