Class Times	20
Rooms	100
1	75
2	86
3	38
4	59
5	84
6	16
7	57
8	70
9	38
10	10
11	85
12	12
13	11
14	18
15	66
16	38
17	21
18	43
19	23
20	77
21	27
22	85
23	75
24	94
25	24
26	41
27	34
28	18
29	30
30	85
31	96
32	55
33	52
34	61
35	48
36	45
37	59
38	15
39	95
40	25
41	55
42	32
43	88
44	92
45	73
46	14
47	93
48	69
49	52
50	79
51	56
52	14
53	98
54	85
55	19
56	57
57	11
58	29
59	88
60	60
61	52
62	49
63	53
64	10
65	13
66	75
67	19
68	66
69	93
70	75
71	69
72	79
73	53
74	47
75	65
76	60
77	58
78	98
79	84
80	94
81	30
82	69
83	17
84	86
85	24
86	73
87	50
88	43
89	80
90	66
91	22
92	60
93	80
94	38
95	61
96	74
97	20
98	33
99	49
100	79
Classes	1000
Teachers	500
1	152
2	174
3	453
4	458
5	370
6	270
7	236
8	255
9	361
10	144
11	387
12	348
13	462
14	382
15	233
16	442
17	10
18	418
19	277
20	433
21	358
22	444
23	310
24	156
25	432
26	123
27	179
28	11
29	258
30	194
31	490
32	19
33	21
34	437
35	371
36	300
37	448
38	370
39	411
40	34
41	277
42	159
43	237
44	96
45	140
46	4
47	305
48	225
49	276
50	318
51	434
52	149
53	307
54	452
55	207
56	229
57	167
58	469
59	360
60	436
61	48
62	390
63	145
64	170
65	316
66	145
67	314
68	84
69	142
70	199
71	136
72	429
73	113
74	140
75	189
76	392
77	323
78	7
79	204
80	18
81	402
82	390
83	44
84	484
85	354
86	136
87	445
88	102
89	290
90	198
91	28
92	320
93	244
94	302
95	181
96	313
97	436
98	432
99	463
100	413
101	181
102	191
103	377
104	96
105	183
106	187
107	279
108	382
109	220
110	218
111	275
112	307
113	267
114	214
115	105
116	348
117	26
118	92
119	250
120	292
121	276
122	105
123	21
124	453
125	134
126	474
127	326
128	429
129	158
130	62
131	422
132	327
133	159
134	378
135	150
136	201
137	137
138	386
139	439
140	119
141	460
142	392
143	141
144	455
145	157
146	499
147	59
148	42
149	225
150	367
151	466
152	203
153	394
154	292
155	457
156	333
157	417
158	405
159	87
160	199
161	380
162	127
163	86
164	458
165	131
166	150
167	84
168	77
169	38
170	162
171	15
172	303
173	466
174	281
175	11
176	469
177	139
178	478
179	62
180	282
181	72
182	424
183	63
184	290
185	461
186	204
187	344
188	279
189	224
190	222
191	482
192	380
193	335
194	451
195	344
196	117
197	165
198	411
199	255
200	488
201	60
202	492
203	242
204	416
205	333
206	87
207	170
208	254
209	220
210	43
211	163
212	487
213	375
214	252
215	137
216	37
217	335
218	444
219	16
220	9
221	33
222	236
223	490
224	440
225	69
226	119
227	404
228	389
229	492
230	64
231	40
232	264
233	384
234	437
235	301
236	183
237	347
238	207
239	131
240	202
241	108
242	148
243	291
244	222
245	302
246	209
247	67
248	157
249	338
250	194
251	285
252	114
253	100
254	306
255	394
256	439
257	176
258	442
259	89
260	254
261	237
262	152
263	215
264	198
265	326
266	289
267	350
268	266
269	51
270	5
271	325
272	260
273	477
274	185
275	253
276	168
277	208
278	60
279	378
280	262
281	92
282	79
283	37
284	278
285	471
286	275
287	139
288	249
289	373
290	89
291	328
292	463
293	153
294	6
295	303
296	454
297	317
298	406
299	426
300	161
301	18
302	431
303	228
304	497
305	317
306	234
307	305
308	250
309	242
310	269
311	40
312	25
313	404
314	449
315	389
316	408
317	460
318	158
319	251
320	376
321	70
322	81
323	260
324	259
325	478
326	313
327	118
328	419
329	174
330	282
331	23
332	50
333	473
334	300
335	367
336	403
337	66
338	118
339	412
340	79
341	298
342	86
343	180
344	151
345	215
346	294
347	465
348	452
349	196
350	16
351	184
352	85
353	10
354	465
355	46
356	240
357	148
358	101
359	23
360	33
361	246
362	381
363	191
364	29
365	296
366	42
367	385
368	248
369	337
370	143
371	487
372	187
373	108
374	51
375	473
376	184
377	285
378	497
379	328
380	500
381	102
382	209
383	286
384	245
385	6
386	268
387	163
388	155
389	422
390	15
391	115
392	486
393	312
394	495
395	400
396	249
397	68
398	296
399	331
400	211
401	396
402	431
403	266
404	288
405	39
406	206
407	54
408	103
409	138
410	410
411	217
412	52
413	22
414	327
415	169
416	129
417	125
418	295
419	271
420	229
421	202
422	53
423	351
424	259
425	426
426	339
427	34
428	451
429	13
430	46
431	8
432	298
433	401
434	24
435	471
436	396
437	352
438	309
439	67
440	438
441	402
442	345
443	489
444	375
445	127
446	179
447	93
448	295
449	470
450	83
451	325
452	419
453	354
454	238
455	387
456	234
457	427
458	315
459	167
460	168
461	200
462	178
463	286
464	248
465	66
466	397
467	338
468	293
469	261
470	154
471	151
472	68
473	424
474	31
475	38
476	13
477	312
478	384
479	494
480	407
481	189
482	412
483	425
484	467
485	310
486	414
487	169
488	470
489	263
490	395
491	99
492	80
493	347
494	388
495	388
496	495
497	297
498	232
499	93
500	217
501	176
502	171
503	479
504	213
505	311
506	247
507	160
508	481
509	224
510	358
511	103
512	500
513	49
514	7
515	121
516	205
517	360
518	309
519	330
520	454
521	273
522	345
523	363
524	241
525	200
526	162
527	228
528	251
529	416
530	450
531	1
532	483
533	480
534	122
535	83
536	301
537	208
538	109
539	334
540	446
541	74
542	95
543	408
544	203
545	106
546	29
547	467
548	288
549	205
550	445
551	195
552	36
553	397
554	27
555	315
556	88
557	351
558	240
559	233
560	216
561	116
562	218
563	385
564	319
565	461
566	47
567	468
568	320
569	427
570	61
571	472
572	331
573	238
574	462
575	80
576	141
577	195
578	421
579	278
580	409
581	5
582	115
583	65
584	362
585	406
586	91
587	210
588	188
589	446
590	50
591	456
592	443
593	273
594	147
595	376
596	129
597	472
598	100
599	125
600	91
601	70
602	371
603	77
604	477
605	76
606	366
607	22
608	122
609	212
610	88
611	106
612	43
613	126
614	498
615	4
616	20
617	480
618	245
619	262
620	287
621	99
622	293
623	415
624	252
625	372
626	130
627	64
628	112
629	386
630	353
631	73
632	81
633	271
634	216
635	491
636	464
637	342
638	121
639	211
640	423
641	346
642	175
643	332
644	365
645	20
646	257
647	379
648	455
649	244
650	36
651	274
652	219
653	161
654	28
655	175
656	373
657	59
658	481
659	280
660	366
661	172
662	47
663	476
664	227
665	485
666	246
667	135
668	256
669	321
670	149
671	155
672	356
673	35
674	284
675	49
676	314
677	491
678	316
679	349
680	212
681	372
682	97
683	341
684	499
685	393
686	324
687	133
688	142
689	132
690	377
691	39
692	355
693	52
694	399
695	418
696	112
697	425
698	71
699	193
700	474
701	343
702	239
703	73
704	289
705	337
706	172
707	438
708	147
709	332
710	144
711	272
712	171
713	25
714	299
715	104
716	405
717	193
718	264
719	329
720	297
721	291
722	130
723	268
724	342
725	395
726	441
727	486
728	61
729	369
730	324
731	363
732	107
733	58
734	257
735	381
736	58
737	24
738	430
739	410
740	206
741	340
742	146
743	361
744	374
745	258
746	1
747	123
748	32
749	9
750	448
751	498
752	243
753	197
754	428
755	210
756	270
757	186
758	464
759	124
760	94
761	334
762	401
763	177
764	435
765	281
766	343
767	239
768	400
769	230
770	185
771	124
772	223
773	267
774	493
775	197
776	319
777	95
778	230
779	484
780	457
781	362
782	468
783	45
784	98
785	428
786	330
787	287
788	104
789	26
790	165
791	272
792	482
793	489
794	256
795	399
796	450
797	247
798	433
799	110
800	476
801	180
802	135
803	243
804	308
805	398
806	101
807	166
808	322
809	417
810	14
811	415
812	414
813	90
814	41
815	75
816	423
817	54
818	357
819	359
820	441
821	340
822	78
823	75
824	430
825	447
826	403
827	82
828	407
829	17
830	166
831	235
832	178
833	284
834	339
835	182
836	443
837	368
838	357
839	420
840	133
841	134
842	128
843	359
844	398
845	76
846	164
847	226
848	322
849	232
850	160
851	421
852	190
853	143
854	253
855	110
856	353
857	63
858	138
859	349
860	32
861	146
862	459
863	154
864	329
865	364
866	48
867	294
868	435
869	356
870	306
871	261
872	186
873	78
874	94
875	177
876	82
877	449
878	494
879	120
880	413
881	69
882	8
883	30
884	55
885	496
886	383
887	483
888	221
889	196
890	440
891	27
892	14
893	318
894	65
895	323
896	226
897	113
898	90
899	219
900	190
901	434
902	350
903	227
904	57
905	336
906	45
907	120
908	274
909	235
910	3
911	420
912	479
913	336
914	53
915	173
916	74
917	71
918	117
919	383
920	201
921	263
922	280
923	391
924	126
925	459
926	111
927	35
928	57
929	97
930	221
931	269
932	156
933	368
934	409
935	98
936	223
937	44
938	56
939	153
940	41
941	214
942	496
943	17
944	3
945	111
946	241
947	231
948	475
949	12
950	192
951	304
952	132
953	56
954	456
955	369
956	283
957	188
958	12
959	447
960	311
961	85
962	2
963	182
964	321
965	364
966	30
967	308
968	283
969	114
970	265
971	346
972	352
973	107
974	355
975	116
976	31
977	391
978	2
979	19
980	55
981	109
982	374
983	128
984	164
985	72
986	231
987	173
988	393
989	265
990	192
991	493
992	379
993	365
994	485
995	299
996	488
997	304
998	213
999	475
1000	341
