Class Times	20
Rooms	200
1	194
2	531
3	677
4	905
5	514
6	582
7	570
8	410
9	393
10	667
11	293
12	36
13	98
14	450
15	240
16	596
17	432
18	28
19	390
20	499
21	289
22	304
23	918
24	416
25	128
26	698
27	94
28	244
29	665
30	777
31	522
32	72
33	71
34	342
35	675
36	290
37	186
38	671
39	377
40	615
41	492
42	145
43	864
44	747
45	959
46	407
47	622
48	170
49	732
50	476
51	294
52	462
53	791
54	816
55	179
56	286
57	384
58	92
59	957
60	246
61	479
62	959
63	764
64	682
65	223
66	565
67	165
68	427
69	430
70	919
71	388
72	115
73	501
74	802
75	501
76	545
77	817
78	657
79	455
80	168
81	909
82	482
83	844
84	872
85	541
86	720
87	202
88	789
89	846
90	142
91	453
92	784
93	38
94	269
95	107
96	82
97	219
98	318
99	895
100	734
101	778
102	158
103	689
104	959
105	112
106	367
107	395
108	89
109	881
110	123
111	618
112	515
113	88
114	912
115	553
116	811
117	671
118	894
119	804
120	418
121	689
122	766
123	69
124	671
125	734
126	924
127	292
128	436
129	121
130	881
131	488
132	211
133	152
134	754
135	585
136	683
137	547
138	477
139	70
140	674
141	854
142	541
143	651
144	693
145	884
146	704
147	586
148	800
149	421
150	131
151	879
152	395
153	985
154	349
155	247
156	964
157	304
158	986
159	219
160	380
161	420
162	891
163	929
164	421
165	940
166	20
167	136
168	14
169	123
170	931
171	646
172	807
173	693
174	407
175	204
176	181
177	994
178	356
179	465
180	421
181	447
182	322
183	905
184	847
185	634
186	824
187	80
188	198
189	567
190	666
191	669
192	824
193	748
194	328
195	33
196	846
197	272
198	377
199	301
200	509
Classes	8000
Teachers	4000
1	341
2	3494
3	2403
4	443
5	306
6	3496
7	2857
8	3358
9	2544
10	2391
11	3030
12	1689
13	2015
14	3749
15	1464
16	146
17	3478
18	523
19	2576
20	660
21	1033
22	25
23	2356
24	323
25	3348
26	3675
27	119
28	3785
29	2734
30	596
31	934
32	2266
33	1998
34	1930
35	1495
36	845
37	458
38	1284
39	3608
40	3448
41	2517
42	2780
43	1508
44	3715
45	3838
46	472
47	2047
48	703
49	3960
50	1246
51	2415
52	12
53	915
54	1601
55	1280
56	2590
57	1050
58	1901
59	626
60	2115
61	321
62	698
63	629
64	830
65	1492
66	2775
67	1810
68	3994
69	2854
70	3607
71	1523
72	2260
73	1814
74	3288
75	3465
76	395
77	2410
78	3862
79	3917
80	1464
81	2630
82	3699
83	1484
84	3141
85	2487
86	1485
87	1310
88	987
89	1798
90	1988
91	1369
92	3648
93	386
94	3542
95	1342
96	958
97	3150
98	1636
99	1491
100	3257
101	763
102	2880
103	430
104	3012
105	3310
106	504
107	1147
108	3543
109	1306
110	2242
111	3134
112	500
113	1563
114	789
115	2156
116	1519
117	2096
118	838
119	3720
120	2328
121	1832
122	2980
123	3351
124	1473
125	2605
126	1433
127	2815
128	1135
129	1510
130	2839
131	560
132	167
133	2306
134	173
135	102
136	64
137	1248
138	3569
139	539
140	1219
141	498
142	591
143	681
144	37
145	2735
146	1702
147	3792
148	3709
149	2241
150	3646
151	2017
152	1258
153	114
154	629
155	353
156	1398
157	171
158	3122
159	2330
160	524
161	2849
162	2312
163	2310
164	2429
165	508
166	361
167	1822
168	2013
169	1721
170	1368
171	3245
172	2963
173	3678
174	64
175	3324
176	3353
177	1090
178	550
179	3734
180	1942
181	3788
182	3745
183	2734
184	3050
185	1603
186	2599
187	1669
188	8
189	531
190	3460
191	58
192	3800
193	283
194	2479
195	402
196	3574
197	2179
198	3533
199	2898
200	2696
201	3237
202	2238
203	578
204	3166
205	2907
206	2285
207	3925
208	47
209	186
210	2014
211	1009
212	1336
213	2014
214	1116
215	162
216	3292
217	1606
218	1179
219	47
220	1846
221	449
222	2826
223	840
224	3379
225	458
226	1166
227	1671
228	2243
229	1624
230	2671
231	2126
232	2067
233	3353
234	200
235	1849
236	581
237	2594
238	403
239	3213
240	1721
241	414
242	728
243	1757
244	479
245	1444
246	3053
247	2469
248	1206
249	1524
250	2825
251	1756
252	1398
253	2314
254	2441
255	1027
256	3805
257	528
258	2625
259	3117
260	1179
261	1589
262	2215
263	2980
264	1400
265	1695
266	2856
267	3977
268	799
269	2911
270	3004
271	2029
272	1799
273	1395
274	1194
275	2316
276	729
277	944
278	3260
279	1436
280	3774
281	3395
282	281
283	2348
284	3281
285	682
286	242
287	2871
288	384
289	1990
290	1659
291	1492
292	574
293	3144
294	3160
295	1849
296	3276
297	2844
298	585
299	1928
300	1875
301	237
302	878
303	3137
304	3383
305	2620
306	1711
307	2511
308	1822
309	2453
310	343
311	3774
312	2548
313	2432
314	1178
315	615
316	2479
317	3082
318	2392
319	1793
320	3298
321	1201
322	959
323	1485
324	1130
325	1711
326	566
327	3207
328	2322
329	3217
330	107
331	2752
332	2420
333	91
334	300
335	2559
336	1174
337	3487
338	1097
339	2011
340	3688
341	785
342	118
343	3051
344	1303
345	930
346	1514
347	1686
348	230
349	3536
350	1417
351	1219
352	1691
353	1010
354	120
355	1888
356	2775
357	1917
358	2931
359	155
360	2273
361	2126
362	3679
363	2582
364	578
365	1591
366	2207
367	2396
368	2689
369	1858
370	898
371	1075
372	312
373	3354
374	1166
375	952
376	2087
377	2135
378	474
379	3329
380	3191
381	268
382	2296
383	3322
384	447
385	3463
386	3662
387	3898
388	1652
389	1875
390	2697
391	291
392	3426
393	51
394	3582
395	2651
396	2138
397	42
398	2951
399	59
400	1405
401	3308
402	3615
403	748
404	59
405	3290
406	2327
407	2045
408	2058
409	1594
410	1945
411	3164
412	2338
413	2840
414	459
415	714
416	1733
417	3053
418	1065
419	2023
420	1336
421	1334
422	3970
423	73
424	2832
425	3973
426	302
427	1047
428	3073
429	236
430	2750
431	3727
432	368
433	1788
434	900
435	3962
436	444
437	3931
438	1101
439	1318
440	800
441	1112
442	3827
443	3079
444	189
445	2932
446	1391
447	2888
448	1293
449	3425
450	2431
451	1317
452	1456
453	3689
454	2366
455	1038
456	3761
457	3909
458	176
459	1558
460	88
461	2152
462	2942
463	2712
464	2396
465	1899
466	1498
467	110
468	532
469	3099
470	13
471	3396
472	1537
473	3392
474	56
475	429
476	1661
477	2376
478	2668
479	2795
480	2008
481	2580
482	921
483	2369
484	2867
485	1536
486	1592
487	3675
488	3948
489	157
490	1959
491	409
492	3475
493	2096
494	1460
495	35
496	1808
497	267
498	1979
499	2403
500	856
501	3746
502	2265
503	174
504	413
505	2683
506	2742
507	530
508	3338
509	1035
510	1571
511	2195
512	3256
513	877
514	2115
515	367
516	2380
517	2296
518	2474
519	954
520	1925
521	1493
522	3944
523	740
524	1063
525	3387
526	3266
527	3139
528	57
529	3969
530	3432
531	1366
532	3261
533	2664
534	1363
535	628
536	291
537	356
538	3784
539	2827
540	3786
541	1458
542	2267
543	2807
544	478
545	2921
546	305
547	331
548	415
549	172
550	272
551	1742
552	651
553	379
554	3977
555	1243
556	171
557	2282
558	1091
559	1961
560	1545
561	3441
562	3951
563	923
564	1158
565	3967
566	2807
567	1895
568	3418
569	511
570	1364
571	1117
572	3727
573	2625
574	2383
575	3379
576	3890
577	3842
578	2740
579	3359
580	298
581	429
582	2500
583	1887
584	2367
585	3898
586	685
587	1563
588	1951
589	2093
590	1942
591	1261
592	3019
593	1129
594	1503
595	14
596	596
597	3389
598	224
599	2507
600	2107
601	1931
602	2508
603	2961
604	2826
605	1333
606	2207
607	1294
608	3508
609	1669
610	3712
611	3545
612	2559
613	1816
614	1116
615	2168
616	855
617	2811
618	1343
619	2000
620	2738
621	2882
622	208
623	1465
624	1443
625	970
626	507
627	1836
628	3671
629	3966
630	273
631	1536
632	1912
633	61
634	1318
635	150
636	2948
637	1096
638	211
639	132
640	2671
641	1792
642	954
643	274
644	3481
645	3390
646	3133
647	2641
648	3139
649	2350
650	1349
651	3618
652	1798
653	3164
654	2738
655	3389
656	1086
657	424
658	2601
659	2901
660	564
661	2504
662	168
663	3309
664	2732
665	3587
666	3695
667	852
668	1182
669	3413
670	2101
671	3021
672	3699
673	2587
674	754
675	1043
676	373
677	2429
678	546
679	739
680	537
681	1244
682	797
683	680
684	2786
685	2105
686	1599
687	1403
688	2264
689	3409
690	3851
691	2976
692	1992
693	798
694	2393
695	3048
696	3180
697	3849
698	282
699	3159
700	2605
701	933
702	503
703	655
704	235
705	2929
706	3317
707	3226
708	814
709	240
710	2292
711	616
712	2283
713	1615
714	1019
715	211
716	1283
717	415
718	3983
719	2384
720	804
721	1588
722	3303
723	3065
724	1148
725	3236
726	3674
727	2063
728	20
729	3152
730	2141
731	129
732	750
733	1389
734	117
735	1349
736	2790
737	1148
738	695
739	2790
740	1785
741	2055
742	724
743	680
744	1287
745	2210
746	3887
747	3021
748	2711
749	1818
750	1115
751	1366
752	159
753	1499
754	2784
755	3360
756	2527
757	1477
758	3458
759	2143
760	751
761	3415
762	192
763	3283
764	1473
765	1105
766	2900
767	1915
768	817
769	3969
770	698
771	995
772	2602
773	1341
774	2038
775	951
776	3887
777	170
778	645
779	1109
780	2195
781	3896
782	2154
783	3501
784	3982
785	3136
786	3654
787	210
788	1915
789	1147
790	3332
791	1133
792	2416
793	2547
794	213
795	2091
796	3248
797	3493
798	3026
799	1370
800	2761
801	3885
802	310
803	117
804	2602
805	2953
806	648
807	827
808	2955
809	2898
810	1516
811	773
812	3340
813	1095
814	2380
815	2555
816	785
817	599
818	3690
819	1987
820	1452
821	3806
822	1043
823	2682
824	2823
825	662
826	2632
827	2709
828	3210
829	3970
830	2864
831	3541
832	3846
833	2124
834	1529
835	2542
836	1339
837	3966
838	3035
839	1103
840	2078
841	3999
842	1698
843	2200
844	1552
845	3419
846	223
847	829
848	892
849	2693
850	934
851	1139
852	1742
853	1720
854	2490
855	1944
856	190
857	29
858	2660
859	3916
860	1704
861	3583
862	1596
863	3637
864	258
865	1267
866	3653
867	1902
868	1275
869	3247
870	3858
871	3669
872	654
873	2997
874	1466
875	3693
876	3127
877	1537
878	2137
879	2678
880	2852
881	1220
882	768
883	2274
884	563
885	747
886	2260
887	563
888	21
889	3913
890	1090
891	3756
892	3120
893	561
894	2637
895	3480
896	376
897	3265
898	3380
899	2910
900	2779
901	3927
902	1859
903	2691
904	714
905	520
906	3696
907	486
908	3445
909	3957
910	2199
911	1338
912	715
913	3197
914	2813
915	2409
916	491
917	1647
918	713
919	1520
920	2745
921	2523
922	3433
923	3754
924	3060
925	3646
926	118
927	3986
928	3426
929	2091
930	555
931	2081
932	2137
933	919
934	1754
935	564
936	2435
937	939
938	2007
939	3522
940	442
941	2849
942	733
943	2285
944	1784
945	2503
946	1205
947	962
948	3750
949	1201
950	742
951	207
952	1250
953	1337
954	2948
955	718
956	3547
957	317
958	3013
959	1020
960	694
961	3992
962	3354
963	318
964	1730
965	2016
966	599
967	3828
968	1672
969	3023
970	3287
971	3602
972	3910
973	1376
974	3827
975	3044
976	831
977	86
978	1292
979	3491
980	2171
981	3077
982	3133
983	198
984	1523
985	3002
986	3580
987	69
988	276
989	3193
990	2648
991	1104
992	913
993	1809
994	309
995	1824
996	1841
997	1710
998	1573
999	519
1000	1302
1001	979
1002	2204
1003	1104
1004	397
1005	1430
1006	3091
1007	2526
1008	1882
1009	3118
1010	3912
1011	3784
1012	3773
1013	1009
1014	3738
1015	2984
1016	1556
1017	456
1018	488
1019	835
1020	1773
1021	1879
1022	2083
1023	1525
1024	399
1025	1642
1026	1943
1027	2884
1028	3845
1029	3635
1030	3406
1031	2263
1032	2387
1033	693
1034	3801
1035	1005
1036	1438
1037	3233
1038	2836
1039	214
1040	3864
1041	615
1042	839
1043	2524
1044	1984
1045	1715
1046	3305
1047	1605
1048	3386
1049	2120
1050	3858
1051	3546
1052	2882
1053	259
1054	3010
1055	3109
1056	730
1057	2439
1058	434
1059	659
1060	1713
1061	1561
1062	2649
1063	1417
1064	3301
1065	2242
1066	1907
1067	2381
1068	589
1069	3900
1070	2626
1071	977
1072	3247
1073	107
1074	3429
1075	2236
1076	1527
1077	2114
1078	3189
1079	3297
1080	2370
1081	1014
1082	3742
1083	2409
1084	671
1085	684
1086	10
1087	3808
1088	273
1089	1503
1090	2245
1091	3813
1092	2334
1093	3452
1094	894
1095	1138
1096	3495
1097	381
1098	283
1099	3951
1100	959
1101	2024
1102	537
1103	93
1104	3172
1105	2514
1106	3138
1107	3495
1108	192
1109	3475
1110	2886
1111	1363
1112	918
1113	2169
1114	2480
1115	1268
1116	2555
1117	519
1118	128
1119	1203
1120	2981
1121	898
1122	1613
1123	1595
1124	866
1125	2364
1126	2176
1127	3095
1128	3360
1129	3019
1130	1373
1131	3527
1132	1499
1133	14
1134	2000
1135	743
1136	1333
1137	70
1138	152
1139	653
1140	2051
1141	743
1142	3802
1143	2144
1144	2147
1145	92
1146	2047
1147	1976
1148	3189
1149	810
1150	3297
1151	1543
1152	677
1153	1454
1154	3962
1155	1260
1156	1186
1157	1095
1158	1133
1159	1128
1160	3251
1161	1658
1162	3147
1163	91
1164	1771
1165	3613
1166	1751
1167	1048
1168	3124
1169	297
1170	1584
1171	3018
1172	699
1173	2593
1174	342
1175	969
1176	1630
1177	73
1178	3925
1179	408
1180	1385
1181	2405
1182	2922
1183	2075
1184	1001
1185	2673
1186	3082
1187	828
1188	2334
1189	1222
1190	3544
1191	1607
1192	3629
1193	1568
1194	1184
1195	2317
1196	1950
1197	2071
1198	3656
1199	3406
1200	982
1201	1245
1202	1928
1203	1810
1204	2016
1205	2266
1206	3042
1207	991
1208	3669
1209	351
1210	3459
1211	2970
1212	205
1213	763
1214	95
1215	3892
1216	1020
1217	376
1218	1547
1219	2892
1220	3654
1221	3645
1222	1098
1223	1274
1224	2038
1225	3673
1226	1097
1227	1564
1228	1927
1229	700
1230	1831
1231	1345
1232	1011
1233	1940
1234	456
1235	623
1236	3004
1237	1972
1238	2572
1239	1157
1240	3289
1241	342
1242	2229
1243	443
1244	426
1245	3625
1246	3460
1247	2398
1248	663
1249	2845
1250	327
1251	2689
1252	3141
1253	1761
1254	1446
1255	2588
1256	3044
1257	3806
1258	3084
1259	2990
1260	538
1261	419
1262	392
1263	3595
1264	387
1265	3983
1266	454
1267	285
1268	255
1269	248
1270	3339
1271	791
1272	3834
1273	3514
1274	3893
1275	330
1276	1643
1277	310
1278	3169
1279	3893
1280	403
1281	737
1282	3996
1283	2458
1284	1229
1285	251
1286	3890
1287	1319
1288	1489
1289	311
1290	3332
1291	902
1292	2342
1293	2902
1294	2765
1295	1870
1296	638
1297	390
1298	2759
1299	2171
1300	2341
1301	2070
1302	1348
1303	3386
1304	3322
1305	2797
1306	1453
1307	637
1308	1392
1309	2552
1310	1317
1311	2353
1312	2656
1313	2646
1314	862
1315	54
1316	3009
1317	3618
1318	492
1319	3936
1320	3288
1321	344
1322	3831
1323	770
1324	1963
1325	1852
1326	1273
1327	1160
1328	3294
1329	8
1330	1568
1331	1821
1332	2877
1333	3568
1334	3413
1335	3092
1336	952
1337	2442
1338	2328
1339	1361
1340	3063
1341	1326
1342	1145
1343	3317
1344	1385
1345	3643
1346	316
1347	2451
1348	2805
1349	464
1350	55
1351	1037
1352	2248
1353	2015
1354	2237
1355	3079
1356	2005
1357	956
1358	2958
1359	3680
1360	2208
1361	846
1362	1335
1363	1542
1364	608
1365	3147
1366	3308
1367	3594
1368	916
1369	175
1370	2781
1371	3917
1372	3363
1373	1374
1374	815
1375	1756
1376	1448
1377	140
1378	2059
1379	2498
1380	1855
1381	3796
1382	67
1383	3104
1384	2962
1385	3061
1386	1273
1387	3236
1388	2477
1389	3006
1390	3679
1391	3895
1392	1825
1393	1190
1394	245
1395	1334
1396	1641
1397	391
1398	384
1399	2281
1400	2702
1401	3961
1402	2780
1403	3442
1404	3536
1405	2783
1406	2831
1407	2942
1408	1220
1409	489
1410	434
1411	284
1412	1360
1413	3554
1414	1168
1415	177
1416	13
1417	1013
1418	695
1419	1791
1420	790
1421	1966
1422	2806
1423	1991
1424	2714
1425	3398
1426	2248
1427	1003
1428	2709
1429	2231
1430	2402
1431	2995
1432	752
1433	3175
1434	258
1435	2184
1436	1163
1437	3513
1438	2554
1439	3432
1440	656
1441	770
1442	742
1443	2795
1444	1224
1445	1941
1446	1993
1447	2889
1448	1847
1449	317
1450	2569
1451	857
1452	908
1453	2816
1454	702
1455	364
1456	54
1457	2080
1458	2796
1459	2899
1460	3387
1461	2630
1462	2994
1463	2840
1464	1017
1465	217
1466	826
1467	924
1468	2032
1469	661
1470	3148
1471	2134
1472	3153
1473	3349
1474	2467
1475	2197
1476	2746
1477	459
1478	426
1479	2621
1480	1038
1481	2961
1482	2788
1483	844
1484	1423
1485	2214
1486	2929
1487	2272
1488	2442
1489	2866
1490	1241
1491	3985
1492	3273
1493	2658
1494	1567
1495	19
1496	3142
1497	301
1498	1036
1499	2318
1500	2175
1501	3248
1502	1259
1503	2309
1504	1776
1505	2065
1506	884
1507	3568
1508	2065
1509	2326
1510	2045
1511	1680
1512	121
1513	447
1514	3715
1515	2907
1516	463
1517	850
1518	3938
1519	3894
1520	332
1521	3026
1522	636
1523	2740
1524	760
1525	1931
1526	3987
1527	3345
1528	661
1529	1002
1530	3997
1531	3223
1532	3650
1533	189
1534	71
1535	1081
1536	1766
1537	1623
1538	3159
1539	1673
1540	2904
1541	929
1542	3608
1543	1904
1544	2092
1545	3320
1546	33
1547	2672
1548	3022
1549	2862
1550	1768
1551	3963
1552	2382
1553	251
1554	1532
1555	3877
1556	870
1557	918
1558	549
1559	3919
1560	57
1561	1823
1562	2355
1563	2013
1564	1552
1565	3830
1566	998
1567	3323
1568	1412
1569	729
1570	1717
1571	979
1572	1607
1573	3085
1574	3446
1575	965
1576	468
1577	371
1578	3688
1579	3076
1580	2692
1581	2372
1582	2460
1583	3832
1584	2538
1585	3186
1586	250
1587	557
1588	2760
1589	2582
1590	842
1591	2922
1592	3009
1593	1227
1594	2058
1595	3593
1596	226
1597	58
1598	1957
1599	996
1600	927
1601	3611
1602	2953
1603	875
1604	25
1605	2184
1606	1836
1607	3422
1608	423
1609	3779
1610	3658
1611	2335
1612	1480
1613	554
1614	736
1615	1980
1616	989
1617	769
1618	3350
1619	1806
1620	2051
1621	1887
1622	3348
1623	2017
1624	990
1625	1027
1626	481
1627	3278
1628	2160
1629	685
1630	3704
1631	1699
1632	2947
1633	2213
1634	1402
1635	2776
1636	986
1637	592
1638	1771
1639	2112
1640	3350
1641	3278
1642	2125
1643	1679
1644	3604
1645	2439
1646	1892
1647	3790
1648	3456
1649	3269
1650	3588
1651	1696
1652	2143
1653	667
1654	3610
1655	1851
1656	1580
1657	2514
1658	2798
1659	2512
1660	906
1661	275
1662	259
1663	584
1664	2340
1665	3769
1666	3987
1667	1802
1668	3320
1669	3650
1670	3054
1671	1308
1672	3142
1673	908
1674	3639
1675	3548
1676	1687
1677	724
1678	3104
1679	1434
1680	2099
1681	3523
1682	1935
1683	1206
1684	333
1685	322
1686	3359
1687	1820
1688	2443
1689	2727
1690	2478
1691	3764
1692	2432
1693	1083
1694	1359
1695	1719
1696	1087
1697	1440
1698	1408
1699	166
1700	2050
1701	854
1702	1338
1703	3985
1704	1985
1705	1121
1706	1365
1707	2223
1708	3672
1709	1026
1710	769
1711	1687
1712	3567
1713	1753
1714	3404
1715	3457
1716	1142
1717	3059
1718	3298
1719	1858
1720	1077
1721	909
1722	99
1723	1340
1724	3655
1725	1139
1726	175
1727	3330
1728	136
1729	915
1730	3301
1731	2263
1732	1434
1733	1739
1734	968
1735	3712
1736	420
1737	3210
1738	3035
1739	1729
1740	3249
1741	611
1742	637
1743	2828
1744	3889
1745	598
1746	3429
1747	298
1748	1925
1749	1376
1750	1635
1751	2041
1752	1879
1753	726
1754	2963
1755	2406
1756	940
1757	3532
1758	2289
1759	844
1760	3653
1761	1550
1762	43
1763	3783
1764	3030
1765	1016
1766	3633
1767	3710
1768	2675
1769	3719
1770	2359
1771	2585
1772	3593
1773	514
1774	2791
1775	2721
1776	2149
1777	97
1778	2829
1779	3355
1780	1029
1781	1734
1782	3242
1783	3999
1784	2303
1785	2947
1786	474
1787	3299
1788	480
1789	163
1790	170
1791	502
1792	3357
1793	2215
1794	2073
1795	3997
1796	3503
1797	237
1798	781
1799	733
1800	221
1801	3967
1802	1720
1803	3496
1804	3698
1805	3773
1806	3655
1807	1409
1808	3131
1809	353
1810	2632
1811	3552
1812	1345
1813	3613
1814	1644
1815	1872
1816	3492
1817	2611
1818	1126
1819	602
1820	1282
1821	1058
1822	1042
1823	1806
1824	2549
1825	3166
1826	413
1827	645
1828	2868
1829	1352
1830	1161
1831	727
1832	1897
1833	1919
1834	1046
1835	3073
1836	1938
1837	3933
1838	2426
1839	3705
1840	607
1841	2528
1842	2309
1843	783
1844	1796
1845	3373
1846	3919
1847	2835
1848	990
1849	2498
1850	600
1851	1560
1852	1949
1853	1367
1854	3313
1855	928
1856	2132
1857	1861
1858	790
1859	2695
1860	2259
1861	3439
1862	3796
1863	510
1864	822
1865	2124
1866	928
1867	1092
1868	1651
1869	1459
1870	2716
1871	244
1872	3125
1873	553
1874	349
1875	2031
1876	1953
1877	958
1878	424
1879	1832
1880	2261
1881	370
1882	2587
1883	1637
1884	2786
1885	3738
1886	2584
1887	2320
1888	1892
1889	1337
1890	3586
1891	1030
1892	2620
1893	2127
1894	3866
1895	2793
1896	1180
1897	2294
1898	3994
1899	2313
1900	97
1901	967
1902	1013
1903	2081
1904	2397
1905	288
1906	3123
1907	1460
1908	3512
1909	1656
1910	1405
1911	2730
1912	3798
1913	2405
1914	2986
1915	3839
1916	988
1917	2809
1918	633
1919	1300
1920	798
1921	159
1922	2305
1923	1941
1924	907
1925	1350
1926	1910
1927	2716
1928	336
1929	1354
1930	3826
1931	3174
1932	3588
1933	2208
1934	1953
1935	998
1936	2434
1937	3395
1938	2206
1939	3227
1940	2345
1941	1976
1942	2320
1943	3135
1944	143
1945	803
1946	1091
1947	1599
1948	65
1949	893
1950	2728
1951	3714
1952	2723
1953	1168
1954	1808
1955	2330
1956	3503
1957	2794
1958	1598
1959	1452
1960	1743
1961	196
1962	1567
1963	1184
1964	1899
1965	31
1966	3384
1967	3129
1968	524
1969	636
1970	3580
1971	678
1972	2500
1973	1258
1974	3973
1975	460
1976	2890
1977	757
1978	3101
1979	3135
1980	3376
1981	1049
1982	1272
1983	1388
1984	2945
1985	1110
1986	1657
1987	2814
1988	3596
1989	3867
1990	2269
1991	265
1992	543
1993	2768
1994	3222
1995	2945
1996	648
1997	3639
1998	981
1999	2860
2000	2077
2001	2558
2002	3275
2003	2314
2004	2693
2005	3505
2006	2097
2007	2912
2008	931
2009	3683
2010	11
2011	360
2012	3264
2013	473
2014	1369
2015	1918
2016	1194
2017	957
2018	3671
2019	627
2020	3219
2021	3610
2022	3516
2023	2236
2024	2353
2025	27
2026	735
2027	1046
2028	1999
2029	1966
2030	1739
2031	3489
2032	3352
2033	3788
2034	1007
2035	2860
2036	2770
2037	2531
2038	850
2039	2534
2040	676
2041	2092
2042	149
2043	1400
2044	1881
2045	1613
2046	1196
2047	2264
2048	587
2049	2279
2050	1225
2051	391
2052	2129
2053	3130
2054	4
2055	2526
2056	1450
2057	1643
2058	3315
2059	2291
2060	1744
2061	2508
2062	3381
2063	2168
2064	35
2065	3129
2066	249
2067	587
2068	2193
2069	3958
2070	2384
2071	133
2072	2680
2073	472
2074	3867
2075	3981
2076	3622
2077	2853
2078	3415
2079	1918
2080	3783
2081	489
2082	802
2083	3810
2084	3747
2085	3484
2086	951
2087	3134
2088	2294
2089	2748
2090	2237
2091	881
2092	3225
2093	2120
2094	3971
2095	2082
2096	1408
2097	2425
2098	2828
2099	3041
2100	2645
2101	292
2102	2167
2103	2886
2104	2677
2105	160
2106	1727
2107	1246
2108	712
2109	3596
2110	3365
2111	155
2112	1328
2113	1237
2114	1057
2115	361
2116	2452
2117	2369
2118	1482
2119	392
2120	2720
2121	3304
2122	607
2123	3752
2124	402
2125	113
2126	2966
2127	2906
2128	2527
2129	2940
2130	1631
2131	3929
2132	3561
2133	982
2134	2712
2135	2928
2136	349
2137	1486
2138	2771
2139	653
2140	1932
2141	3652
2142	590
2143	1459
2144	3803
2145	719
2146	788
2147	2533
2148	545
2149	2198
2150	2583
2151	3025
2152	1787
2153	1153
2154	3791
2155	3729
2156	1004
2157	3033
2158	1316
2159	2875
2160	1902
2161	3520
2162	3170
2163	682
2164	2933
2165	267
2166	1444
2167	441
2168	395
2169	749
2170	3468
2171	1343
2172	104
2173	2715
2174	3830
2175	3681
2176	1124
2177	3398
2178	655
2179	3833
2180	3910
2181	3813
2182	3016
2183	1173
2184	3572
2185	549
2186	427
2187	3313
2188	3464
2189	3990
2190	619
2191	3834
2192	1509
2193	105
2194	3804
2195	156
2196	2151
2197	491
2198	527
2199	3381
2200	2043
2201	988
2202	2220
2203	2847
2204	351
2205	700
2206	827
2207	244
2208	3416
2209	3538
2210	1776
2211	2160
2212	2914
2213	3195
2214	969
2215	1627
2216	1109
2217	581
2218	2715
2219	1419
2220	2456
2221	3250
2222	3816
2223	2244
2224	3920
2225	2317
2226	3729
2227	1828
2228	1985
2229	1730
2230	2859
2231	3333
2232	502
2233	595
2234	3968
2235	3670
2236	2699
2237	369
2238	2543
2239	3111
2240	3097
2241	2640
2242	3728
2243	3861
2244	3645
2245	3922
2246	23
2247	50
2248	2812
2249	3403
2250	2618
2251	3337
2252	2530
2253	1352
2254	440
2255	1655
2256	2483
2257	3260
2258	3246
2259	3507
2260	2643
2261	1532
2262	3333
2263	3466
2264	3579
2265	1237
2266	3517
2267	3732
2268	2180
2269	1673
2270	1150
2271	3924
2272	52
2273	3277
2274	2381
2275	2140
2276	1760
2277	814
2278	1102
2279	557
2280	796
2281	3059
2282	1360
2283	114
2284	1891
2285	2939
2286	2241
2287	3757
2288	2471
2289	2261
2290	1256
2291	2806
2292	3180
2293	2982
2294	3560
2295	1057
2296	907
2297	356
2298	3704
2299	2616
2300	264
2301	1854
2302	1638
2303	512
2304	3566
2305	2252
2306	1841
2307	781
2308	1891
2309	101
2310	1396
2311	3089
2312	1082
2313	2470
2314	2076
2315	1958
2316	2901
2317	490
2318	93
2319	490
2320	3018
2321	2661
2322	3856
2323	1106
2324	2297
2325	3330
2326	3438
2327	1048
2328	913
2329	2761
2330	2678
2331	2366
2332	3882
2333	1244
2334	2692
2335	2686
2336	1562
2337	2077
2338	876
2339	1724
2340	3449
2341	3840
2342	28
2343	2579
2344	3239
2345	2375
2346	193
2347	601
2348	2471
2349	3311
2350	1790
2351	2869
2352	3508
2353	1483
2354	598
2355	766
2356	2204
2357	375
2358	3148
2359	944
2360	3020
2361	2584
2362	518
2363	1289
2364	3958
2365	3188
2366	2187
2367	323
2368	2663
2369	933
2370	825
2371	1067
2372	152
2373	3421
2374	2614
2375	946
2376	3555
2377	2850
2378	1968
2379	1120
2380	2399
2381	2434
2382	3721
2383	3756
2384	461
2385	3287
2386	1092
2387	3014
2388	2724
2389	3553
2390	2154
2391	3097
2392	3268
2393	1365
2394	2365
2395	3634
2396	2027
2397	2872
2398	300
2399	577
2400	3811
2401	1159
2402	963
2403	1651
2404	1402
2405	1202
2406	865
2407	488
2408	3240
2409	218
2410	1375
2411	343
2412	1865
2413	3358
2414	2343
2415	1050
2416	1979
2417	334
2418	1451
2419	1422
2420	2742
2421	1688
2422	3040
2423	3923
2424	1181
2425	471
2426	1539
2427	3081
2428	2783
2429	3612
2430	783
2431	1571
2432	209
2433	232
2434	3866
2435	1105
2436	3167
2437	2227
2438	1871
2439	617
2440	565
2441	3092
2442	3622
2443	1718
2444	3478
2445	1726
2446	514
2447	463
2448	3570
2449	834
2450	2657
2451	1934
2452	2816
2453	3899
2454	1154
2455	1396
2456	1120
2457	1063
2458	3600
2459	3897
2460	227
2461	2287
2462	1677
2463	3396
2464	2426
2465	1021
2466	750
2467	2110
2468	1310
2469	985
2470	2862
2471	1551
2472	2720
2473	3708
2474	2128
2475	2421
2476	3246
2477	1545
2478	3282
2479	3319
2480	1593
2481	3808
2482	3651
2483	1649
2484	2021
2485	688
2486	3877
2487	3233
2488	2521
2489	127
2490	1051
2491	257
2492	1862
2493	966
2494	1042
2495	2741
2496	3535
2497	3043
2498	779
2499	176
2500	3175
2501	1321
2502	2029
2503	701
2504	3952
2505	2968
2506	2641
2507	3328
2508	2911
2509	1224
2510	3169
2511	2653
2512	3873
2513	2867
2514	3754
2515	229
2516	3644
2517	2535
2518	3578
2519	3361
2520	2374
2521	3081
2522	3753
2523	1757
2524	1307
2525	263
2526	1329
2527	1935
2528	3520
2529	3700
2530	1468
2531	3930
2532	2025
2533	721
2534	2367
2535	936
2536	3047
2537	3076
2538	1098
2539	299
2540	1465
2541	1053
2542	3906
2543	2276
2544	1605
2545	669
2546	3758
2547	195
2548	3033
2549	285
2550	2644
2551	2326
2552	1565
2553	1921
2554	803
2555	3878
2556	2561
2557	3014
2558	1787
2559	2800
2560	3377
2561	2681
2562	2572
2563	3263
2564	3285
2565	2706
2566	3681
2567	1424
2568	411
2569	2131
2570	3740
2571	1647
2572	3103
2573	946
2574	620
2575	1702
2576	3831
2577	3279
2578	3926
2579	3276
2580	2118
2581	731
2582	9
2583	3795
2584	3407
2585	3691
2586	1688
2587	3934
2588	2672
2589	3819
2590	2118
2591	2966
2592	778
2593	2378
2594	338
2595	1286
2596	2372
2597	2176
2598	1803
2599	2908
2600	2102
2601	2568
2602	1395
2603	2094
2604	1036
2605	542
2606	2627
2607	2571
2608	2050
2609	1423
2610	911
2611	1967
2612	53
2613	910
2614	3708
2615	3023
2616	1037
2617	762
2618	3943
2619	2875
2620	610
2621	3006
2622	2054
2623	2329
2624	2034
2625	1124
2626	249
2627	3254
2628	2891
2629	2924
2630	3976
2631	3865
2632	3062
2633	2327
2634	204
2635	2647
2636	2635
2637	962
2638	1853
2639	3767
2640	2642
2641	3453
2642	96
2643	715
2644	2364
2645	1581
2646	2955
2647	1204
2648	1106
2649	2112
2650	2391
2651	178
2652	1260
2653	279
2654	1438
2655	748
2656	1055
2657	1047
2658	3024
2659	1378
2660	28
2661	2370
2662	156
2663	1700
2664	819
2665	1039
2666	2270
2667	3889
2668	1386
2669	2710
2670	1491
2671	263
2672	621
2673	1453
2674	871
2675	3607
2676	139
2677	571
2678	1143
2679	1799
2680	3926
2681	2216
2682	2422
2683	88
2684	2193
2685	2361
2686	1325
2687	3853
2688	3338
2689	1340
2690	1325
2691	2547
2692	2098
2693	3868
2694	2152
2695	867
2696	3440
2697	1718
2698	776
2699	3718
2700	1878
2701	1226
2702	202
2703	1170
2704	1518
2705	18
2706	486
2707	3763
2708	3531
2709	2647
2710	1288
2711	1397
2712	1429
2713	3677
2714	639
2715	1115
2716	1876
2717	2698
2718	3749
2719	3764
2720	3300
2721	1691
2722	452
2723	1848
2724	132
2725	333
2726	1909
2727	2161
2728	3346
2729	2465
2730	282
2731	669
2732	3375
2733	2446
2734	867
2735	2349
2736	242
2737	1614
2738	2653
2739	1788
2740	2841
2741	966
2742	2501
2743	270
2744	3309
2745	580
2746	761
2747	3870
2748	1247
2749	3701
2750	3238
2751	3875
2752	2349
2753	2546
2754	1506
2755	2825
2756	3949
2757	2912
2758	94
2759	591
2760	322
2761	3599
2762	1870
2763	866
2764	1853
2765	2211
2766	1696
2767	2639
2768	2519
2769	1357
2770	1894
2771	616
2772	3306
2773	2188
2774	3341
2775	471
2776	213
2777	3718
2778	2162
2779	856
2780	2594
2781	281
2782	3988
2783	1263
2784	431
2785	2339
2786	375
2787	2117
2788	2436
2789	3769
2790	153
2791	3319
2792	371
2793	332
2794	193
2795	534
2796	101
2797	980
2798	2788
2799	1307
2800	1591
2801	256
2802	3402
2803	1592
2804	2503
2805	1146
2806	3591
2807	1785
2808	2319
2809	485
2810	1542
2811	1911
2812	1506
2813	1296
2814	3768
2815	1640
2816	1593
2817	2609
2818	254
2819	1487
2820	277
2821	2876
2822	2990
2823	1621
2824	3375
2825	3456
2826	1725
2827	3093
2828	1169
2829	1044
2830	963
2831	657
2832	2920
2833	2277
2834	2007
2835	1143
2836	2557
2837	1553
2838	1762
2839	3988
2840	2903
2841	960
2842	3767
2843	1339
2844	2585
2845	726
2846	749
2847	1270
2848	1347
2849	2004
2850	1378
2851	439
2852	3367
2853	2392
2854	432
2855	2589
2856	2194
2857	31
2858	3787
2859	1980
2860	3316
2861	1342
2862	864
2863	63
2864	3971
2865	3161
2866	1214
2867	513
2868	1439
2869	2979
2870	297
2871	2560
2872	389
2873	2950
2874	215
2875	163
2876	370
2877	2874
2878	1447
2879	1997
2880	1766
2881	3630
2882	1022
2883	2205
2884	3032
2885	2224
2886	1276
2887	863
2888	3826
2889	2361
2890	1132
2891	3809
2892	719
2893	3620
2894	87
2895	999
2896	955
2897	243
2898	1996
2899	3957
2900	3096
2901	1313
2902	466
2903	1118
2904	3337
2905	2950
2906	1727
2907	299
2908	1315
2909	776
2910	33
2911	3263
2912	2428
2913	3660
2914	2634
2915	973
2916	226
2917	3703
2918	2209
2919	2552
2920	697
2921	2520
2922	734
2923	3814
2924	3633
2925	1512
2926	3506
2927	2383
2928	2655
2929	1271
2930	1135
2931	736
2932	207
2933	1060
2934	3501
2935	2928
2936	1903
2937	1242
2938	1781
2939	1236
2940	2777
2941	3201
2942	2596
2943	985
2944	3597
2945	940
2946	3744
2947	168
2948	2069
2949	3911
2950	2052
2951	1483
2952	2538
2953	1122
2954	1430
2955	140
2956	1029
2957	362
2958	2313
2959	1025
2960	2974
2961	1714
2962	2210
2963	1551
2964	3451
2965	2473
2966	1872
2967	2754
2968	1111
2969	3371
2970	2069
2971	2593
2972	1961
2973	3609
2974	991
2975	3049
2976	1335
2977	3066
2978	1823
2979	230
2980	1690
2981	3703
2982	2417
2983	2198
2984	1847
2985	405
2986	1500
2987	423
2988	1904
2989	932
2990	977
2991	986
2992	2192
2993	1809
2994	926
2995	2573
2996	3264
2997	457
2998	2960
2999	3295
3000	151
3001	66
3002	1229
3003	2374
3004	1850
3005	3627
3006	2419
3007	1907
3008	3981
3009	364
3010	289
3011	3124
3012	735
3013	825
3014	476
3015	2523
3016	3670
3017	1445
3018	1171
3019	2890
3020	227
3021	2651
3022	756
3023	872
3024	3336
3025	1636
3026	2087
3027	3474
3028	296
3029	1445
3030	329
3031	909
3032	2009
3033	1419
3034	2600
3035	3438
3036	3027
3037	315
3038	3045
3039	2707
3040	1763
3041	974
3042	3722
3043	1534
3044	2835
3045	142
3046	279
3047	1560
3048	562
3049	2460
3050	1235
3051	2904
3052	2927
3053	2054
3054	494
3055	3149
3056	624
3057	1838
3058	633
3059	875
3060	3881
3061	2202
3062	3960
3063	484
3064	312
3065	2048
3066	2088
3067	2518
3068	2579
3069	2518
3070	2638
3071	2757
3072	672
3073	405
3074	2754
3075	1071
3076	194
3077	3410
3078	1878
3079	1088
3080	1367
3081	2342
3082	562
3083	3040
3084	1984
3085	3439
3086	2492
3087	1294
3088	2138
3089	2680
3090	2913
3091	1712
3092	3952
3093	1539
3094	2832
3095	3566
3096	2854
3097	2731
3098	2871
3099	1834
3100	3222
3101	359
3102	1150
3103	1535
3104	1723
3105	3659
3106	3031
3107	1850
3108	1032
3109	2224
3110	893
3111	1964
3112	1263
3113	547
3114	1439
3115	464
3116	3195
3117	1169
3118	3548
3119	2521
3120	3369
3121	1893
3122	612
3123	236
3124	2683
3125	1271
3126	3682
3127	254
3128	1852
3129	697
3130	3567
3131	231
3132	151
3133	3768
3134	2238
3135	829
3136	1300
3137	3579
3138	2663
3139	377
3140	1087
3141	34
3142	3527
3143	3434
3144	232
3145	1041
3146	3427
3147	3886
3148	2878
3149	1802
3150	1637
3151	3509
3152	590
3153	2965
3154	1451
3155	1277
3156	3905
3157	2201
3158	3947
3159	1752
3160	794
3161	141
3162	358
3163	876
3164	2352
3165	1937
3166	1188
3167	1375
3168	1877
3169	1466
3170	3302
3171	2246
3172	3547
3173	3862
3174	3560
3175	2823
3176	1347
3177	3735
3178	3938
3179	2398
3180	32
3181	329
3182	3385
3183	1052
3184	709
3185	3455
3186	3428
3187	135
3188	2728
3189	1719
3190	2755
3191	2362
3192	401
3193	1886
3194	1717
3195	2111
3196	1793
3197	2968
3198	1101
3199	3258
3200	2194
3201	1182
3202	2200
3203	2878
3204	161
3205	624
3206	1770
3207	1217
3208	3974
3209	2885
3210	1021
3211	2356
3212	3855
3213	1833
3214	497
3215	1239
3216	2988
3217	36
3218	280
3219	741
3220	2140
3221	987
3222	1322
3223	1639
3224	435
3225	2177
3226	2649
3227	1635
3228	3947
3229	3179
3230	2609
3231	2468
3232	2113
3233	246
3234	3880
3235	243
3236	1129
3237	3844
3238	266
3239	1247
3240	2541
3241	1463
3242	3345
3243	942
3244	1401
3245	229
3246	2216
3247	1529
3248	2846
3249	3410
3250	2976
3251	796
3252	2522
3253	1399
3254	2258
3255	1675
3256	601
3257	2763
3258	1282
3259	862
3260	3176
3261	3865
3262	1188
3263	1777
3264	3281
3265	66
3266	3591
3267	1051
3268	711
3269	1311
3270	21
3271	2876
3272	3241
3273	3474
3274	3775
3275	2110
3276	3011
3277	794
3278	3240
3279	1665
3280	528
3281	3640
3282	1305
3283	546
3284	3691
3285	358
3286	2307
3287	2162
3288	1733
3289	445
3290	1062
3291	3692
3292	3896
3293	2889
3294	261
3295	3103
3296	1628
3297	610
3298	1497
3299	800
3300	2517
3301	3046
3302	3112
3303	1519
3304	2239
3305	505
3306	1749
3307	2299
3308	2206
3309	432
3310	1655
3311	3223
3312	1895
3313	1587
3314	1900
3315	3231
3316	1513
3317	280
3318	914
3319	1231
3320	881
3321	3229
3322	2569
3323	2414
3324	1898
3325	3761
3326	1447
3327	961
3328	996
3329	2650
3330	1825
3331	3825
3332	513
3333	1477
3334	1368
3335	469
3336	2273
3337	1608
3338	1299
3339	1361
3340	2278
3341	2513
3342	2923
3343	3229
3344	210
3345	1513
3346	1163
3347	2062
3348	2598
3349	1624
3350	1321
3351	484
3352	1225
3353	3346
3354	2232
3355	2467
3356	1211
3357	2438
3358	1099
3359	2043
3360	1066
3361	1123
3362	3130
3363	222
3364	1625
3365	3840
3366	3944
3367	3230
3368	3485
3369	1994
3370	1270
3371	740
3372	1843
3373	2998
3374	2973
3375	1486
3376	3701
3377	3038
3378	3028
3379	60
3380	3482
3381	880
3382	3625
3383	1948
3384	3871
3385	842
3386	1595
3387	2744
3388	89
3389	3091
3390	2346
3391	1397
3392	3942
3393	2637
3394	3405
3395	1088
3396	1987
3397	3930
3398	1406
3399	3329
3400	235
3401	3529
3402	2767
3403	3376
3404	872
3405	335
3406	3659
3407	2197
3408	2293
3409	1996
3410	2287
3411	2345
3412	1292
3413	1734
3414	3964
3415	2597
3416	1982
3417	2192
3418	2535
3419	3602
3420	2155
3421	732
3422	2915
3423	1962
3424	3112
3425	2731
3426	542
3427	1846
3428	3157
3429	976
3430	1192
3431	2570
3432	307
3433	3553
3434	717
3435	122
3436	2577
3437	2279
3438	1155
3439	1638
3440	3054
3441	302
3442	816
3443	3144
3444	1634
3445	3020
3446	2629
3447	1001
3448	2656
3449	657
3450	3876
3451	3698
3452	3483
3453	294
3454	2501
3455	3342
3456	2335
3457	1908
3458	1964
3459	2567
3460	1267
3461	2465
3462	3694
3463	1356
3464	1011
3465	3682
3466	3546
3467	2028
3468	1019
3469	3228
3470	3293
3471	612
3472	1288
3473	2116
3474	1039
3475	444
3476	2061
3477	2598
3478	747
3479	2090
3480	1496
3481	1177
3482	3046
3483	1265
3484	3170
3485	2486
3486	1938
3487	720
3488	2881
3489	2634
3490	2402
3491	3872
3492	2034
3493	3357
3494	2020
3495	3486
3496	2495
3497	1
3498	239
3499	3268
3500	2457
3501	3626
3502	658
3503	3047
3504	1779
3505	809
3506	766
3507	3152
3508	1130
3509	767
3510	495
3511	1767
3512	674
3513	445
3514	181
3515	884
3516	1744
3517	3932
3518	2
3519	3972
3520	879
3521	3972
3522	554
3523	650
3524	2927
3525	2205
3526	2267
3527	1666
3528	3603
3529	752
3530	3055
3531	773
3532	3946
3533	1898
3534	3763
3535	3860
3536	703
3537	784
3538	408
3539	460
3540	2196
3541	2917
3542	1701
3543	339
3544	148
3545	383
3546	3125
3547	1882
3548	2654
3549	2674
3550	1002
3551	1690
3552	1420
3553	3435
3554	2378
3555	3444
3556	2433
3557	3153
3558	2428
3559	2318
3560	1127
3561	3873
3562	2531
3563	221
3564	625
3565	1606
3566	3377
3567	3506
3568	540
3569	2667
3570	3499
3571	3974
3572	3188
3573	3720
3574	1672
3575	855
3576	861
3577	1706
3578	2413
3579	270
3580	3174
3581	2773
3582	346
3583	3611
3584	799
3585	1204
3586	3719
3587	3500
3588	100
3589	2057
3590	3221
3591	2545
3592	2338
3593	2430
3594	3066
3595	2127
3596	1134
3597	1017
3598	3515
3599	372
3600	1049
3601	3200
3602	1715
3603	2705
3604	105
3605	551
3606	165
3607	3211
3608	1617
3609	1648
3610	2041
3611	725
3612	2178
3613	3881
3614	206
3615	1062
3616	1897
3617	3428
3618	2893
3619	3192
3620	2895
3621	467
3622	722
3623	2185
3624	2061
3625	1905
3626	2858
3627	3043
3628	1851
3629	98
3630	2322
3631	3224
3632	1170
3633	1708
3634	2297
3635	1694
3636	3859
3637	983
3638	284
3639	3564
3640	1679
3641	1728
3642	2615
3643	387
3644	3750
3645	2149
3646	3420
3647	2691
3648	3524
3649	2717
3650	129
3651	583
3652	2430
3653	2464
3654	2459
3655	441
3656	3668
3657	3425
3658	713
3659	2424
3660	1876
3661	1531
3662	252
3663	3658
3664	3824
3665	3294
3666	2324
3667	696
3668	3005
3669	1903
3670	1922
3671	3145
3672	234
3673	1203
3674	3903
3675	388
3676	92
3677	3861
3678	684
3679	2079
3680	1226
3681	188
3682	1633
3683	383
3684	3031
3685	3206
3686	475
3687	1390
3688	1866
3689	149
3690	1291
3691	2612
3692	1857
3693	3008
3694	2499
3695	2969
3696	3909
3697	1227
3698	2702
3699	903
3700	1973
3701	2111
3702	1149
3703	3408
3704	864
3705	1530
3706	1295
3707	3238
3708	3449
3709	1650
3710	3869
3711	3517
3712	2741
3713	1845
3714	894
3715	481
3716	2382
3717	2180
3718	3088
3719	143
3720	2507
3721	3448
3722	670
3723	2839
3724	2690
3725	2365
3726	6
3727	1255
3728	3321
3729	1779
3730	3109
3731	1256
3732	764
3733	63
3734	2312
3735	3785
3736	569
3737	550
3738	1616
3739	2223
3740	2245
3741	2727
3742	561
3743	1550
3744	732
3745	3064
3746	852
3747	890
3748	582
3749	3723
3750	971
3751	2853
3752	1824
3753	3051
3754	1784
3755	2408
3756	2909
3757	2883
3758	2685
3759	3078
3760	2713
3761	410
3762	2470
3763	1035
3764	1922
3765	477
3766	583
3767	2566
3768	675
3769	473
3770	1790
3771	3435
3772	295
3773	2234
3774	2964
3775	157
3776	3598
3777	3303
3778	111
3779	1896
3780	3470
3781	206
3782	3052
3783	3665
3784	535
3785	1963
3786	2768
3787	2270
3788	1737
3789	1894
3790	1929
3791	250
3792	2621
3793	19
3794	3540
3795	1752
3796	2049
3797	480
3798	2219
3799	2554
3800	24
3801	2252
3802	2571
3803	154
3804	3226
3805	3368
3806	83
3807	3905
3808	3027
3809	3906
3810	1016
3811	3446
3812	737
3813	357
3814	2164
3815	1153
3816	2958
3817	177
3818	1967
3819	689
3820	1549
3821	1634
3822	2586
3823	2787
3824	699
3825	2425
3826	99
3827	1629
3828	2838
3829	492
3830	1534
3831	2163
3832	843
3833	1740
3834	3790
3835	2474
3836	46
3837	389
3838	1392
3839	1712
3840	1586
3841	780
3842	1496
3843	547
3844	1559
3845	1381
3846	3061
3847	2628
3848	745
3849	2861
3850	435
3851	3304
3852	3934
3853	95
3854	465
3855	1609
3856	833
3857	904
3858	2592
3859	634
3860	2869
3861	1835
3862	745
3863	2737
3864	418
3865	1910
3866	3810
3867	2229
3868	589
3869	3234
3870	3521
3871	777
3872	1683
3873	3793
3874	2685
3875	2095
3876	2213
3877	3100
3878	1424
3879	2573
3880	3542
3881	2222
3882	622
3883	3942
3884	3884
3885	2808
3886	222
3887	24
3888	53
3889	1667
3890	638
3891	2700
3892	3161
3893	278
3894	870
3895	3528
3896	1814
3897	2315
3898	3157
3899	3400
3900	836
3901	3624
3902	352
3903	3516
3904	108
3905	3290
3906	3647
3907	3991
3908	3423
3909	450
3910	126
3911	2809
3912	701
3913	2278
3914	1185
3915	2408
3916	1152
3917	3833
3918	2718
3919	41
3920	2516
3921	204
3922	1929
3923	454
3924	1357
3925	1694
3926	2713
3927	2164
3928	133
3929	3722
3930	3509
3931	1827
3932	3419
3933	2564
3934	1958
3935	1884
3936	2596
3937	2753
3938	2956
3939	136
3940	2106
3941	2850
3942	1154
3943	3778
3944	2973
3945	3008
3946	3427
3947	1026
3948	2694
3949	1440
3950	2842
3951	2794
3952	43
3953	2490
3954	3846
3955	1107
3956	3940
3957	2298
3958	565
3959	2979
3960	3598
3961	1769
3962	1119
3963	903
3964	2813
3965	1251
3966	3491
3967	3697
3968	2363
3969	493
3970	406
3971	1546
3972	2880
3973	984
3974	3737
3975	1971
3976	1880
3977	3321
3978	824
3979	3937
3980	3344
3981	1089
3982	1575
3983	289
3984	3724
3985	2859
3986	2321
3987	1489
3988	3138
3989	2848
3990	2606
3991	1704
3992	3451
3993	3343
3994	2717
3995	606
3996	683
3997	508
3998	2870
3999	2343
4000	3127
4001	3326
4002	3626
4003	1516
4004	3746
4005	2925
4006	642
4007	3821
4008	3586
4009	2211
4010	2541
4011	545
4012	1664
4013	3745
4014	2765
4015	3853
4016	1415
4017	2557
4018	3855
4019	311
4020	1698
4021	2256
4022	2293
4023	3757
4024	2181
4025	1896
4026	3956
4027	2525
4028	2244
4029	493
4030	2666
4031	1446
4032	205
4033	2847
4034	3728
4035	892
4036	3581
4037	3149
4038	406
4039	613
4040	2997
4041	3809
4042	96
4043	619
4044	2105
4045	1328
4046	2332
4047	1620
4048	1103
4049	921
4050	2856
4051	1112
4052	246
4053	2415
4054	873
4055	3936
4056	1584
4057	262
4058	905
4059	277
4060	1945
4061	55
4062	1678
4063	1207
4064	3404
4065	3218
4066	3252
4067	1843
4068	1683
4069	1470
4070	1746
4071	1601
4072	1989
4073	3206
4074	2707
4075	3163
4076	1279
4077	307
4078	3563
4079	3636
4080	3563
4081	180
4082	2316
4083	2697
4084	573
4085	2606
4086	1677
4087	3789
4088	3630
4089	1211
4090	1769
4091	2161
4092	3299
4093	3224
4094	2196
4095	2400
4096	3603
4097	80
4098	3751
4099	1374
4100	1509
4101	802
4102	2902
4103	2589
4104	110
4105	2974
4106	3684
4107	2028
4108	1559
4109	2894
4110	2435
4111	417
4112	3937
4113	109
4114	1868
4115	1207
4116	2679
4117	2915
4118	138
4119	3244
4120	3686
4121	627
4122	499
4123	1986
4124	2346
4125	723
4126	3289
4127	1457
4128	2464
4129	3156
4130	1640
4131	4
4132	3123
4133	1927
4134	3802
4135	3205
4136	1611
4137	2588
4138	2473
4139	2339
4140	3852
4141	3609
4142	1797
4143	3843
4144	3155
4145	1590
4146	3621
4147	1316
4148	2300
4149	2818
4150	3296
4151	2505
4152	2461
4153	686
4154	2291
4155	2272
4156	1817
4157	1100
4158	2362
4159	68
4160	1287
4161	2355
4162	1526
4163	397
4164	3647
4165	831
4166	178
4167	1108
4168	26
4169	964
4170	256
4171	2431
4172	3797
4173	2819
4174	2377
4175	771
4176	188
4177	1962
4178	3662
4179	1476
4180	341
4181	1686
4182	3131
4183	2141
4184	2504
4185	3412
4186	60
4187	3550
4188	3570
4189	3993
4190	2170
4191	1854
4192	377
4193	692
4194	886
4195	2486
4196	390
4197	306
4198	1096
4199	2695
4200	3228
4201	961
4202	2622
4203	603
4204	2736
4205	3455
4206	1775
4207	1668
4208	412
4209	3850
4210	518
4211	3420
4212	1648
4213	883
4214	560
4215	410
4216	479
4217	605
4218	1602
4219	1786
4220	1293
4221	801
4222	500
4223	971
4224	1703
4225	3577
4226	3948
4227	1281
4228	436
4229	1393
4230	196
4231	3577
4232	3243
4233	2937
4234	379
4235	3392
4236	1241
4237	3336
4238	215
4239	3205
4240	1543
4241	3965
4242	3816
4243	3590
4244	2711
4245	1856
4246	1585
4247	3064
4248	2812
4249	1416
4250	1033
4251	1913
4252	972
4253	2277
4254	3667
4255	739
4256	2089
4257	1960
4258	3312
4259	1604
4260	3302
4261	3535
4262	1024
4263	2993
4264	957
4265	1877
4266	3105
4267	1233
4268	510
4269	1228
4270	501
4271	1991
4272	2032
4273	37
4274	125
4275	3541
4276	1526
4277	3631
4278	780
4279	3724
4280	2376
4281	511
4282	1805
4283	722
4284	316
4285	3860
4286	3565
4287	2319
4288	2866
4289	3726
4290	1379
4291	225
4292	1959
4293	1018
4294	2359
4295	1975
4296	993
4297	3361
4298	3177
4299	2580
4300	2131
4301	965
4302	789
4303	3034
4304	3781
4305	1773
4306	2843
4307	2239
4308	3407
4309	1678
4310	2074
4311	3480
4312	2491
4313	347
4314	1480
4315	1296
4316	2985
4317	1631
4318	906
4319	3964
4320	3799
4321	2659
4322	568
4323	2551
4324	3255
4325	3878
4326	1697
4327	3835
4328	144
4329	1255
4330	3089
4331	3150
4332	3055
4333	1409
4334	2611
4335	3851
4336	3214
4337	1988
4338	2936
4339	3311
4340	2787
4341	860
4342	720
4343	1175
4344	396
4345	3732
4346	3792
4347	1763
4348	807
4349	1431
4350	2148
4351	1818
4352	2494
4353	1844
4354	2705
4355	2822
4356	3441
4357	465
4358	3933
4359	2222
4360	3612
4361	1566
4362	3292
4363	2662
4364	2985
4365	3562
4366	2414
4367	2336
4368	937
4369	393
4370	1215
4371	2212
4372	3382
4373	1504
4374	137
4375	758
4376	2646
4377	3714
4378	1524
4379	2757
4380	1331
4381	2815
4382	2485
4383	3182
4384	2841
4385	888
4386	1155
4387	350
4388	245
4389	1975
4390	79
4391	3037
4392	2764
4393	3779
4394	692
4395	3401
4396	1040
4397	1305
4398	3657
4399	1645
4400	1671
4401	1582
4402	2243
4403	2679
4404	2064
4405	1952
4406	482
4407	712
4408	1653
4409	181
4410	2991
4411	527
4412	854
4413	287
4414	1676
4415	1407
4416	89
4417	72
4418	1553
4419	407
4420	3085
4421	956
4422	2916
4423	1312
4424	2962
4425	452
4426	2885
4427	1689
4428	3318
4429	905
4430	378
4431	2033
4432	1498
4433	2779
4434	3401
4435	1306
4436	1284
4437	1407
4438	3034
4439	2654
4440	462
4441	2233
4442	676
4443	2934
4444	128
4445	1786
4446	3954
4447	3771
4448	1140
4449	2323
4450	2018
4451	3041
4452	112
4453	1666
4454	2121
4455	888
4456	2648
4457	3352
4458	3339
4459	2022
4460	1969
4461	1920
4462	1738
4463	1177
4464	2299
4465	2357
4466	1262
4467	1099
4468	2941
4469	1213
4470	840
4471	620
4472	2189
4473	123
4474	2169
4475	2253
4476	1827
4477	3096
4478	1833
4479	3661
4480	1295
4481	3743
4482	3892
4483	2703
4484	275
4485	552
4486	1083
4487	604
4488	823
4489	62
4490	144
4491	3484
4492	774
4493	1476
4494	496
4495	2658
4496	3676
4497	319
4498	3961
4499	2251
4500	1692
4501	40
4502	2002
4503	3943
4504	3975
4505	1364
4506	1602
4507	516
4508	1082
4509	1356
4510	1933
4511	2021
4512	1908
4513	3842
4514	166
4515	3394
4516	3811
4517	1745
4518	2310
4519	1005
4520	792
4521	2123
4522	2791
4523	1650
4524	3273
4525	2960
4526	694
4527	3227
4528	86
4529	2810
4530	1081
4531	1740
4532	3911
4533	1060
4534	584
4535	2009
4536	691
4537	2561
4538	2714
4539	1285
4540	3864
4541	1768
4542	3742
4543	2247
4544	1520
4545	3817
4546	1257
4547	3307
4548	2276
4549	1633
4550	1965
4551	3882
4552	2444
4553	2492
4554	1341
4555	1880
4556	3128
4557	3652
4558	85
4559	3680
4560	1885
4561	1187
4562	158
4563	3569
4564	702
4565	3800
4566	3013
4567	3582
4568	823
4569	3186
4570	3199
4571	3739
4572	3221
4573	17
4574	1175
4575	3202
4576	2421
4577	121
4578	90
4579	738
4580	1939
4581	223
4582	2842
4583	955
4584	407
4585	1448
4586	1951
4587	3143
4588	3805
4589	3385
4590	2121
4591	2623
4592	22
4593	3856
4594	2209
4595	1789
4596	1753
4597	3443
4598	3000
4599	75
4600	1322
4601	670
4602	3154
4603	1645
4604	2803
4605	1377
4606	3107
4607	3822
4608	2445
4609	2838
4610	976
4611	2085
4612	272
4613	887
4614	154
4615	2303
4616	286
4617	1478
4618	1176
4619	1012
4620	2116
4621	2626
4622	446
4623	3690
4624	17
4625	3295
4626	3931
4627	2665
4628	2601
4629	2624
4630	535
4631	1522
4632	1132
4633	1504
4634	3434
4635	3747
4636	2810
4637	462
4638	538
4639	2125
4640	2002
4641	819
4642	2758
4643	3562
4644	2956
4645	3505
4646	3963
4647	366
4648	2410
4649	810
4650	2132
4651	2268
4652	1866
4653	1919
4654	2655
4655	3894
4656	1649
4657	642
4658	2227
4659	3918
4660	366
4661	2446
4662	2991
4663	811
4664	476
4665	1468
4666	2072
4667	3173
4668	2407
4669	1800
4670	247
4671	3850
4672	2413
4673	774
4674	3497
4675	2086
4676	983
4677	2340
4678	2629
4679	3975
4680	3266
4681	3265
4682	3664
4683	3060
4684	1590
4685	716
4686	3225
4687	2178
4688	568
4689	2036
4690	727
4691	30
4692	20
4693	570
4694	1289
4695	2618
4696	3884
4697	3904
4698	2057
4699	3062
4700	1243
4701	1569
4702	3721
4703	1152
4704	3257
4705	2457
4706	167
4707	430
4708	45
4709	3998
4710	2617
4711	194
4712	2576
4713	2109
4714	3854
4715	1934
4716	1778
4717	2676
4718	3282
4719	3888
4720	327
4721	2059
4722	2390
4723	1232
4724	2220
4725	1697
4726	2562
4727	354
4728	1586
4729	595
4730	1391
4731	2993
4732	2941
4733	3077
4734	3643
4735	2275
4736	912
4737	2292
4738	1856
4739	2896
4740	3954
4741	2977
4742	113
4743	2951
4744	74
4745	2202
4746	3324
4747	3823
4748	340
4749	3852
4750	1190
4751	2635
4752	1514
4753	759
4754	1667
4755	567
4756	2305
4757	813
4758	2760
4759	3700
4760	2972
4761	386
4762	1329
4763	3388
4764	150
4765	2643
4766	3015
4767	3564
4768	3995
4769	3155
4770	666
4771	520
4772	1926
4773	813
4774	2476
4775	469
4776	1743
4777	1855
4778	3347
4779	2286
4780	2337
4781	3202
4782	485
4783	917
4784	2281
4785	1121
4786	3399
4787	3482
4788	3559
4789	1983
4790	2903
4791	52
4792	2151
4793	1442
4794	2262
4795	2295
4796	3045
4797	723
4798	3518
4799	3065
4800	2874
4801	1710
4802	3372
4803	2636
4804	3836
4805	3230
4806	1023
4807	3172
4808	1883
4809	1557
4810	3939
4811	1580
4812	3326
4813	1881
4814	1377
4815	3616
4816	1014
4817	1626
4818	3632
4819	3901
4820	398
4821	3793
4822	1134
4823	304
4824	2258
4825	1061
4826	1371
4827	2488
4828	851
4829	1714
4830	3331
4831	1146
4832	3561
4833	2676
4834	993
4835	449
4836	2172
4837	457
4838	2018
4839	3758
4840	1094
4841	3637
4842	1450
4843	2708
4844	1094
4845	2187
4846	2604
4847	1829
4848	2667
4849	1653
4850	1999
4851	2824
4852	241
4853	3383
4854	926
4855	212
4856	2868
4857	3068
4858	3340
4859	3470
4860	431
4861	294
4862	815
4863	2982
4864	1993
4865	146
4866	2924
4867	2
4868	2661
4869	3875
4870	172
4871	1973
4872	3854
4873	3012
4874	3364
4875	3543
4876	3984
4877	3394
4878	922
4879	1709
4880	2136
4881	198
4882	1515
4883	3145
4884	2737
4885	3151
4886	1192
4887	3649
4888	2771
4889	978
4890	2478
4891	1197
4892	2837
4893	369
4894	1801
4895	3158
4896	3706
4897	2199
4898	2301
4899	1535
4900	1266
4901	775
4902	147
4903	3252
4904	2387
4905	3314
4906	498
4907	2336
4908	1474
4909	296
4910	1921
4911	199
4912	3550
4913	705
4914	2240
4915	2084
4916	1716
4917	475
4918	2792
4919	2177
4920	1054
4921	1004
4922	1862
4923	2675
4924	2286
4925	3367
4926	3725
4927	1604
4928	2624
4929	2969
4930	2385
4931	3760
4932	665
4933	3315
4934	2708
4935	1123
4936	618
4937	44
4938	3565
4939	1619
4940	3584
4941	253
4942	1012
4943	575
4944	3587
4945	1557
4946	3016
4947	3735
4948	824
4949	916
4950	2447
4951	672
4952	1253
4953	2250
4954	2852
4955	2399
4956	1072
4957	710
4958	1558
4959	2039
4960	3668
4961	2959
4962	2438
4963	419
4964	3641
4965	2657
4966	3414
4967	2590
4968	1947
4969	56
4970	3318
4971	2064
4972	3122
4973	1429
4974	679
4975	611
4976	3463
4977	1792
4978	2221
4979	3214
4980	2801
4981	664
4982	1024
4983	2044
4984	325
4985	3836
4986	2565
4987	859
4988	2148
4989	1587
4990	1917
4991	1344
4992	247
4993	3709
4994	2495
4995	45
4996	1589
4997	2104
4998	3007
4999	691
5000	3683
5001	2265
5002	3968
5003	2528
5004	2857
5005	765
5006	2565
5007	2633
5008	2225
5009	1960
5010	2577
5011	1746
5012	22
5013	2271
5014	38
5015	931
5016	901
5017	1570
5018	2191
5019	2186
5020	1555
5021	3418
5022	3549
5023	3128
5024	2308
5025	1844
5026	1302
5027	2917
5028	46
5029	667
5030	649
5031	3274
5032	2758
5033	3829
5034	3121
5035	3895
5036	1737
5037	1218
5038	3513
5039	330
5040	3328
5041	1320
5042	239
5043	3585
5044	1030
5045	2752
5046	1187
5047	1280
5048	551
5049	689
5050	3922
5051	2450
5052	16
5053	759
5054	396
5055	2469
5056	2246
5057	2385
5058	2109
5059	3179
5060	3642
5061	359
5062	832
5063	3539
5064	3489
5065	3115
5066	3218
5067	2466
5068	3196
5069	2638
5070	1680
5071	3539
5072	216
5073	2062
5074	2083
5075	111
5076	1413
5077	2935
5078	1044
5079	1682
5080	234
5081	2776
5082	1210
5083	1835
5084	197
5085	2228
5086	2819
5087	2275
5088	3462
5089	3904
5090	2389
5091	1521
5092	1848
5093	1
5094	324
5095	2532
5096	1906
5097	2086
5098	461
5099	942
5100	3334
5101	3835
5102	360
5103	3753
5104	1741
5105	2251
5106	1544
5107	677
5108	922
5109	2172
5110	1782
5111	1384
5112	597
5113	900
5114	238
5115	321
5116	61
5117	1641
5118	2805
5119	668
5120	339
5121	1390
5122	3978
5123	2844
5124	197
5125	708
5126	3154
5127	1608
5128	2401
5129	3531
5130	3845
5131	2226
5132	2006
5133	1707
5134	675
5135	3635
5136	2422
5137	3048
5138	2462
5139	2811
5140	821
5141	346
5142	112
5143	288
5144	48
5145	2599
5146	3696
5147	482
5148	131
5149	791
5150	3616
5151	768
5152	2739
5153	1885
5154	3819
5155	2010
5156	2881
5157	1775
5158	2155
5159	1309
5160	1414
5161	209
5162	1304
5163	2766
5164	219
5165	994
5166	3466
5167	3071
5168	1145
5169	2659
5170	558
5171	3143
5172	3777
5173	2846
5174	2461
5175	3371
5176	3601
5177	1235
5178	3414
5179	868
5180	2747
5181	1585
5182	3284
5183	784
5184	3946
5185	2954
5186	1238
5187	3775
5188	2203
5189	3803
5190	3916
5191	2354
5192	1630
5193	2185
5194	1205
5195	1238
5196	709
5197	3306
5198	1770
5199	1393
5200	1488
5201	2888
5202	3002
5203	2821
5204	1463
5205	1159
5206	337
5207	939
5208	3908
5209	1820
5210	1992
5211	1240
5212	1074
5213	3255
5214	2031
5215	2103
5216	604
5217	1383
5218	3777
5219	3801
5220	512
5221	328
5222	1728
5223	2134
5224	2674
5225	1406
5226	3000
5227	1420
5228	2972
5229	3848
5230	1230
5231	1813
5232	948
5233	887
5234	2817
5235	1615
5236	2190
5237	2893
5238	3532
5239	3818
5240	354
5241	539
5242	318
5243	1089
5244	2784
5245	3158
5246	2600
5247	2094
5248	253
5249	2540
5250	2308
5251	2808
5252	880
5253	606
5254	3599
5255	2664
5256	261
5257	2726
5258	1353
5259	2687
5260	1252
5261	885
5262	3090
5263	3631
5264	2722
5265	1118
5266	1565
5267	3245
5268	2323
5269	398
5270	255
5271	3493
5272	3424
5273	2226
5274	3734
5275	3638
5276	2863
5277	3920
5278	2986
5279	2122
5280	2283
5281	602
5282	122
5283	1781
5284	3459
5285	2725
5286	3523
5287	741
5288	1371
5289	16
5290	2400
5291	2544
5292	2818
5293	2489
5294	797
5295	2332
5296	3815
5297	3874
5298	1418
5299	1794
5300	3194
5301	2113
5302	2497
5303	2044
5304	2447
5305	44
5306	1481
5307	2101
5308	3576
5309	2984
5310	2373
5311	1437
5312	2136
5313	1079
5314	1122
5315	3695
5316	3209
5317	100
5318	3219
5319	1053
5320	2003
5321	2822
5322	2926
5323	1222
5324	3693
5325	646
5326	3498
5327	70
5328	1658
5329	3250
5330	1831
5331	162
5332	268
5333	2516
5334	67
5335	1654
5336	3605
5337	2595
5338	2262
5339	2834
5340	2773
5341	3039
5342	3576
5343	3436
5344	2694
5345	252
5346	374
5347	3015
5348	1386
5349	1461
5350	1412
5351	501
5352	553
5353	771
5354	3063
5355	3897
5356	2560
5357	290
5358	3794
5359	851
5360	2107
5361	2687
5362	1006
5363	1924
5364	2271
5365	3494
5366	2147
5367	2386
5368	287
5369	3730
5370	409
5371	1865
5372	1512
5373	278
5374	984
5375	401
5376	635
5377	2804
5378	1070
5379	2529
5380	2228
5381	3552
5382	109
5383	224
5384	2020
5385	1632
5386	3479
5387	3789
5388	3279
5389	1583
5390	1399
5391	1066
5392	1178
5393	1362
5394	3642
5395	3723
5396	399
5397	1900
5398	199
5399	1579
5400	2304
5401	1699
5402	2802
5403	3151
5404	1837
5405	1729
5406	2289
5407	2130
5408	1069
5409	2644
5410	3212
5411	2085
5412	2519
5413	2133
5414	919
5415	3589
5416	3220
5417	1414
5418	2700
5419	2256
5420	3663
5421	832
5422	3261
5423	3231
5424	1045
5425	1119
5426	3992
5427	30
5428	2170
5429	264
5430	3636
5431	1218
5432	3477
5433	3049
5434	3771
5435	1301
5436	48
5437	1230
5438	2759
5439	1767
5440	1176
5441	2877
5442	3888
5443	835
5444	1268
5445	2123
5446	2389
5447	3146
5448	3828
5449	2952
5450	3959
5451	1777
5452	1309
5453	2420
5454	362
5455	678
5456	1436
5457	2703
5458	2042
5459	901
5460	889
5461	1745
5462	69
5463	3468
5464	2307
5465	3447
5466	1111
5467	1748
5468	3883
5469	1172
5470	363
5471	3502
5472	3411
5473	3121
5474	3980
5475	3644
5476	1522
5477	1948
5478	2797
5479	573
5480	3132
5481	2698
5482	2311
5483	315
5484	1695
5485	1144
5486	77
5487	1801
5488	2563
5489	3196
5490	2777
5491	826
5492	2971
5493	1344
5494	3271
5495	1829
5496	1911
5497	2792
5498	3388
5499	3271
5500	3929
5501	964
5502	1646
5503	1564
5504	2943
5505	2851
5506	3437
5507	3868
5508	3199
5509	836
5510	1893
5511	439
5512	3524
5513	1421
5514	3447
5515	190
5516	2916
5517	2250
5518	950
5519	2701
5520	3812
5521	1055
5522	2505
5523	1240
5524	26
5525	1909
5526	2401
5527	3814
5528	3039
5529	2417
5530	365
5531	3518
5532	68
5533	2166
5534	3705
5535	2512
5536	1326
5537	904
5538	2089
5539	1901
5540	2179
5541	2476
5542	2710
5543	659
5544	3996
5545	325
5546	1800
5547	1025
5548	1709
5549	1216
5550	3940
5551	3841
5552	3444
5553	1493
5554	1639
5555	1324
5556	705
5557	1620
5558	2173
5559	1685
5560	2139
5561	1978
5562	592
5563	2604
5564	2416
5565	2233
5566	470
5567	2989
5568	1660
5569	50
5570	1157
5571	3296
5572	3661
5573	3743
5574	821
5575	438
5576	3193
5577	552
5578	1301
5579	3212
5580	2906
5581	1617
5582	2767
5583	878
5584	786
5585	3871
5586	2412
5587	3667
5588	3372
5589	687
5590	2964
5591	710
5592	2581
5593	973
5594	2770
5595	3443
5596	3760
5597	1701
5598	1180
5599	2830
5600	897
5601	148
5602	3191
5603	1685
5604	1144
5605	2484
5606	2851
5607	1741
5608	1213
5609	3549
5610	3710
5611	1693
5612	1437
5613	1277
5614	2481
5615	2617
5616	3312
5617	3857
5618	3849
5619	499
5620	2684
5621	3423
5622	2627
5623	393
5624	2489
5625	3114
5626	1995
5627	711
5628	373
5629	588
5630	320
5631	3499
5632	806
5633	1172
5634	2363
5635	650
5636	3752
5637	2394
5638	3146
5639	2311
5640	2628
5641	1821
5642	3010
5643	3953
5644	801
5645	3583
5646	1142
5647	2564
5648	3657
5649	2772
5650	3011
5651	3725
5652	1644
5653	2949
5654	3571
5655	1427
5656	853
5657	2046
5658	2145
5659	1330
5660	3088
5661	3955
5662	2163
5663	3804
5664	2884
5665	2347
5666	1530
5667	2395
5668	2393
5669	3781
5670	2150
5671	9
5672	1068
5673	3554
5674	2864
5675	3731
5676	3481
5677	1290
5678	2743
5679	3660
5680	340
5681	623
5682	42
5683	820
5684	427
5685	1654
5686	2747
5687	2820
5688	2100
5689	1327
5690	2023
5691	98
5692	2099
5693	1778
5694	2072
5695	1140
5696	417
5697	34
5698	2829
5699	3184
5700	3259
5701	3182
5702	3249
5703	301
5704	1058
5705	1646
5706	81
5707	494
5708	717
5709	6
5710	1795
5711	3730
5712	260
5713	2427
5714	1102
5715	274
5716	2633
5717	2159
5718	838
5719	2158
5720	308
5721	3573
5722	338
5723	2212
5724	2157
5725	929
5726	304
5727	2959
5728	2891
5729	1531
5730	104
5731	2540
5732	380
5733	1692
5734	1774
5735	336
5736	3374
5737	3072
5738	7
5739	2996
5740	2067
5741	2247
5742	1214
5743	2468
5744	1525
5745	1422
5746	1625
5747	1223
5748	1433
5749	2463
5750	3991
5751	2755
5752	3178
5753	1682
5754	974
5755	365
5756	1281
5757	1266
5758	1977
5759	3847
5760	2896
5761	3467
5762	3656
5763	572
5764	138
5765	1997
5766	1998
5767	1943
5768	466
5769	2575
5770	683
5771	3445
5772	202
5773	126
5774	3192
5775	2763
5776	2858
5777	2735
5778	12
5779	3510
5780	686
5781	108
5782	2899
5783	3213
5784	1977
5785	2358
5786	3101
5787	446
5788	3209
5789	1490
5790	78
5791	806
5792	2321
5793	418
5794	3181
5795	2001
5796	2732
5797	1410
5798	3310
5799	394
5800	1474
5801	1008
5802	2546
5803	618
5804	81
5805	582
5806	3872
5807	3029
5808	3363
5809	1018
5810	2998
5811	2801
5812	3848
5813	3108
5814	3458
5815	841
5816	3606
5817	793
5818	3820
5819	3807
5820	1108
5821	788
5822	843
5823	83
5824	29
5825	65
5826	1311
5827	516
5828	3684
5829	331
5830	1251
5831	1521
5832	3879
5833	3949
5834	968
5835	2843
5836	2919
5837	3409
5838	2640
5839	3795
5840	861
5841	41
5842	1052
5843	1441
5844	1149
5845	597
5846	123
5847	2063
5848	1080
5849	2719
5850	2525
5851	1952
5852	1313
5853	1210
5854	3156
5855	3391
5856	3200
5857	2762
5858	1554
5859	3384
5860	487
5861	1084
5862	795
5863	2897
5864	1022
5865	2477
5866	1596
5867	2004
5868	2150
5869	585
5870	355
5871	1549
5872	1125
5873	3274
5874	3307
5875	1874
5876	1597
5877	2371
5878	3242
5879	3807
5880	3216
5881	1994
5882	1626
5883	425
5884	2259
5885	1370
5886	1576
5887	2005
5888	1110
5889	3181
5890	2436
5891	3915
5892	1913
5893	2999
5894	853
5895	1275
5896	3530
5897	3259
5898	1245
5899	1151
5900	3498
5901	2502
5902	2443
5903	1627
5904	1501
5905	2820
5906	567
5907	556
5908	1555
5909	440
5910	1441
5911	3086
5912	688
5913	2988
5914	85
5915	487
5916	3621
5917	103
5918	1811
5919	764
5920	3876
5921	2814
5922	2186
5923	891
5924	3504
5925	309
5926	124
5927	328
5928	2027
5929	2970
5930	1158
5931	1772
5932	1676
5933	541
5934	3469
5935	605
5936	3823
5937	477
5938	1920
5939	2066
5940	2879
5941	3886
5942	1868
5943	448
5944	2935
5945	3908
5946	2146
5947	3457
5948	828
5949	632
5950	3492
5951	3111
5952	2255
5953	3185
5954	3736
5955	130
5956	3915
5957	286
5958	3100
5959	532
5960	1883
5961	1527
5962	3673
5963	3798
5964	3118
5965	2529
5966	2348
5967	115
5968	3397
5969	886
5970	588
5971	1954
5972	3323
5973	478
5974	1713
5975	437
5976	1475
5977	1131
5978	594
5979	18
5980	3629
5981	820
5982	3120
5983	2145
5984	3545
5985	380
5986	613
5987	3641
5988	830
5989	2796
5990	1884
5991	2386
5992	753
5993	3731
5994	2772
5995	967
5996	2537
5997	696
5998	3932
5999	1248
6000	2088
6001	846
6002	2153
6003	3241
6004	137
6005	2480
6006	1932
6007	1538
6008	2026
6009	534
6010	3600
6011	1933
6012	2157
6013	3921
6014	3378
6015	2848
6016	2570
6017	240
6018	180
6019	1982
6020	523
6021	1659
6022	2558
6023	2936
6024	2006
6025	2090
6026	2395
6027	2575
6028	350
6029	1003
6030	721
6031	3029
6032	1456
6033	3351
6034	2739
6035	1114
6036	1505
6037	1494
6038	2721
6039	1807
6040	303
6041	3178
6042	2913
6043	2182
6044	3526
6045	579
6046	2551
6047	1603
6048	841
6049	1198
6050	2719
6051	2836
6052	879
6053	1813
6054	2433
6055	679
6056	1693
6057	885
6058	3822
6059	3473
6060	1664
6061	1471
6062	505
6063	522
6064	3818
6065	3485
6066	1161
6067	2455
6068	1916
6069	3741
6070	3879
6071	2723
6072	2533
6073	1750
6074	3651
6075	3167
6076	2255
6077	2049
6078	936
6079	3640
6080	3
6081	269
6082	1490
6083	895
6084	628
6085	1221
6086	2133
6087	130
6088	1160
6089	2333
6090	1619
6091	3510
6092	1274
6093	38
6094	1826
6095	1189
6096	754
6097	793
6098	2872
6099	2978
6100	1269
6101	3277
6102	2665
6103	2373
6104	1312
6105	3391
6106	2597
6107	412
6108	2631
6109	978
6110	257
6111	3526
6112	2943
6113	1708
6114	899
6115	3090
6116	1232
6117	1249
6118	1517
6119	3780
6120	313
6121	3204
6122	1628
6123	352
6124	3284
6125	1209
6126	2920
6127	652
6128	2462
6129	3689
6130	2117
6131	2496
6132	572
6133	1797
6134	161
6135	1508
6136	2066
6137	1642
6138	231
6139	2652
6140	3782
6141	2722
6142	1755
6143	1817
6144	2494
6145	3812
6146	416
6147	1353
6148	2613
6149	1320
6150	3590
6151	3078
6152	2419
6153	2989
6154	320
6155	899
6156	2039
6157	2257
6158	468
6159	1579
6160	1186
6161	2595
6162	422
6163	2440
6164	208
6165	910
6166	2583
6167	1070
6168	559
6169	1114
6170	3538
6171	2756
6172	3140
6173	2377
6174	225
6175	2097
6176	1045
6177	641
6178	3237
6179	1826
6180	2144
6181	1906
6182	1212
6183	1457
6184	233
6185	1350
6186	3741
6187	3726
6188	1783
6189	997
6190	999
6191	3648
6192	2530
6193	3847
6194	3791
6195	436
6196	1703
6197	883
6198	577
6199	3891
6200	1085
6201	2690
6202	2981
6203	2483
6204	3343
6205	1279
6206	2824
6207	3901
6208	1442
6209	871
6210	1185
6211	2341
6212	1208
6213	2333
6214	3105
6215	1937
6216	1379
6217	3267
6218	2423
6219	2388
6220	3251
6221	2218
6222	1262
6223	3362
6224	1946
6225	218
6226	1978
6227	1983
6228	3003
6229	3094
6230	3502
6231	1857
6232	1819
6233	2821
6234	1665
6235	2612
6236	3291
6237	2397
6238	949
6239	708
6240	3080
6241	2357
6242	3737
6243	1748
6244	3424
6245	2730
6246	3300
6247	3815
6248	2496
6249	51
6250	1126
6251	1754
6252	1467
6253	2351
6254	2682
6255	2623
6256	1199
6257	2214
6258	2774
6259	3674
6260	2932
6261	3028
6262	3606
6263	2802
6264	75
6265	450
6266	36
6267	1041
6268	1830
6269	1252
6270	3766
6271	2440
6272	2670
6273	3573
6274	2001
6275	3521
6276	3556
6277	2563
6278	1732
6279	3267
6280	3211
6281	3258
6282	314
6283	947
6284	1618
6285	2219
6286	2189
6287	997
6288	762
6289	744
6290	2129
6291	416
6292	348
6293	2254
6294	437
6295	3093
6296	2725
6297	1075
6298	2424
6299	2412
6300	1971
6301	834
6302	992
6303	1479
6304	3707
6305	119
6306	1454
6307	1286
6308	594
6309	2055
6310	3476
6311	2782
6312	757
6313	687
6314	1008
6315	1291
6316	3067
6317	779
6318	2578
6319	994
6320	3087
6321	3885
6322	3399
6323	3331
6324	1304
6325	3253
6326	938
6327	2510
6328	2159
6329	1939
6330	1597
6331	2230
6332	2230
6333	571
6334	2919
6335	3232
6336	3976
6337	2156
6338	238
6339	3293
6340	1308
6341	39
6342	1484
6343	3959
6344	2578
6345	319
6346	2949
6347	2610
6348	1804
6349	3005
6350	1136
6351	2030
6352	3416
6353	1995
6354	203
6355	807
6356	2295
6357	1738
6358	1079
6359	448
6360	858
6361	3765
6362	3472
6363	2724
6364	2543
6365	1569
6366	2957
6367	3956
6368	2269
6369	2024
6370	1614
6371	970
6372	1681
6373	116
6374	3843
6375	1023
6376	2553
6377	1501
6378	632
6379	1621
6380	2800
6381	2019
6382	1914
6383	574
6384	2073
6385	795
6386	1796
6387	1923
6388	3592
6389	1487
6390	2939
6391	622
6392	3314
6393	2699
6394	3759
6395	2351
6396	859
6397	174
6398	1276
6399	2670
6400	2235
6401	544
6402	847
6403	2010
6404	1239
6405	1197
6406	634
6407	690
6408	1475
6409	308
6410	1314
6411	3511
6412	2845
6413	262
6414	345
6415	248
6416	3042
6417	1077
6418	857
6419	3173
6420	646
6421	1199
6422	1382
6423	1974
6424	1415
6425	3903
6426	2146
6427	3067
6428	925
6429	2488
6430	3232
6431	2280
6432	609
6433	228
6434	2610
6435	3070
6436	3511
6437	2011
6438	3098
6439	266
6440	1069
6441	3440
6442	945
6443	1173
6444	1128
6445	2522
6446	125
6447	1662
6448	3697
6449	3198
6450	2837
6451	2454
6452	3163
6453	873
6454	2071
6455	3476
6456	11
6457	3998
6458	1068
6459	2937
6460	3623
6461	1233
6462	1783
6463	451
6464	3488
6465	2745
6466	334
6467	337
6468	2218
6469	1387
6470	2181
6471	3408
6472	3595
6473	2234
6474	3235
6475	3422
6476	626
6477	1234
6478	1888
6479	3037
6480	1616
6481	3632
6482	2591
6483	3832
6484	2404
6485	3215
6486	1418
6487	3918
6488	3759
6489	765
6490	3859
6491	2681
6492	3993
6493	3837
6494	1540
6495	767
6496	1093
6497	2608
6498	3844
6499	3421
6500	3183
6501	2833
6502	3370
6503	1388
6504	804
6505	3736
6506	3740
6507	1541
6508	640
6509	1242
6510	786
6511	2458
6512	2030
6513	3140
6514	368
6515	1905
6516	746
6517	3036
6518	1193
6519	515
6520	2035
6521	3272
6522	1612
6523	295
6524	3075
6525	3515
6526	2274
6527	503
6528	2022
6529	3083
6530	507
6531	761
6532	3782
6533	2639
6534	1362
6535	3955
6536	1084
6537	3032
6538	2466
6539	2075
6540	1510
6541	2894
6542	1061
6543	2660
6544	2704
6545	2798
6546	3620
6547	2025
6548	2217
6549	303
6550	2444
6551	897
6552	1782
6553	579
6554	1860
6555	2873
6556	1278
6557	3442
6558	566
6559	40
6560	1811
6561	3176
6562	3950
6563	200
6564	3036
6565	314
6566	3990
6567	778
6568	1137
6569	3374
6570	758
6571	1668
6572	1805
6573	3469
6574	3057
6575	3107
6576	32
6577	2673
6578	2368
6579	3316
6580	2153
6581	2662
6582	2379
6583	2603
6584	1517
6585	271
6586	1946
6587	2104
6588	3880
6589	2437
6590	1298
6591	1566
6592	2491
6593	3194
6594	347
6595	1577
6596	3417
6597	930
6598	644
6599	1629
6600	3452
6601	3665
6602	1863
6603	536
6604	1351
6605	593
6606	212
6607	1751
6608	2897
6609	495
6610	23
6611	1968
6612	2280
6613	1622
6614	233
6615	882
6616	668
6617	1707
6618	2827
6619	3075
6620	2736
6621	506
6622	1072
6623	1661
6624	1410
6625	576
6626	2183
6627	1957
6628	201
6629	2371
6630	1193
6631	1554
6632	1125
6633	2352
6634	2036
6635	603
6636	1265
6637	3024
6638	2756
6639	2978
6640	2900
6641	106
6642	1675
6643	3604
6644	3772
6645	2804
6646	2686
6647	734
6648	1705
6649	3623
6650	775
6651	2803
6652	2394
6653	160
6654	1127
6655	2830
6656	2003
6657	74
6658	938
6659	641
6660	1758
6661	674
6662	115
6663	217
6664	1622
6665	10
6666	2337
6667	556
6668	1502
6669	1432
6670	1259
6671	1840
6672	3366
6673	3362
6674	72
6675	3007
6676	2388
6677	3285
6678	1331
6679	305
6680	2102
6681	1758
6682	504
6683	173
6684	2472
6685	2201
6686	3215
6687	2566
6688	3325
6689	184
6690	3280
6691	2537
6692	2615
6693	662
6694	2122
6695	2515
6696	896
6697	357
6698	1257
6699	865
6700	2502
6701	3514
6702	3071
6703	438
6704	3797
6705	2175
6706	3058
6707	3634
6708	324
6709	2677
6710	2048
6711	433
6712	1389
6713	1837
6714	1470
6715	3369
6716	1794
6717	1861
6718	2093
6719	1315
6720	3787
6721	2008
6722	1174
6723	1495
6724	845
6725	3050
6726	3235
6727	4000
6728	1136
6729	2060
6730	3068
6731	1007
6732	153
6733	3110
6734	2128
6735	2354
6736	2574
6737	541
6738	442
6739	2249
6740	3663
6741	949
6742	1657
6743	1700
6744	1965
6745	76
6746	2726
6747	3581
6748	3533
6749	652
6750	3074
6751	1416
6752	2493
6753	914
6754	3341
6755	2487
6756	2553
6757	3397
6758	2331
6759	2139
6760	1538
6761	3694
6762	3628
6763	1541
6764	1940
6765	2493
6766	3
6767	2068
6768	1195
6769	1874
6770	2190
6771	1067
6772	3453
6773	3619
6774	1598
6775	3982
6776	3465
6777	2568
6778	2026
6779	725
6780	947
6781	3487
6782	2764
6783	558
6784	2304
6785	1167
6786	1208
6787	526
6788	2778
6789	1358
6790	945
6791	3373
6792	1351
6793	4000
6794	228
6795	1576
6796	2497
6797	666
6798	3244
6799	3870
6800	1217
6801	658
6802	1815
6803	3692
6804	3052
6805	2098
6806	1735
6807	2407
6808	1955
6809	3748
6810	2347
6811	1842
6812	3713
6813	483
6814	3325
6815	378
6816	2254
6817	1949
6818	1594
6819	525
6820	3713
6821	923
6822	2996
6823	2946
6824	3594
6825	2450
6826	1234
6827	2268
6828	265
6829	1221
6830	3038
6831	15
6832	82
6833	1986
6834	1117
6835	1183
6836	948
6837	3766
6838	76
6839	103
6840	3058
6841	2926
6842	186
6843	147
6844	2390
6845	989
6846	3945
6847	2509
6848	2158
6849	3342
6850	3327
6851	548
6852	1972
6853	1573
6854	621
6855	3628
6856	1411
6857	165
6858	2607
6859	1780
6860	1162
6861	1059
6862	2567
6863	1151
6864	3748
6865	2574
6866	1384
6867	3272
6868	2315
6869	2142
6870	1478
6871	3614
6872	292
6873	3390
6874	1216
6875	1674
6876	882
6877	1969
6878	425
6879	1141
6880	2995
6881	2482
6882	183
6883	3437
6884	1471
6885	950
6886	1926
6887	2749
6888	3544
6889	2329
6890	2925
6891	1071
6892	3137
6893	1816
6894	935
6895	1261
6896	3857
6897	2253
6898	3070
6899	3243
6900	3185
6901	665
6902	1916
6903	3400
6904	3891
6905	3471
6906	2368
6907	2404
6908	145
6909	731
6910	3744
6911	3217
6912	1488
6913	2282
6914	2831
6915	920
6916	1056
6917	738
6918	2183
6919	2052
6920	2910
6921	839
6922	1138
6923	39
6924	2130
6925	422
6926	1681
6927	509
6928	3177
6929	1764
6930	94
6931	3126
6932	2288
6933	7
6934	833
6935	690
6936	1930
6937	3084
6938	191
6939	2781
6940	3126
6941	2060
6942	586
6943	953
6944	116
6945	3939
6946	2448
6947	1404
6948	1215
6949	1662
6950	467
6951	1299
6952	3907
6953	1860
6954	847
6955	889
6956	2957
6957	183
6958	1819
6959	3095
6960	3132
6961	3305
6962	1212
6963	2482
6964	326
6965	787
6966	3171
6967	1421
6968	1723
6969	3370
6970	3765
6971	2427
6972	3589
6973	960
6974	3402
6975	3403
6976	937
6977	1974
6978	2232
6979	1760
6980	1575
6981	1735
6982	2592
6983	858
6984	394
6985	1165
6986	1458
6987	3900
6988	3286
6989	3162
6990	1505
6991	506
6992	2614
6993	1323
6994	3187
6995	756
6996	326
6997	2729
6998	2135
6999	593
7000	3382
7001	1732
7002	2908
7003	2616
7004	559
7005	203
7006	3254
7007	214
7008	2987
7009	1080
7010	2918
7011	241
7012	1394
7013	3838
7014	941
7015	344
7016	1674
7017	3467
7018	2344
7019	1548
7020	3327
7021	2650
7022	3522
7023	87
7024	2733
7025	2511
7026	2411
7027	2769
7028	531
7029	3110
7030	753
7031	2306
7032	102
7033	2499
7034	2240
7035	3924
7036	2046
7037	3275
7038	848
7039	1789
7040	90
7041	3114
7042	1250
7043	1380
7044	381
7045	2684
7046	3497
7047	1759
7048	3488
7049	1253
7050	1272
7051	1871
7052	2524
7053	1609
7054	3556
7055	2350
7056	3486
7057	3913
7058	2453
7059	400
7060	533
7061	3473
7062	2070
7063	822
7064	1209
7065	124
7066	3512
7067	2456
7068	3557
7069	2921
7070	1113
7071	1867
7072	2688
7073	3839
7074	2931
7075	3117
7076	3477
7077	1006
7078	1181
7079	3950
7080	80
7081	2249
7082	848
7083	3945
7084	3203
7085	1890
7086	1574
7087	3755
7088	1073
7089	896
7090	792
7091	1731
7092	3776
7093	1772
7094	77
7095	313
7096	3677
7097	1803
7098	3824
7099	925
7100	2799
7101	1842
7102	614
7103	3017
7104	367
7105	920
7106	1804
7107	1556
7108	3762
7109	3270
7110	372
7111	3617
7112	3995
7113	2556
7114	1426
7115	1183
7116	2769
7117	2484
7118	27
7119	2909
7120	3863
7121	1600
7122	2975
7123	1358
7124	1189
7125	2613
7126	1387
7127	1354
7128	1032
7129	614
7130	3116
7131	869
7132	2452
7133	3912
7134	3461
7135	164
7136	673
7137	1731
7138	663
7139	3678
7140	1762
7141	530
7142	141
7143	1380
7144	2983
7145	3672
7146	1413
7147	643
7148	3203
7149	1162
7150	1461
7151	3529
7152	3256
7153	1950
7154	1886
7155	1500
7156	1970
7157	863
7158	647
7159	1562
7160	2379
7161	2879
7162	1297
7163	3017
7164	2463
7165	2545
7166	2938
7167	2586
7168	2284
7169	3555
7170	2188
7171	1290
7172	3519
7173	3190
7174	529
7175	2510
7176	3707
7177	805
7178	293
7179	3430
7180	860
7181	2782
7182	509
7183	3022
7184	760
7185	3578
7186	1040
7187	3349
7188	1582
7189	809
7190	2975
7191	1747
7192	2645
7193	1583
7194	2938
7195	526
7196	3286
7197	3239
7198	3368
7199	693
7200	3978
7201	414
7202	995
7203	1467
7204	522
7205	3344
7206	3113
7207	3592
7208	345
7209	1750
7210	2423
7211	1372
7212	617
7213	3366
7214	131
7215	1722
7216	2411
7217	428
7218	2668
7219	3187
7220	3074
7221	2174
7222	2833
7223	3605
7224	2300
7225	2863
7226	1355
7227	808
7228	975
7229	3935
7230	78
7231	1924
7232	2914
7233	3365
7234	1359
7235	1065
7236	2865
7237	3197
7238	2174
7239	2142
7240	1382
7241	3462
7242	3025
7243	1791
7244	3184
7245	1085
7246	1869
7247	1970
7248	548
7249	3666
7250	2799
7251	777
7252	382
7253	3098
7254	2451
7255	1780
7256	2532
7257	293
7258	3280
7259	2983
7260	2108
7261	1670
7262	2459
7263	2636
7264	2855
7265	3935
7266	2834
7267	1113
7268	2221
7269	1462
7270	2550
7271	1482
7272	3627
7273	1031
7274	3464
7275	681
7276	428
7277	2375
7278	3584
7279	388
7280	269
7281	891
7282	139
7283	2166
7284	877
7285	1749
7286	260
7287	2631
7288	3551
7289	2167
7290	348
7291	1873
7292	1167
7293	3575
7294	5
7295	3479
7296	219
7297	2652
7298	335
7299	1859
7300	718
7301	2861
7302	2040
7303	3739
7304	1955
7305	2892
7306	2666
7307	1073
7308	3601
7309	1518
7310	3979
7311	1845
7312	2084
7313	1497
7314	2302
7315	1373
7316	79
7317	660
7318	2344
7319	3638
7320	2549
7321	2873
7322	2035
7323	874
7324	120
7325	1449
7326	1533
7327	3799
7328	3863
7329	1528
7330	1426
7331	1759
7332	707
7333	2225
7334	1572
7335	142
7336	631
7337	3574
7338	1403
7339	3778
7340	2068
7341	2622
7342	1572
7343	3525
7344	1330
7345	2074
7346	2302
7347	2076
7348	2506
7349	3471
7350	2608
7351	2746
7352	521
7353	201
7354	2743
7355	3436
7356	3198
7357	2515
7358	1278
7359	580
7360	1652
7361	3941
7362	975
7363	1000
7364	1561
7365	2607
7366	525
7367	1064
7368	3108
7369	3706
7370	3883
7371	1076
7372	2718
7373	271
7374	706
7375	3989
7376	517
7377	609
7378	3572
7379	544
7380	911
7381	385
7382	3907
7383	1706
7384	671
7385	455
7386	2669
7387	2301
7388	2581
7389	15
7390	3116
7391	2325
7392	2967
7393	1840
7394	1202
7395	3119
7396	3207
7397	1056
7398	2933
7399	1428
7400	716
7401	707
7402	3575
7403	2182
7404	3687
7405	182
7406	3597
7407	3923
7408	2114
7409	1954
7410	533
7411	3461
7412	1761
7413	2619
7414	639
7415	3559
7416	164
7417	543
7418	2954
7419	3615
7420	2448
7421	2548
7422	1889
7423	2536
7424	1449
7425	3685
7426	3821
7427	3113
7428	2883
7429	586
7430	1807
7431	3519
7432	521
7433	3525
7434	630
7435	2536
7436	2669
7437	1323
7438	3234
7439	673
7440	1015
7441	145
7442	1956
7443	2235
7444	529
7445	927
7446	3165
7447	2165
7448	2934
7449	1867
7450	374
7451	2704
7452	1394
7453	3162
7454	3780
7455	2977
7456	576
7457	2472
7458	1869
7459	1684
7460	1249
7461	220
7462	3829
7463	2080
7464	811
7465	664
7466	2449
7467	1462
7468	404
7469	1198
7470	1736
7471	2019
7472	635
7473	3220
7474	728
7475	570
7476	2870
7477	1156
7478	1469
7479	1623
7480	640
7481	2930
7482	1548
7483	1747
7484	3558
7485	1511
7486	185
7487	1724
7488	134
7489	654
7490	1577
7491	455
7492	2987
7493	3433
7494	1064
7495	1010
7496	1956
7497	3269
7498	2999
7499	631
7500	3534
7501	2749
7502	1031
7503	2946
7504	276
7505	3283
7506	2191
7507	3208
7508	3334
7509	2556
7510	1427
7511	1324
7512	1828
7513	746
7514	608
7515	1469
7516	1890
7517	992
7518	2918
7519	3431
7520	3003
7521	2284
7522	600
7523	3057
7524	812
7525	3356
7526	2688
7527	1432
7528	1283
7529	981
7530	179
7531	3364
7532	1015
7533	2793
7534	2100
7535	3551
7536	2217
7537	1600
7538	71
7539	1028
7540	3106
7541	2550
7542	404
7543	127
7544	1093
7545	1231
7546	3534
7547	569
7548	3201
7549	3472
7550	1165
7551	2082
7552	3262
7553	849
7554	2418
7555	411
7556	1131
7557	3001
7558	3571
7559	1863
7560	2733
7561	1944
7562	2744
7563	1726
7564	3086
7565	3687
7566	3483
7567	1332
7568	1314
7569	2509
7570	1611
7571	2778
7572	1054
7573	1383
7574	1156
7575	3902
7576	3794
7577	3216
7578	3165
7579	2406
7580	3106
7581	2033
7582	1889
7583	2165
7584	1411
7585	82
7586	980
7587	3099
7588	158
7589	2042
7590	2729
7591	3102
7592	3825
7593	2231
7594	470
7595	1171
7596	1528
7597	3837
7598	2865
7599	972
7600	3417
7601	1574
7602	890
7603	3941
7604	1223
7605	1755
7606	1838
7607	2324
7608	106
7609	3190
7610	1533
7611	3755
7612	1705
7613	2785
7614	1264
7615	3056
7616	3614
7617	1812
7618	837
7619	1981
7620	3431
7621	3490
7622	1774
7623	3115
7624	3490
7625	1839
7626	2203
7627	2923
7628	2971
7629	483
7630	2449
7631	935
7632	433
7633	179
7634	3102
7635	1319
7636	3072
7637	3786
7638	2056
7639	932
7640	2481
7641	3001
7642	3380
7643	3504
7644	2445
7645	3530
7646	2789
7647	3355
7648	772
7649	1502
7650	1839
7651	3094
7652	2475
7653	3874
7654	2360
7655	630
7656	3405
7657	3686
7658	49
7659	400
7660	3585
7661	3776
7662	1455
7663	2418
7664	1141
7665	3270
7666	1923
7667	2288
7668	2965
7669	744
7670	1914
7671	1540
7672	2056
7673	496
7674	3450
7675	1610
7676	1663
7677	2748
7678	1670
7679	2642
7680	2290
7681	1355
7682	3430
7683	3412
7684	2562
7685	2475
7686	3666
7687	868
7688	421
7689	3208
7690	1612
7691	185
7692	2992
7693	704
7694	191
7695	1086
7696	1381
7697	2785
7698	3899
7699	420
7700	1107
7701	808
7702	2103
7703	3869
7704	1028
7705	134
7706	2603
7707	3664
7708	2930
7709	3965
7710	2766
7711	816
7712	3347
7713	1297
7714	2619
7715	3733
7716	3119
7717	497
7718	1348
7719	2360
7720	1100
7721	1078
7722	3685
7723	3262
7724	3500
7725	3168
7726	1481
7727	1989
7728	2037
7729	3986
7730	184
7731	1547
7732	3253
7733	3558
7734	2967
7735	704
7736	1725
7737	1864
7738	2455
7739	953
7740	3762
7741	1656
7742	3717
7743	2358
7744	1830
7745	2441
7746	1298
7747	2994
7748	869
7749	874
7750	817
7751	1236
7752	1765
7753	3507
7754	1936
7755	3817
7756	651
7757	1864
7758	1254
7759	3168
7760	1873
7761	1736
7762	2944
7763	1428
7764	3393
7765	62
7766	2037
7767	895
7768	3902
7769	1684
7770	3393
7771	1588
7772	849
7773	3056
7774	3927
7775	1618
7776	1515
7777	3528
7778	1581
7779	3979
7780	49
7781	3080
7782	1834
7783	1722
7784	2774
7785	2753
7786	902
7787	2905
7788	2513
7789	2108
7790	220
7791	1196
7792	1632
7793	1544
7794	2944
7795	3204
7796	1401
7797	917
7798	943
7799	1264
7800	837
7801	182
7802	644
7803	135
7804	3378
7805	1812
7806	3136
7807	649
7808	1034
7809	2539
7810	2173
7811	1303
7812	1912
7813	385
7814	1431
7815	290
7816	1479
7817	1195
7818	3183
7819	924
7820	3716
7821	2454
7822	812
7823	643
7824	2696
7825	787
7826	2992
7827	2905
7828	625
7829	3087
7830	3716
7831	3953
7832	3770
7833	2106
7834	2078
7835	1765
7836	2095
7837	1254
7838	1936
7839	1034
7840	3083
7841	1610
7842	2437
7843	1137
7844	3711
7845	2542
7846	1764
7847	3770
7848	1947
7849	2591
7850	2506
7851	3624
7852	3772
7853	1425
7854	3291
7855	1472
7856	2053
7857	656
7858	1425
7859	84
7860	3676
7861	2485
7862	2520
7863	555
7864	3454
7865	2817
7866	3733
7867	2701
7868	2331
7869	421
7870	1795
7871	818
7872	3841
7873	195
7874	1507
7875	2750
7876	1570
7877	1164
7878	3540
7879	2952
7880	2257
7881	1269
7882	1076
7883	2325
7884	3160
7885	1815
7886	782
7887	2012
7888	1285
7889	216
7890	5
7891	2940
7892	187
7893	1546
7894	1990
7895	3702
7896	3717
7897	3454
7898	2751
7899	3702
7900	2290
7901	3335
7902	3820
7903	451
7904	1332
7905	805
7906	2887
7907	782
7908	1472
7909	3450
7910	382
7911	1164
7912	1578
7913	3356
7914	2706
7915	3617
7916	3751
7917	1660
7918	1059
7919	2040
7920	2855
7921	3989
7922	1200
7923	1578
7924	1191
7925	1716
7926	3984
7927	3069
7928	2012
7929	1000
7930	2079
7931	1200
7932	3711
7933	3411
7934	2534
7935	941
7936	1663
7937	536
7938	751
7939	187
7940	540
7941	706
7942	2751
7943	3928
7944	818
7945	169
7946	2895
7947	2053
7948	1228
7949	1443
7950	1074
7951	575
7952	730
7953	3619
7954	363
7955	453
7956	2119
7957	1455
7958	2789
7959	943
7960	3537
7961	1346
7962	2762
7963	3928
7964	169
7965	517
7966	2887
7967	1981
7968	755
7969	1494
7970	755
7971	515
7972	1404
7973	772
7974	84
7975	355
7976	2119
7977	3171
7978	1327
7979	1346
7980	1435
7981	3537
7982	1191
7983	2539
7984	2298
7985	3649
7986	3335
7987	1435
7988	3069
7989	647
7990	3921
7991	3557
7992	1078
7993	912
7994	1372
7995	453
7996	3914
7997	1511
7998	3980
7999	3914
8000	1507
