Students	4000
1	6511 3455 803 7425
2	7081 641 5290 1554
3	5383 2025 845 4442
4	7892 4325 1908 4716
5	3202 5573 7281 5689
6	4746 1252 6822 7696
7	5262 3521 7408 7662
8	2757 6171 6856 1345
9	1632 6962 1095 2222
10	5932 5486 795 503
11	5646 4267 3505 2354
12	2475 4358 7647 5078
13	6926 6083 1473 3138
14	135 3968 3917 4807
15	3179 4435 2600 409
16	3155 2800 4789 1278
17	1947 3075 4614 4346
18	2995 5446 7286 5675
19	7775 4917 401 6229
20	4824 186 3901 5825
21	3676 7362 5093 3876
22	6912 4726 831 5544
23	6540 1478 1918 750
24	2383 1753 7887 6870
25	97 487 5049 5532
26	2386 4550 3311 7679
27	6268 4661 2491 913
28	2619 7763 4117 3320
29	2218 7720 2041 6642
30	3222 5424 7291 3247
31	2156 7979 6716 4389
32	5402 5710 5040 2321
33	7895 1969 4505 4692
34	2776 7459 6491 1275
35	2409 4927 3155 7324
36	1253 3285 2626 16
37	4123 5521 5699 3626
38	6376 6227 2918 6788
39	370 5338 6742 4885
40	7419 5141 3042 3876
41	437 5148 1052 2590
42	7093 6684 5193 6397
43	3860 3618 2799 6398
44	6624 6478 5976 4867
45	85 2109 7817 7909
46	6007 1182 7470 6618
47	1352 5396 4559 2854
48	6642 6485 3006 1749
49	1632 573 7943 7060
50	4127 3597 4356 4217
51	2666 5113 6104 2556
52	853 6672 7426 5774
53	5648 4008 1058 5449
54	7128 1617 3248 1842
55	5810 1083 6630 4708
56	3942 1116 1935 4081
57	3133 3053 4486 4748
58	6045 3211 5473 240
59	7660 562 3937 6706
60	2891 7660 4592 6055
61	4344 4410 7192 3588
62	3100 3312 1661 4329
63	2095 1348 1055 6924
64	1421 7091 7446 2935
65	671 289 6567 7387
66	1807 2748 4734 2419
67	7279 2453 7916 6778
68	2046 3333 249 957
69	2228 3937 2955 4091
70	2505 5455 1941 7847
71	5720 2369 5964 1840
72	3885 3678 5653 2312
73	7802 6775 4834 608
74	6495 1989 5321 6318
75	2780 1465 5632 1789
76	403 99 6297 2190
77	5829 2691 3555 724
78	1919 5388 6020 6237
79	3282 3046 567 985
80	3223 2661 6204 209
81	3052 2992 6539 7273
82	2544 7401 7858 7295
83	3871 1602 529 7436
84	166 2080 6871 2495
85	7501 7582 3847 5352
86	4606 5120 5556 614
87	4794 4778 6860 7946
88	5695 4435 478 701
89	6478 3868 1028 5348
90	876 2048 7024 3715
91	6740 1605 4435 5227
92	3888 3097 4617 4247
93	6180 2937 5147 2578
94	1098 1629 1125 7596
95	417 7511 5991 754
96	2125 2874 4935 4057
97	1627 4537 4899 301
98	1951 5281 6314 3204
99	6496 6650 2756 7138
100	7624 5428 2121 4082
101	3554 390 3720 4906
102	3704 4948 1561 574
103	1605 6082 5272 7812
104	4999 2983 1620 2884
105	2907 7367 6803 36
106	4711 2216 6963 3927
107	11 2325 321 7800
108	6980 5354 2494 1563
109	3630 4058 911 4444
110	2904 23 7455 4001
111	2651 6829 3861 1351
112	4470 7336 3832 4311
113	358 6271 7914 356
114	3440 2982 7021 2896
115	7174 6883 7884 4226
116	4072 5481 1113 3872
117	3714 6987 6938 1125
118	1663 363 6813 721
119	2642 4497 5089 4413
120	7269 7289 2937 2192
121	1834 4304 2045 954
122	528 3760 6588 3315
123	2549 5789 5289 7056
124	3389 1849 4518 6534
125	4796 6896 2343 7473
126	3649 5464 2865 329
127	3820 3411 7450 7372
128	2525 6972 352 7349
129	595 4535 3430 7945
130	7135 5598 7205 952
131	1436 4534 5277 7346
132	566 5816 468 2175
133	5337 5184 5093 1892
134	7350 2014 6035 556
135	6349 6942 2242 1980
136	2486 4073 667 3847
137	292 2208 6149 2916
138	3773 7011 1398 1546
139	341 3742 5966 6880
140	59 725 3149 5309
141	6469 1234 7345 2491
142	2107 4886 2063 5692
143	3485 3248 5869 953
144	2149 3396 1943 3291
145	5374 6176 7224 2520
146	785 6359 4380 1237
147	7857 4548 3975 4017
148	1731 5359 1543 1154
149	596 1986 1860 1432
150	2047 5903 4290 2036
151	5162 7297 2799 7076
152	5801 3196 3151 1162
153	4889 5621 1363 4591
154	2730 2005 3912 6039
155	1939 266 209 3068
156	337 167 6946 6485
157	3402 2801 6077 3821
158	1926 2392 2088 6377
159	5971 3173 7849 4454
160	6305 772 7187 1701
161	6054 7357 797 681
162	2260 317 6337 1599
163	6334 2299 3204 1924
164	277 3654 6515 5269
165	7600 7844 7121 2871
166	5518 1460 7513 5554
167	6661 3075 7662 4203
168	4034 2559 1730 3102
169	2598 2144 3822 4425
170	1106 4650 6412 998
171	4539 3703 2896 5132
172	7291 6792 3804 6096
173	4285 4805 5101 41
174	392 1784 4791 5404
175	4115 3458 5497 5471
176	856 6447 6223 844
177	6548 6520 5076 6567
178	3697 7027 1010 1949
179	5527 7452 7886 7401
180	3855 7309 7208 1530
181	3444 5439 4314 182
182	5970 721 3687 2067
183	3608 3725 2168 1180
184	3869 4622 7623 562
185	1218 6510 2944 2548
186	1647 7109 6926 4821
187	1592 2566 6688 86
188	3021 123 4848 4596
189	335 3759 1108 1093
190	6729 7278 4411 4753
191	2359 5966 1088 5812
192	5048 749 4906 619
193	7065 2394 1558 6558
194	6098 6738 1632 1858
195	5744 1116 5626 4477
196	4380 3428 5121 2739
197	152 3670 3164 1000
198	122 3022 3546 1354
199	2447 1852 6566 7387
200	267 4352 5586 4343
201	4095 5390 108 3366
202	6561 737 4930 893
203	5066 3949 7390 729
204	4979 1151 5733 6272
205	6572 976 3573 1835
206	3818 7457 4722 4867
207	6802 2185 7640 6338
208	1110 6355 268 5681
209	3550 1994 674 50
210	3555 1864 3637 3479
211	342 3061 1143 1693
212	5024 4572 6772 228
213	1585 7052 7438 2419
214	2723 3556 2313 221
215	7479 1104 7437 1305
216	3462 3773 7233 254
217	879 1975 6601 5634
218	7011 7914 3305 5421
219	7973 638 138 3653
220	4358 5094 7804 3616
221	598 6161 3008 1555
222	7777 7443 6172 3516
223	2212 6950 6066 5819
224	4879 5566 7054 1816
225	5989 6025 7396 6634
226	4462 2990 2966 7710
227	4175 741 2883 1978
228	1726 6172 1007 91
229	2835 2439 1344 7022
230	6540 6243 7392 5662
231	3254 7780 5043 3908
232	2740 7644 3241 4126
233	2771 1070 2162 6510
234	7023 4923 914 1874
235	7451 1656 1827 3668
236	815 2400 4332 24
237	1000 529 4519 6482
238	1556 73 1106 4428
239	2488 3547 5245 599
240	1183 5033 4922 4222
241	1921 3231 1562 5016
242	1139 2846 3513 5726
243	7354 897 3585 815
244	3079 5752 2697 5976
245	6236 3875 2345 290
246	4495 204 6311 897
247	832 4927 2397 3328
248	6820 5190 7548 3100
249	7027 448 4310 1471
250	2124 4931 1043 1522
251	7523 863 685 4969
252	7346 2977 1210 5589
253	4360 2666 1633 4208
254	6078 3370 6723 4328
255	1913 2811 92 2261
256	1229 6484 7638 3806
257	1945 6750 197 1922
258	5474 279 2569 4525
259	3003 3159 2857 2404
260	4205 156 2429 3870
261	7373 3446 3984 2025
262	5790 2236 669 1419
263	6035 444 4334 1516
264	6238 1824 7546 2921
265	3463 197 3654 2225
266	7969 6965 5847 1975
267	7851 3560 3842 2302
268	1173 6413 7645 2891
269	4264 372 113 4093
270	1362 4024 4010 5981
271	415 231 3628 1293
272	5979 3451 6269 3469
273	7227 4461 1831 7021
274	6548 2238 2264 6464
275	1016 7648 7742 5828
276	2645 778 6205 4890
277	7084 4133 702 7754
278	6047 5291 2084 1021
279	5710 5185 2581 6910
280	1731 4877 4276 5219
281	6969 6076 5223 628
282	2975 2884 4798 3721
283	2502 7088 6897 4125
284	4626 6212 4856 2782
285	4308 4520 3783 7687
286	1664 6867 6696 1225
287	6823 7049 1052 4747
288	3537 3994 2379 398
289	3005 7339 4819 1833
290	2274 3741 7021 6797
291	3818 576 3291 1211
292	239 2784 5135 2072
293	1474 6660 6658 4152
294	7437 950 6131 7847
295	3986 5057 2824 5094
296	2615 3323 6626 2807
297	4015 2865 7783 6593
298	958 2364 5126 4666
299	4699 7431 5493 1775
300	24 4011 4770 6178
301	1106 900 2343 5142
302	4605 6352 4195 4014
303	4129 3364 1809 3907
304	531 7432 3227 2349
305	2105 3805 3665 6644
306	1027 1860 6990 1218
307	119 5850 5130 7890
308	7008 4342 3134 1160
309	5918 6350 4551 2448
310	816 3904 295 2424
311	4529 7124 5784 3468
312	3173 5505 3522 961
313	5154 1714 1153 9
314	5759 3867 267 4674
315	1580 7817 886 4628
316	6563 1813 6713 7849
317	1298 79 1196 5621
318	6305 24 2547 5458
319	4740 5231 5661 7952
320	7494 7066 2959 5946
321	2439 4078 3338 5423
322	1274 3694 3505 3394
323	676 2670 2036 2575
324	7039 3845 6616 5394
325	1074 7974 439 1847
326	5852 6425 5912 1700
327	2803 7708 6284 5905
328	1038 6863 2128 719
329	3537 1498 5531 4653
330	7883 7619 4309 4103
331	6956 5320 7512 5266
332	7190 4211 4110 2205
333	560 1245 5261 5721
334	2517 4001 3370 2857
335	3739 5763 2760 7620
336	2250 2906 5804 958
337	2519 6527 3595 734
338	5214 4342 4520 511
339	4047 5134 4500 1513
340	6365 7144 190 2303
341	885 2601 561 2937
342	1164 6846 2116 5090
343	4325 2491 2320 5423
344	1569 7660 4039 160
345	7415 168 814 4103
346	7128 6591 436 4349
347	4073 3463 6563 2644
348	5494 6615 1179 7085
349	4606 6063 4798 7877
350	7759 6451 799 6747
351	6144 6236 7713 4871
352	7295 399 3271 600
353	2964 6023 1299 6648
354	2405 6888 6059 6807
355	4350 7838 7304 651
356	2850 4765 4356 487
357	2592 2454 6153 7108
358	452 37 3782 6509
359	4926 6615 6131 2843
360	244 708 7475 5701
361	2649 102 1914 3654
362	5220 3471 3374 2379
363	2363 2816 5552 3245
364	4587 1480 7624 1552
365	4203 2526 3229 786
366	4445 3065 4438 1933
367	162 1186 7659 4553
368	1179 3154 1341 1812
369	2007 4287 2742 3662
370	3396 4369 7659 7115
371	1022 5479 2087 5805
372	6071 7144 7199 4413
373	2738 5758 2275 1965
374	2631 1882 5476 411
375	5006 4785 1268 3456
376	7032 1096 3481 5383
377	5221 7454 81 6232
378	443 5640 3833 3275
379	205 1599 3887 253
380	3982 2529 3334 1674
381	174 6803 6953 5813
382	6023 2537 299 6530
383	4451 5512 331 66
384	7891 7670 1668 3555
385	1002 6247 5965 7609
386	3367 3757 5819 6400
387	2576 6452 7917 818
388	3202 1852 2082 7201
389	7178 3592 4625 4738
390	7961 3752 7394 5834
391	1793 7372 5669 7685
392	785 5914 6114 156
393	3736 1511 2226 6305
394	275 6155 2958 2772
395	5686 6287 439 2715
396	6482 6983 1076 2318
397	6407 3096 1174 5411
398	2100 2039 1750 5004
399	5373 3578 2135 1025
400	4240 61 768 3097
401	3932 2384 1076 4573
402	3752 3933 5440 1299
403	358 458 7861 5727
404	6894 816 3350 1412
405	3085 4743 4363 3703
406	4182 988 3312 4432
407	7601 4509 724 3751
408	5616 3982 4649 5178
409	7933 2040 235 1802
410	4020 6716 771 3793
411	3351 4206 3113 2700
412	3059 7785 7189 938
413	6864 5490 7714 1529
414	1583 4698 6462 3210
415	259 4317 2215 6922
416	5237 2785 7217 2302
417	2920 1090 4572 7805
418	3881 7666 1275 1660
419	306 101 7556 929
420	1162 1552 13 7839
421	4961 6554 2929 5591
422	2649 7373 2532 518
423	6088 2201 6347 2337
424	1283 3576 5765 5093
425	3192 2642 6295 23
426	3439 2652 2617 2995
427	2970 2139 420 469
428	7740 7831 284 7364
429	2586 1800 837 4033
430	5806 7070 3351 5428
431	2658 2328 6523 6794
432	7481 3369 4849 7920
433	5732 7014 7659 4633
434	2606 3585 1371 6082
435	708 4492 7777 5340
436	1263 6389 7453 2296
437	6641 7779 868 5003
438	4459 7608 5821 3103
439	6513 4417 6048 1250
440	3569 6155 5746 7329
441	3044 2102 2212 1555
442	1385 1891 3608 3303
443	2289 2924 7044 7638
444	6484 4189 7934 7590
445	4705 3429 1069 5115
446	7665 4623 5525 1409
447	1602 4979 3894 4887
448	6540 5132 5945 1877
449	1287 1414 6572 1380
450	1939 6160 4518 3451
451	3958 4849 3012 4563
452	3582 3695 1111 4406
453	7303 7431 4643 3825
454	590 7792 7365 1932
455	3993 5202 2002 88
456	2672 6084 4672 1380
457	7675 5742 2731 2186
458	435 5939 7069 4450
459	7789 58 7415 4339
460	4073 6333 1373 1565
461	5448 1216 3019 3707
462	751 7205 5232 3405
463	2860 5510 6111 317
464	334 7920 2436 1560
465	7168 4512 2896 6278
466	4679 1680 3690 481
467	6316 98 6026 1052
468	1515 7105 4186 391
469	7476 5636 3461 641
470	6030 7896 6707 1528
471	5763 6767 119 902
472	7580 367 6620 100
473	4438 4771 856 4818
474	1521 856 4987 3517
475	1448 6300 5280 2387
476	987 366 189 2980
477	7147 3287 1197 7900
478	6482 528 2798 5215
479	197 6136 1978 734
480	2516 6825 7091 2110
481	7123 3844 5886 6378
482	6051 221 7493 3256
483	5665 6477 2437 2274
484	3350 747 1330 3859
485	7046 6486 4091 6150
486	7910 240 6697 1227
487	3433 7601 5115 2860
488	4457 368 5853 2991
489	2356 5638 3174 1382
490	4567 6234 448 5471
491	5494 4268 3269 6442
492	4292 3247 3022 1059
493	5245 2909 1837 7353
494	7236 5641 5580 7224
495	4633 3143 1389 5990
496	1858 914 718 712
497	2578 4609 4788 2468
498	3335 1633 7610 762
499	3267 5137 3282 2875
500	4151 6468 6343 6596
501	5266 6885 3687 4575
502	3639 1970 5433 1218
503	3246 567 1580 6911
504	5028 5539 7020 1491
505	4634 5382 3169 4750
506	3118 6172 93 3707
507	5163 3042 469 1177
508	521 7017 255 4348
509	5306 4341 4714 3707
510	1486 4406 4908 3436
511	3696 5995 1402 1800
512	3631 3956 1355 6880
513	2144 2026 7157 5987
514	7499 3508 4245 6434
515	7524 3742 3591 842
516	7640 1059 3867 3354
517	2762 3408 4603 5082
518	1035 1535 6212 2583
519	2335 5004 1054 6451
520	959 3148 7349 2262
521	7165 987 4547 2655
522	4974 2252 552 2583
523	1462 771 7995 4435
524	2556 5027 4715 6502
525	2021 2683 2969 3005
526	4928 2977 3029 2519
527	2688 2432 2303 3406
528	991 1151 7468 6747
529	5123 3679 7180 5936
530	834 3165 1571 5689
531	7735 4070 6955 7669
532	2080 3488 5086 2639
533	5543 1145 7217 7190
534	4457 3162 5469 1336
535	6979 4830 3091 3987
536	238 2005 4844 4481
537	7038 728 6557 1597
538	6823 4519 899 1960
539	1920 5266 2556 2400
540	2513 4165 4363 2075
541	218 5731 924 2098
542	5618 1274 2055 2843
543	3934 5575 1682 5243
544	4358 3850 7147 1357
545	3019 5874 3995 1794
546	583 1616 5172 1468
547	5851 3618 4096 4520
548	2160 4118 1413 7501
549	7007 560 4754 188
550	2941 1335 6729 461
551	4867 642 6333 5797
552	1564 4187 478 3132
553	5047 5528 7305 763
554	2875 454 1092 7743
555	5350 608 2031 6759
556	6622 7078 4992 4310
557	5866 1826 1907 1065
558	1105 4462 2906 1517
559	4047 7025 6500 4601
560	802 2288 5298 6952
561	7040 3988 6011 6434
562	4580 1554 5491 5774
563	2235 7200 1440 4395
564	4873 7939 195 6324
565	3947 2336 4098 4548
566	330 5268 4545 7952
567	3349 7819 5578 2598
568	2723 2768 2389 2286
569	2196 307 1084 7938
570	3492 5949 2420 4418
571	4607 3746 7033 1864
572	113 4404 2923 928
573	3086 1709 6068 1625
574	5559 4426 6259 5429
575	1181 3963 7162 3290
576	3424 308 4842 1260
577	5615 4820 5229 3032
578	2876 7320 3274 1213
579	7422 552 3683 4289
580	3405 7793 6400 5613
581	6564 6230 623 3338
582	7408 1386 2451 4851
583	5697 624 6853 210
584	2976 5540 78 6401
585	6209 3331 1685 1421
586	7823 6291 1947 1595
587	7343 3101 486 5897
588	2096 998 7698 7916
589	5159 2366 2205 7551
590	2910 3248 7487 4285
591	4290 4257 1584 3305
592	6738 4086 5906 7787
593	3890 945 1563 7988
594	7375 2886 5015 529
595	7873 5930 6365 3362
596	3012 7603 6318 782
597	2471 3925 3002 3640
598	4032 5796 899 3289
599	5364 2303 4482 4218
600	7440 4747 4601 5603
601	38 5570 3722 5937
602	2436 3132 4958 2540
603	2767 3165 5190 6036
604	2444 4154 2777 5316
605	3533 887 1577 3083
606	5977 6682 1612 1650
607	4389 1558 5265 4487
608	58 4860 7023 6102
609	1249 3063 5160 7833
610	3467 3828 4403 4148
611	5733 3713 6441 7101
612	6906 7593 1252 4950
613	2701 5880 4038 3958
614	7266 6770 3212 2524
615	6239 1188 159 6637
616	1468 4803 2764 2977
617	369 44 1953 2553
618	1953 7465 7407 6720
619	2403 7106 7394 7617
620	4679 5837 4233 3016
621	6828 2315 1732 5344
622	5601 3635 6242 7984
623	3807 405 7359 4191
624	6877 3657 325 4131
625	2809 2353 716 2146
626	7662 7303 5765 7714
627	4593 6 6846 1482
628	4138 7523 3220 7721
629	1716 6181 1476 3636
630	5512 5218 7525 2977
631	4906 4799 13 6576
632	7037 4027 1323 3860
633	6133 5176 4597 592
634	3678 2606 4356 6341
635	2845 1365 2365 5298
636	6852 6905 1446 4535
637	1849 5493 319 6755
638	1779 3638 6525 3682
639	7448 3325 741 6947
640	6248 6017 737 441
641	938 6821 1804 471
642	7218 28 1513 3627
643	5244 239 7072 1137
644	7478 3909 639 7979
645	3414 5395 4828 6273
646	6645 1162 732 6278
647	6903 7947 5685 903
648	5127 2363 1174 7124
649	5009 2147 659 7544
650	233 5166 428 885
651	6520 6262 1958 4224
652	425 3340 3802 4819
653	4591 6922 2917 7444
654	4798 4326 6087 116
655	47 7936 6084 4126
656	173 2721 5175 4534
657	6757 7656 3190 5227
658	5781 255 7589 586
659	3433 772 3732 3516
660	5303 5253 6034 674
661	1137 3420 4193 1134
662	145 6218 2429 1299
663	4978 2830 7393 909
664	4105 3110 5550 6471
665	5937 2241 1245 985
666	2193 31 6247 5650
667	4438 596 4190 3192
668	3157 6471 1382 6022
669	1245 6612 849 1666
670	6363 915 7981 6668
671	5428 6045 1922 3603
672	2982 517 1740 3131
673	3649 3580 7151 4623
674	7011 5745 4910 5125
675	5628 6492 1135 1052
676	3474 1268 1721 5614
677	7680 2336 5074 2565
678	1229 2071 6862 194
679	7346 7142 3007 2968
680	6108 649 6218 1716
681	1621 4201 2886 6488
682	6714 5334 4882 6291
683	960 245 4806 3813
684	5983 1202 7665 3300
685	3209 7926 7004 6213
686	735 5674 5633 7776
687	3766 755 723 5422
688	715 6848 4913 466
689	6769 3195 3801 7573
690	218 7748 2814 5153
691	6768 2418 7856 3324
692	5222 6106 7511 2252
693	7297 3258 1201 3409
694	984 4947 6872 4442
695	3952 6170 3114 1208
696	7426 2165 3673 4082
697	5042 1582 857 1535
698	168 3436 300 3356
699	547 2768 2850 5676
700	1900 2238 216 4601
701	96 3443 5660 2832
702	7862 5409 7785 5967
703	2836 1563 6964 3458
704	505 578 4751 4571
705	4548 5343 1406 610
706	3996 6980 503 3493
707	2027 7303 3302 5225
708	1030 7583 6400 2475
709	5709 5187 5354 2417
710	6500 4096 3839 4881
711	6722 894 6093 2170
712	883 3380 5332 3484
713	7961 98 4496 5437
714	2777 1900 3803 2828
715	4522 6010 236 3515
716	849 313 7387 4448
717	2739 2799 301 2633
718	2511 933 1439 2901
719	7281 5460 1193 5084
720	1965 716 6082 7568
721	6205 5450 2709 2797
722	7853 7597 6491 5421
723	565 1231 2287 5118
724	517 6406 269 5393
725	2114 5861 2175 1665
726	3006 6265 3626 7751
727	3825 2095 7182 1473
728	4223 6276 1733 1821
729	5429 4976 6529 3243
730	3245 469 6479 660
731	1825 4698 3321 2369
732	6598 6415 5010 7737
733	200 6547 7436 509
734	5401 545 4809 6406
735	5862 4038 6105 4833
736	2565 1147 5700 7956
737	3251 3883 7246 2648
738	3845 5171 4050 204
739	1295 7224 1601 1010
740	2320 1401 3574 2130
741	3191 4607 6998 5967
742	5995 2176 6530 6729
743	3930 2449 1551 2480
744	2490 6820 727 265
745	6295 2309 2384 7656
746	7388 41 1642 1320
747	1776 5048 2471 2748
748	3622 2013 7090 7516
749	6779 6002 4426 3548
750	337 7508 2258 7521
751	719 586 2612 62
752	5019 3354 3562 2901
753	5000 296 7669 1035
754	4209 672 6652 642
755	2632 6841 579 4709
756	5974 737 7045 6610
757	7112 7194 6664 286
758	3366 6999 7220 4973
759	2463 6634 5370 4960
760	4413 694 7672 4550
761	5715 6404 3517 2945
762	774 5648 1283 6323
763	4828 1363 1632 3801
764	1989 3285 6506 4783
765	7021 1096 7296 5446
766	5342 1522 1250 7530
767	6629 5195 7911 616
768	2666 3149 7979 6525
769	4074 5989 4066 104
770	4998 437 3415 4604
771	6254 1780 7674 1989
772	1802 3155 7380 350
773	5546 680 6339 1154
774	3549 6835 4687 7156
775	5867 7430 6880 3752
776	4786 7021 7634 258
777	7655 5136 4727 2865
778	1346 7430 6512 4777
779	7325 2636 1904 470
780	4243 7340 5699 6270
781	6723 4231 6562 2921
782	1789 2204 3290 7007
783	4263 7859 3556 497
784	6851 3396 2818 6197
785	7913 2251 4279 2193
786	7708 2152 2553 6569
787	6864 5479 1022 2757
788	2788 5193 6941 7245
789	3670 2270 6342 6080
790	5645 3186 6190 5510
791	1856 3819 7466 5429
792	4853 6089 5578 2113
793	1404 3301 1482 6562
794	2063 3612 4003 5917
795	264 5149 3106 6666
796	6285 4451 1376 233
797	5943 6126 1048 6129
798	1536 6564 873 4851
799	7445 1575 1527 7518
800	4314 4740 4691 816
801	282 4720 2230 2740
802	2918 6826 4812 3164
803	7940 4716 3019 5215
804	6470 2414 7449 2359
805	2176 6163 4957 971
806	3551 3438 1196 7862
807	3676 5089 721 6967
808	2692 7078 4563 1266
809	4081 3963 1234 4496
810	3530 1483 4442 1647
811	2049 7080 7351 424
812	256 278 3196 6241
813	6006 7672 1705 3077
814	4057 479 429 7324
815	4409 7445 301 2976
816	4564 6331 2154 1107
817	779 1726 6233 1202
818	3915 771 2927 704
819	7500 3217 4887 2024
820	6814 629 5680 6714
821	5276 4405 3260 1538
822	99 5330 1332 3671
823	363 4933 1525 399
824	1593 5792 1939 2588
825	1140 7810 4742 2349
826	628 4368 2969 3076
827	5247 1099 614 7072
828	3421 92 6472 6967
829	2516 5782 5436 6037
830	3574 4172 7265 7096
831	5054 5781 6924 7314
832	1271 553 900 7907
833	6341 6651 5322 5965
834	2334 3573 7058 728
835	1855 3249 5247 4469
836	104 5130 7157 80
837	6713 1739 3934 716
838	7188 7438 2325 4074
839	4998 5554 5106 3491
840	4448 378 3543 7953
841	878 6503 5393 6941
842	3153 610 5626 7062
843	5353 972 301 392
844	1051 3009 6866 1975
845	4358 5244 2913 3960
846	6193 7689 4516 4278
847	2208 5201 5078 3781
848	7641 1750 6957 454
849	6755 275 1568 1262
850	5789 6073 237 3545
851	7368 5228 2685 4622
852	819 3910 1850 3763
853	1770 460 4094 6076
854	7912 5646 3951 3917
855	967 3763 4117 4395
856	2126 1057 7892 1534
857	2949 2028 6522 6146
858	2442 2542 1801 4745
859	7540 6165 825 5787
860	3306 6208 1078 7508
861	6710 571 4397 4889
862	1034 4373 6084 5464
863	6881 1735 5155 101
864	5804 4951 3881 6676
865	2165 3128 4396 4085
866	5500 6342 7819 5764
867	4214 1316 6327 3507
868	3520 893 5869 5391
869	1272 3263 6103 7238
870	701 7626 7977 1801
871	2218 3083 7706 4320
872	3861 1849 381 1088
873	863 4049 728 6801
874	4010 7467 2672 90
875	3422 440 1166 5443
876	117 3164 5550 2280
877	6051 7855 3558 378
878	5366 2344 7589 768
879	5523 3923 323 4134
880	2194 2599 3953 7481
881	6576 5844 2914 3097
882	1935 7656 921 7841
883	2136 3027 407 1262
884	2730 3161 1158 5710
885	7600 2097 6396 1289
886	5444 1312 2108 6115
887	3520 3848 6581 6195
888	5633 2300 5474 7246
889	2499 5258 7202 2626
890	6184 631 1656 6427
891	5810 460 2454 5494
892	6070 7871 5156 3265
893	1165 2615 7300 3897
894	7735 5970 3308 6866
895	7286 3920 4599 1544
896	4933 3276 5372 3044
897	5368 5511 4223 3552
898	435 2479 1868 7613
899	4202 6825 6838 5307
900	6818 2177 5194 3368
901	697 1015 2296 4191
902	7631 5380 1935 3081
903	4719 3309 4086 5332
904	553 7209 4904 2800
905	4613 6727 7042 134
906	4730 204 852 4987
907	5470 2391 7529 1184
908	3290 1071 7897 7481
909	4152 3650 3574 3255
910	1104 7352 5129 33
911	5276 6596 4922 7456
912	3214 4428 7454 1100
913	2799 4024 1747 2203
914	853 6428 7643 3839
915	4563 1728 5782 505
916	5884 5017 6679 5705
917	6072 1028 841 200
918	480 1722 6875 6787
919	4998 5729 1269 6089
920	7241 4354 1868 1998
921	1343 5259 573 6548
922	7493 252 7484 1441
923	1879 2502 6516 36
924	6319 6477 5598 7787
925	5437 6893 3206 3009
926	1982 3791 7487 3184
927	3815 4636 3216 127
928	4683 7098 3822 7229
929	7515 433 1546 4218
930	5182 6263 3326 1739
931	4214 2908 2220 1327
932	5637 3591 7236 1541
933	4813 2952 5597 5280
934	5071 5920 6119 7232
935	7131 2492 7951 536
936	4215 220 7217 5826
937	2720 6742 2670 3712
938	3023 3716 353 4443
939	3986 3769 4395 7010
940	1004 1005 606 2665
941	4772 1260 3710 4881
942	7554 1273 2315 6909
943	7696 3645 4468 607
944	2822 643 1607 1146
945	4058 1298 2638 2095
946	3190 5853 1545 4533
947	4748 7291 6523 2014
948	7281 1873 1104 7970
949	5593 4264 5483 4512
950	4481 3730 2579 360
951	7747 2199 7800 5118
952	2267 1721 3659 7301
953	7172 1495 78 4006
954	3214 1389 2273 6164
955	969 472 2571 3672
956	5379 2996 2479 14
957	4250 2501 3113 6169
958	2820 3941 3989 4516
959	5444 1248 6792 2403
960	2333 5468 2640 2993
961	6371 1040 3324 4578
962	51 2156 3918 6980
963	4114 7164 1022 745
964	5397 5128 4837 7142
965	6677 5951 5590 3515
966	7915 1550 6831 4102
967	5581 6772 5397 3322
968	6853 7934 7946 6759
969	36 5629 6729 4263
970	7931 893 2527 4835
971	6990 4801 6443 1353
972	4543 2442 2685 6934
973	3312 1053 7774 162
974	1724 5570 4271 5069
975	2573 188 1506 7144
976	6519 5749 2648 5622
977	1310 4292 1501 3565
978	5983 3200 4498 6917
979	2379 5771 4578 1800
980	3828 3136 994 5057
981	7930 5365 3999 1854
982	4838 6905 1059 4415
983	3736 5555 3310 2334
984	6470 3817 7079 5145
985	2063 386 1068 5677
986	3649 1650 1301 5284
987	3956 3456 2977 319
988	7551 5217 7300 5522
989	3750 7892 2206 2557
990	2284 7049 1256 427
991	839 7435 7194 6243
992	6667 4164 449 4893
993	6148 2249 4987 7027
994	3875 51 3221 2799
995	1481 2917 3153 3719
996	1558 3420 3837 4352
997	826 7067 2608 458
998	1108 2916 1005 7319
999	5940 3415 5161 3711
1000	3042 3945 492 7302
1001	7927 1504 1369 3725
1002	4081 3868 140 5476
1003	6276 4247 4273 6932
1004	2288 7300 7697 2654
1005	720 6384 892 7869
1006	7734 3853 6317 6282
1007	3504 3280 1785 4566
1008	5434 6611 1147 7954
1009	86 7025 3843 1922
1010	6920 4798 5347 1234
1011	6987 6570 2380 5474
1012	4597 2472 7026 3092
1013	455 3689 3943 3034
1014	1113 4782 7909 4938
1015	6803 2845 4700 41
1016	4302 2226 4259 3257
1017	6732 2558 7054 4073
1018	4811 3509 2384 1051
1019	7619 4700 5140 4812
1020	360 3005 1246 1778
1021	7748 2135 6109 3847
1022	1647 7521 5050 1200
1023	6593 441 617 6088
1024	2224 944 5330 3534
1025	1760 7996 686 7106
1026	6253 2524 6912 2529
1027	7857 6460 2132 6628
1028	7863 6980 5314 3557
1029	7529 6778 1987 3477
1030	7897 6251 2459 7539
1031	78 4063 872 5607
1032	2173 3638 1281 7514
1033	4520 315 6019 496
1034	3929 5271 7622 7865
1035	1669 2652 6659 4
1036	3969 3201 6008 704
1037	3737 2844 7748 3889
1038	5072 5135 220 3658
1039	149 1165 509 1567
1040	4576 1693 261 6234
1041	4746 2160 3017 250
1042	579 1283 6167 4224
1043	6192 5685 5095 1500
1044	3066 1057 2244 7031
1045	4395 7647 6993 7288
1046	1298 104 4733 5570
1047	4912 7119 6888 1052
1048	1155 1947 5482 4343
1049	780 6090 7949 2790
1050	665 5560 130 6526
1051	4889 859 1761 4143
1052	6802 7547 5430 7390
1053	1975 157 1134 1454
1054	7669 791 703 7085
1055	3490 4327 5832 6198
1056	1545 795 1078 6814
1057	3070 2482 1538 6753
1058	3808 4081 1024 6631
1059	1001 6308 3336 7328
1060	4591 3460 3842 2592
1061	1036 4234 312 6989
1062	6079 625 146 5700
1063	6111 7989 5298 43
1064	703 7441 9 7064
1065	6954 3089 7642 2685
1066	4017 1474 3320 936
1067	1271 5594 2794 3615
1068	4911 2710 7040 1730
1069	1145 1513 6844 6475
1070	4837 3080 4439 4899
1071	6472 6531 582 3284
1072	3084 316 5985 4480
1073	2719 252 6470 6654
1074	6687 6847 4506 4376
1075	5954 4961 6876 6438
1076	5378 6827 6312 5903
1077	3084 5946 3204 7532
1078	2060 4081 3394 4857
1079	394 4682 1058 5936
1080	3613 4648 5425 7344
1081	2947 1769 6326 5760
1082	3388 1769 184 6830
1083	1101 3247 7093 2722
1084	1597 2601 7145 3350
1085	2330 8000 4531 3780
1086	4851 6565 7368 1549
1087	743 5216 2443 1899
1088	1428 7182 1450 1177
1089	3141 1429 5880 3552
1090	4432 6412 6188 3936
1091	5138 6447 2256 2401
1092	6807 6894 1735 3996
1093	5826 513 3668 5717
1094	4253 7198 4400 6268
1095	4651 5340 4601 2436
1096	2406 71 5901 6478
1097	7632 1184 2982 1357
1098	5218 7845 7742 2311
1099	5712 2933 4548 4847
1100	6292 2593 5522 5390
1101	4022 2205 4741 1496
1102	5992 7253 6383 1550
1103	5001 3752 6865 549
1104	6475 5904 1398 5876
1105	4762 999 5994 7512
1106	2363 2488 7644 3178
1107	6822 7338 1111 6202
1108	2583 1729 1761 6066
1109	6211 2843 5255 3607
1110	993 3637 4261 5499
1111	2203 6340 909 2267
1112	7705 7910 5417 684
1113	7360 339 3663 6497
1114	7613 4719 1483 396
1115	6242 1086 3181 3618
1116	3440 7751 6117 6295
1117	7131 2066 2736 1471
1118	7682 4077 4269 526
1119	4252 2547 5130 840
1120	3173 5302 411 863
1121	2486 7324 1521 3985
1122	7535 1640 3890 4900
1123	3208 5583 2740 402
1124	4613 954 7303 257
1125	860 1866 5893 7938
1126	6070 6469 5190 2491
1127	3058 4393 581 1833
1128	6624 5788 5953 389
1129	6467 3539 815 7790
1130	986 1998 1813 3547
1131	398 4066 709 70
1132	3384 7061 3737 3606
1133	5989 4723 6314 3685
1134	7615 2369 654 2247
1135	3069 144 4422 7137
1136	6898 7235 918 6028
1137	5207 4493 3973 4722
1138	6372 7264 6833 366
1139	4190 4103 6672 1303
1140	6894 4971 4237 453
1141	2072 5395 2702 7535
1142	865 656 2464 7601
1143	2167 2650 4907 1879
1144	3148 4483 3686 3519
1145	7782 3745 2596 1352
1146	2681 4863 2501 217
1147	3203 4757 6121 5813
1148	7246 5652 4748 5747
1149	5363 4370 1627 4664
1150	890 3338 951 5669
1151	848 4326 1901 4235
1152	837 1326 2392 1156
1153	1316 4675 7985 4682
1154	299 3567 6715 2852
1155	1115 396 3244 3112
1156	7394 2194 1095 7067
1157	7832 6968 6822 729
1158	6481 1523 2367 1644
1159	3686 2800 4932 6161
1160	4516 7645 3186 2788
1161	3135 7922 198 2719
1162	5611 3040 5123 3386
1163	3764 1171 7241 191
1164	5810 3025 1771 5816
1165	7460 4105 1003 5893
1166	5145 3544 3303 1971
1167	1070 5213 770 1017
1168	3377 1691 546 2213
1169	6209 6469 7637 4955
1170	3375 5539 7557 3176
1171	4537 2138 6166 4104
1172	7934 270 4758 1826
1173	5819 2708 4226 765
1174	5874 3238 2139 1924
1175	7232 7173 6534 6107
1176	1603 5533 1608 2988
1177	5865 392 1167 2759
1178	889 1776 7505 3100
1179	4026 1048 4305 1452
1180	4405 5280 6374 5370
1181	932 5787 4767 234
1182	7691 4381 3529 5596
1183	6551 6370 4345 4120
1184	1480 5659 4531 3638
1185	7793 3257 6769 5668
1186	1926 6931 604 7245
1187	3979 4784 7089 2787
1188	72 3308 6155 568
1189	3414 2168 6543 3222
1190	3989 1286 3916 2283
1191	4139 6842 1488 7481
1192	7306 2734 6893 276
1193	5326 4184 721 5589
1194	2462 6821 2174 1008
1195	3525 4460 5528 3907
1196	1789 7342 3769 219
1197	7891 1878 5059 335
1198	2639 7546 2072 7291
1199	707 1903 4128 1601
1200	6070 2508 124 2628
1201	1998 1554 7309 904
1202	4177 2232 3773 3591
1203	1685 3172 4184 4067
1204	986 7104 7957 4022
1205	3708 1187 7882 3424
1206	1890 946 6681 3133
1207	7718 3723 4539 3046
1208	923 7893 1958 3464
1209	3396 387 3074 4487
1210	1742 3400 797 6908
1211	2156 4409 674 5095
1212	3030 1187 5508 214
1213	4910 1305 7657 5049
1214	6041 4520 4940 1144
1215	2810 3564 1877 4599
1216	5416 183 2930 1433
1217	6280 1362 7587 7616
1218	3886 2648 7097 4907
1219	385 5120 702 3409
1220	3355 4370 6270 6605
1221	7510 4739 7644 7854
1222	4897 3770 205 3496
1223	5514 2677 4473 3233
1224	2537 1439 6894 1310
1225	4989 1504 4754 7805
1226	4242 1189 4634 5278
1227	4921 5431 627 2949
1228	2389 2069 178 3032
1229	6035 1304 7795 7843
1230	1015 43 2654 5623
1231	5243 5850 1672 2997
1232	512 6026 1576 3640
1233	3131 2520 2658 535
1234	1978 6073 168 3592
1235	1047 7030 5553 5005
1236	7245 7959 6334 7205
1237	1354 3787 3352 7568
1238	714 4057 994 3046
1239	1566 5614 5186 4798
1240	5401 1311 7160 3802
1241	2552 6797 3924 2888
1242	4205 1297 973 3820
1243	4693 4197 6963 2960
1244	206 4746 2096 1970
1245	3789 1275 7986 7217
1246	4883 5591 7191 6616
1247	761 1107 3992 3093
1248	2464 1507 6902 4464
1249	5587 5052 2623 1095
1250	6173 1070 1587 1285
1251	2636 3493 3871 1934
1252	5987 4093 217 5974
1253	3506 2131 1463 1612
1254	3562 3328 2235 6147
1255	4658 7592 4754 1490
1256	6318 2686 3780 5455
1257	2587 7644 3701 1982
1258	1238 5236 1586 3997
1259	6971 4113 7517 3338
1260	5777 5708 6003 3733
1261	185 2632 5840 3114
1262	2304 2853 2934 6471
1263	3748 4630 1780 3255
1264	7868 6940 7164 7037
1265	4736 3528 4946 335
1266	623 4846 2404 409
1267	3874 6884 1585 6330
1268	6065 3586 2509 3115
1269	7975 5262 6194 6431
1270	4318 2809 5740 3889
1271	2587 2916 505 4718
1272	6024 7703 1536 6591
1273	6145 2889 1479 2152
1274	2947 1900 3166 5574
1275	638 7926 5957 6181
1276	2243 3403 7762 220
1277	7729 2657 7884 3337
1278	401 5207 3610 3033
1279	1474 1764 2514 3593
1280	197 4221 5222 697
1281	7226 7406 780 3822
1282	5546 7229 7568 5705
1283	6996 4968 7993 1544
1284	996 7074 18 7672
1285	2518 3214 2339 3288
1286	2640 5899 7892 6132
1287	2412 1248 4088 2206
1288	3575 1192 7167 4634
1289	7345 194 4246 3194
1290	5568 4545 5778 5153
1291	2721 4320 5350 6633
1292	1467 461 3051 6316
1293	4430 6349 5384 7960
1294	5903 1197 7244 2685
1295	3353 1007 4282 1619
1296	1182 5547 1739 5277
1297	2769 7388 7280 6561
1298	2853 4644 7371 3773
1299	7509 500 4327 306
1300	3212 4241 7468 319
1301	4647 3415 4090 7675
1302	1105 6655 3589 3541
1303	717 5699 2543 6669
1304	721 400 5560 3400
1305	1875 3390 5907 3550
1306	597 1761 1299 4717
1307	1145 4521 1738 53
1308	4923 7926 4061 3681
1309	2807 276 164 3747
1310	4267 4007 1096 3384
1311	4202 1112 5846 5911
1312	4193 4146 4375 5394
1313	5656 7771 5930 1911
1314	7788 4089 6889 613
1315	1948 4829 2326 894
1316	5946 7044 5188 2149
1317	3642 1536 1860 4728
1318	1339 4261 193 3627
1319	3865 936 1373 2466
1320	300 2717 1947 380
1321	5502 1827 6605 6223
1322	7431 6449 3870 6167
1323	3496 899 3701 7179
1324	6572 3476 2187 6539
1325	900 427 430 561
1326	4821 6944 612 3705
1327	5496 187 2715 3778
1328	5627 7000 6984 6738
1329	2259 4798 2859 496
1330	6554 5115 1435 5161
1331	5635 1494 809 1295
1332	3112 4943 6815 1463
1333	551 2348 7099 6640
1334	2152 3512 1470 4785
1335	2260 7285 5612 6272
1336	6611 7402 2102 34
1337	2579 1730 2035 2689
1338	3991 2800 2335 7860
1339	7772 7566 5935 5286
1340	5751 3657 4728 1464
1341	7272 6066 2582 5779
1342	7890 4907 2368 5874
1343	6631 6796 1217 2924
1344	6285 5578 2808 6361
1345	4540 7011 3165 3123
1346	7950 7797 1998 6830
1347	438 7831 239 7368
1348	3188 2123 984 2556
1349	2207 2568 3117 79
1350	7668 1282 1539 4336
1351	2602 825 2898 1736
1352	3803 7311 2533 5080
1353	555 3546 6775 6812
1354	3361 7271 2689 3150
1355	7147 6982 4816 5358
1356	6052 2101 1579 1173
1357	4021 3577 7044 710
1358	5932 1868 3013 4814
1359	6176 5064 2566 3113
1360	6757 4555 7672 4969
1361	1560 1601 3230 7692
1362	1004 6716 6692 3048
1363	4526 2573 3298 3010
1364	5101 722 7023 4515
1365	1225 7714 1904 7595
1366	5461 7009 4818 561
1367	6144 3499 4541 4152
1368	256 6623 6681 1780
1369	6481 5297 7596 2760
1370	4421 3560 525 4925
1371	4727 2552 7975 3249
1372	206 5760 5929 4314
1373	7787 4324 4078 7003
1374	2670 4347 4217 3176
1375	5135 1775 4937 1831
1376	4807 4544 5181 5204
1377	986 2761 1045 2115
1378	2604 2932 6197 4799
1379	128 7451 1457 2320
1380	108 2061 4653 5996
1381	6021 2955 6950 7042
1382	2687 1165 7966 4745
1383	4954 7210 594 7114
1384	2962 566 3112 3232
1385	5517 7933 6787 6914
1386	474 7582 3476 147
1387	6306 1233 5864 4843
1388	4966 1129 953 5254
1389	4760 4495 1606 3067
1390	2224 889 3615 4387
1391	4201 3474 7529 1951
1392	2754 2822 5911 3939
1393	600 6034 530 7224
1394	3131 1961 7210 4159
1395	7294 2795 3544 7764
1396	7678 1866 1680 4023
1397	811 5964 2065 4987
1398	214 7739 7830 7212
1399	4168 3921 4924 3191
1400	1910 5145 1716 6658
1401	5442 6682 3478 3788
1402	5888 6450 7663 2393
1403	7125 6130 1330 5225
1404	1989 2473 509 5869
1405	7687 2960 7032 2481
1406	244 7543 3754 7680
1407	3018 3572 644 5398
1408	852 4051 4612 2568
1409	1805 671 1852 1692
1410	2091 5754 1888 7838
1411	7647 5137 2318 2334
1412	1377 3498 7690 2773
1413	3625 1767 6199 123
1414	758 706 3391 1367
1415	6250 1763 6283 6579
1416	4469 866 7898 691
1417	3161 402 953 3940
1418	4718 3446 137 2389
1419	4630 3100 1185 1841
1420	721 6053 7836 5332
1421	2880 5115 3059 6409
1422	1047 3332 7034 5141
1423	1437 3442 5749 811
1424	679 1014 3395 3289
1425	1134 7976 1745 939
1426	5753 6670 3290 718
1427	6144 2812 7035 7720
1428	4750 1176 1745 362
1429	6309 7598 2265 4689
1430	3016 4509 7709 1736
1431	5251 3130 1374 5777
1432	7769 6465 6775 6670
1433	1212 2933 7977 7885
1434	5350 1001 3328 557
1435	5230 5357 1773 1662
1436	7276 2354 245 7905
1437	3224 4743 5512 6015
1438	4741 3738 4660 4743
1439	2771 3526 5554 1211
1440	2515 5333 4933 7399
1441	7756 1661 3833 2055
1442	2774 7457 2827 7389
1443	6836 5558 6020 467
1444	5203 5206 6078 1642
1445	4539 3747 3956 3879
1446	5795 4534 5866 7999
1447	7064 784 5927 6242
1448	5085 2634 5375 1920
1449	2274 448 2114 4011
1450	1124 1671 1490 1544
1451	1054 4067 544 6349
1452	3322 6312 3814 722
1453	7186 7857 3157 2876
1454	4366 171 7581 7386
1455	3058 4433 4076 3658
1456	4725 200 7654 7579
1457	6988 6198 6950 2706
1458	5837 3222 1705 3695
1459	6621 121 3239 6142
1460	5886 5209 1791 982
1461	5823 2416 4565 5257
1462	6149 3588 2916 3036
1463	3686 7958 3767 3057
1464	2220 1748 4825 5051
1465	5677 6804 7047 494
1466	4973 3113 5142 2771
1467	4711 953 1622 7417
1468	6963 1538 2091 5586
1469	7819 2557 3523 7398
1470	1024 5451 7440 1939
1471	6317 2041 713 6923
1472	5145 7104 2937 6185
1473	5799 5169 3458 6053
1474	7283 5416 4372 6267
1475	7005 3854 869 3499
1476	7577 7345 6546 7062
1477	7515 6564 7811 2171
1478	7510 372 1825 963
1479	5469 2452 1881 3594
1480	3887 7589 6554 3240
1481	5904 894 3897 3208
1482	6054 3062 5520 965
1483	6043 2898 7377 7399
1484	7622 6545 6777 4752
1485	3776 2879 720 7226
1486	5010 5281 3514 2275
1487	1801 601 6313 7147
1488	4461 2553 6307 3538
1489	317 3617 3569 3665
1490	743 3801 5959 4062
1491	3858 319 7864 6643
1492	565 1538 2262 5660
1493	816 2767 4652 3170
1494	5822 1960 7420 1171
1495	3386 741 7495 4181
1496	2093 1075 4481 1521
1497	1108 2002 4546 3645
1498	381 6306 3016 701
1499	2889 2544 3993 3012
1500	6923 6978 2433 4718
1501	4311 6646 1259 1664
1502	6948 7726 7665 6312
1503	7264 3835 5245 3508
1504	3596 4807 2629 4211
1505	1342 4399 5665 431
1506	4771 2437 5731 3908
1507	3175 4887 2532 5190
1508	6529 2707 812 4442
1509	786 4061 108 7414
1510	1671 6276 335 365
1511	5282 6071 7139 759
1512	6520 7987 3218 2078
1513	3612 3148 6957 821
1514	7456 1666 5627 941
1515	1837 894 5042 2315
1516	5573 1836 5169 6014
1517	4292 3323 3877 6082
1518	6921 6688 3283 5051
1519	2209 41 7467 5882
1520	3088 2598 5306 1318
1521	5848 2540 617 1479
1522	476 1650 6529 6037
1523	6831 4344 1100 2436
1524	2427 5990 7717 7751
1525	6353 6800 2085 6090
1526	6420 2571 952 6603
1527	2136 6566 3719 1556
1528	4909 693 6257 1530
1529	4418 2443 492 1200
1530	904 4969 5399 7573
1531	4988 7914 1049 3880
1532	249 3703 3339 6993
1533	1206 7865 5352 2337
1534	5606 3383 2231 1619
1535	7154 5192 6601 4509
1536	4476 5863 5474 2806
1537	2495 5577 2109 1083
1538	7158 6012 216 5626
1539	337 2489 286 7519
1540	6373 7972 3841 1393
1541	2316 5504 4189 1825
1542	2343 5895 7349 7337
1543	317 7325 7587 1741
1544	5444 1878 6174 6222
1545	3719 4443 5234 4600
1546	1106 26 4874 7948
1547	6707 5137 7069 1953
1548	6474 970 4240 1615
1549	6170 571 324 3183
1550	5406 5818 7789 302
1551	4884 4038 3999 5656
1552	5684 2466 3193 3740
1553	3133 7918 6955 5583
1554	7937 2317 3122 4337
1555	6605 3736 1871 5585
1556	5523 5908 1086 3433
1557	3358 1712 2552 6103
1558	754 5580 7246 3449
1559	7843 524 5614 96
1560	1131 6266 817 1513
1561	3403 7496 1307 109
1562	1830 1610 5531 3423
1563	385 6259 251 1618
1564	3508 2064 2805 3243
1565	932 4933 7120 6683
1566	5581 6267 3603 5588
1567	7713 5210 2813 5285
1568	6400 4925 649 596
1569	4315 7192 5419 2297
1570	5388 3560 5491 7855
1571	5695 6714 7267 1946
1572	5957 6954 4087 4978
1573	4049 6834 6647 6675
1574	6144 3713 7950 5293
1575	6636 1522 4253 1676
1576	187 353 3505 3067
1577	1561 1098 4197 4003
1578	2865 430 6238 3897
1579	3198 7744 3412 3961
1580	1224 1675 296 6427
1581	888 7491 7568 632
1582	7384 750 626 7205
1583	6739 2317 4071 4710
1584	7460 3140 5344 7547
1585	6799 6597 1537 2434
1586	7171 6910 2922 1428
1587	585 7875 6088 4253
1588	4564 7392 5912 966
1589	2859 7001 4114 975
1590	6312 7612 4298 6732
1591	6784 6957 2621 6473
1592	2416 125 7223 6138
1593	4997 5238 6071 3654
1594	4655 6108 3691 351
1595	2861 5429 2607 1234
1596	4992 4984 1006 6692
1597	83 7680 822 958
1598	5192 2502 6067 7162
1599	3102 1052 4741 4267
1600	4233 7121 3293 2752
1601	5060 3256 3438 6009
1602	5671 1687 5821 7405
1603	4918 7088 6722 6653
1604	2919 5853 1749 6960
1605	4161 1917 7575 7537
1606	4495 305 4606 1178
1607	6797 2851 7556 81
1608	1595 2794 6816 864
1609	3735 7758 7098 7449
1610	4928 4159 2863 3386
1611	2387 5117 2696 6022
1612	6567 5883 2947 6333
1613	6221 5686 3179 4149
1614	3639 1461 2334 783
1615	1244 292 5803 6975
1616	6002 3709 6221 4650
1617	2798 2564 7662 759
1618	7620 3341 2839 774
1619	767 7243 4897 7955
1620	7172 2551 4610 5932
1621	6242 5713 7459 7402
1622	5506 1003 2611 7629
1623	3861 6710 2697 2362
1624	5858 4517 7186 5553
1625	3524 7698 770 701
1626	5332 2961 5448 3765
1627	2846 3187 4921 2401
1628	964 7209 6551 6199
1629	5672 297 1902 5659
1630	4748 5735 7979 7752
1631	4164 7197 6322 203
1632	1347 3310 4756 6240
1633	6440 2545 1482 3054
1634	1739 1426 6323 2707
1635	2391 7855 2256 7796
1636	5928 504 7018 1056
1637	7309 1793 6818 7539
1638	3865 7581 7419 2713
1639	6103 7626 7553 6105
1640	4079 4126 1487 5974
1641	4350 4652 1220 7566
1642	4069 2740 306 6948
1643	4125 1189 2469 3109
1644	5347 2968 1359 7483
1645	2482 4749 7040 4322
1646	5068 5083 4648 1149
1647	2679 6318 7515 3329
1648	5528 615 3625 7381
1649	4655 4199 7224 4811
1650	367 5581 3760 89
1651	1989 664 2926 4804
1652	6129 759 710 6493
1653	5498 3693 2151 2255
1654	5928 5053 3447 6722
1655	6844 4379 2568 5696
1656	6249 855 7317 642
1657	4942 6115 547 2953
1658	6523 6538 3910 5636
1659	7678 6452 2047 4703
1660	7910 2559 2725 7514
1661	3379 586 1246 772
1662	2799 389 2018 6487
1663	6679 2689 2824 5410
1664	5869 1331 2849 1072
1665	5860 7856 585 2412
1666	3094 5498 7218 3067
1667	5463 7235 4087 4759
1668	6941 7626 6327 184
1669	880 5926 6221 611
1670	6026 44 372 3653
1671	856 5539 196 3778
1672	5867 2065 919 115
1673	1278 4838 130 2441
1674	5898 1194 6788 2304
1675	5293 2679 7451 730
1676	6758 1005 2502 5542
1677	4782 5507 3598 5850
1678	6933 3144 750 2757
1679	6384 2939 1982 842
1680	5136 2904 4940 1745
1681	5723 3526 6959 3612
1682	2394 4908 799 583
1683	6175 6561 4542 6763
1684	7630 3896 1112 6635
1685	7472 837 878 7835
1686	4593 1274 5074 7247
1687	2626 7566 5972 3915
1688	318 969 5374 4272
1689	3097 6179 3953 2194
1690	5846 4324 1974 1745
1691	1844 2553 5136 4886
1692	2791 7175 1746 2527
1693	5806 7215 7423 3025
1694	381 4915 5431 1462
1695	7607 6385 1091 3025
1696	2928 1250 95 3554
1697	4678 3252 7750 4459
1698	7258 1551 2078 5916
1699	702 665 7290 7400
1700	1450 74 603 5712
1701	3242 5454 3877 737
1702	4302 2031 3584 1029
1703	2604 6911 5577 5260
1704	5256 4366 4792 5613
1705	4403 1454 5924 872
1706	5104 1288 7446 5608
1707	50 6338 7785 4182
1708	2588 2016 5403 2935
1709	7273 3275 112 802
1710	1109 4826 7519 7658
1711	5007 6139 2684 4028
1712	3052 7477 1390 4664
1713	3428 3462 699 205
1714	4827 1156 5549 217
1715	6594 2201 93 6898
1716	3527 5603 6331 3423
1717	2119 2340 1703 1122
1718	195 4645 1022 346
1719	5471 6122 1915 7215
1720	6989 6356 4515 2541
1721	3974 7289 3194 7546
1722	125 4177 2578 935
1723	3235 2478 3883 2110
1724	7289 2772 3011 2516
1725	4719 2959 944 7139
1726	5269 7037 2288 6991
1727	5347 208 5799 253
1728	6910 2613 1979 1538
1729	452 5316 6199 6221
1730	4023 1418 75 6055
1731	2136 55 2050 1300
1732	734 2090 3513 712
1733	7996 2441 4384 7204
1734	3817 6970 7554 4405
1735	6390 5939 6179 96
1736	4858 4078 5306 6653
1737	3870 2971 3481 3615
1738	5712 782 2581 6702
1739	4082 2201 5285 7801
1740	3477 1220 7392 2105
1741	7402 7104 4904 5860
1742	4334 4212 7776 2740
1743	4755 4594 6051 4097
1744	881 6336 6283 1231
1745	7519 5066 3620 908
1746	1185 1969 4327 2949
1747	4102 6948 164 622
1748	7585 6534 751 4246
1749	2746 5944 6317 7022
1750	5350 6856 2327 6315
1751	1267 7402 6921 5797
1752	7625 7428 3547 4030
1753	1942 5798 2384 2714
1754	5646 1575 6949 2358
1755	7394 4121 785 3196
1756	4061 7888 7348 7399
1757	3307 5957 505 7072
1758	4228 3006 5729 6853
1759	7978 4397 5699 1618
1760	1704 3696 7195 3674
1761	3188 2398 5625 6618
1762	3700 362 235 4912
1763	3514 5036 7914 1019
1764	4107 550 7721 7206
1765	221 5123 5086 1852
1766	1746 627 3419 5122
1767	7005 7947 5125 457
1768	7852 2792 1435 6526
1769	2338 4437 2711 635
1770	1327 681 5907 2364
1771	6853 838 7688 207
1772	3161 2285 2356 6757
1773	6158 3033 5609 3573
1774	6461 3534 4543 986
1775	1644 2918 1719 199
1776	7859 1842 5265 1963
1777	321 2791 6492 4560
1778	7635 6044 4430 3987
1779	7398 5512 5825 6949
1780	3729 5599 6874 4072
1781	6268 5193 6284 7621
1782	2856 7559 3783 3854
1783	3770 7512 3276 7120
1784	6284 6766 3176 1055
1785	4010 6266 3793 7236
1786	6399 2862 4853 4730
1787	3770 3539 5382 3879
1788	4987 5131 7264 6982
1789	423 961 1243 1274
1790	7261 4851 214 3545
1791	1516 755 7873 6212
1792	953 751 5902 652
1793	3591 5866 4437 3719
1794	1372 332 5687 3786
1795	2545 6210 4038 7339
1796	3166 213 7130 7418
1797	4730 7161 6331 2324
1798	7567 354 5194 1553
1799	7237 637 4430 6401
1800	6234 1888 5180 4882
1801	7226 6733 807 358
1802	3387 4485 2805 5558
1803	3854 4602 6905 1560
1804	6725 577 2986 7112
1805	325 5338 3425 3606
1806	6707 4427 3282 2722
1807	5750 913 6779 4681
1808	5100 5955 2566 4042
1809	986 3734 1930 7770
1810	3237 2389 379 7034
1811	1268 7201 2880 1744
1812	6296 7222 3570 2696
1813	1456 679 1295 3433
1814	5933 5621 6193 3320
1815	6859 2563 5285 1149
1816	1964 2364 4258 2912
1817	6073 705 2097 1736
1818	6331 505 4846 7576
1819	7961 6194 4516 2057
1820	7418 4436 1197 6211
1821	6843 6582 981 5937
1822	3861 7624 3775 3533
1823	6158 7900 7981 4947
1824	4305 3263 1967 6464
1825	5319 5355 17 7990
1826	5139 1204 5911 5102
1827	1157 4401 3436 4518
1828	2047 6977 3137 1025
1829	6313 6892 5715 3316
1830	7307 6346 31 350
1831	2119 5339 7250 3113
1832	1068 1791 7814 6979
1833	6968 3820 493 2918
1834	5414 1438 4570 6683
1835	4856 2878 5267 4807
1836	2851 6408 7029 5154
1837	6728 3781 7365 7988
1838	1901 7174 2156 4864
1839	1458 4826 4023 332
1840	5848 7492 3255 574
1841	1737 6883 2641 2172
1842	6197 1566 4174 1547
1843	2842 1167 4117 2972
1844	281 4584 4325 5986
1845	1187 3293 1416 2649
1846	6478 6374 6618 7974
1847	787 7917 5518 5604
1848	855 2886 6044 5133
1849	1164 3838 2631 5174
1850	1600 4340 524 4483
1851	5970 6209 4572 3039
1852	6430 2307 7765 2421
1853	5507 6545 2480 4242
1854	7256 4654 2265 2499
1855	4538 4513 512 1804
1856	1663 1192 3221 3641
1857	1227 4021 6963 7541
1858	375 41 6988 5655
1859	5743 5903 7233 5540
1860	5671 3123 2881 6404
1861	5995 2575 336 5829
1862	7797 882 2464 1695
1863	3181 259 4133 6161
1864	6733 1213 2132 932
1865	3258 1991 4274 5411
1866	3262 5780 6659 6826
1867	2157 7337 1779 4935
1868	70 4288 3537 7881
1869	6490 6859 4501 365
1870	6737 1962 6270 2171
1871	3711 6590 197 1637
1872	3726 3373 3486 5835
1873	124 6370 3679 3669
1874	6115 2947 3543 3977
1875	5837 7659 3561 3946
1876	1591 2880 7495 3141
1877	2693 5478 5339 2389
1878	3315 4860 4629 7230
1879	4424 5438 1063 7213
1880	4590 2910 4439 6731
1881	3701 339 7634 90
1882	818 821 771 347
1883	2452 5613 1736 797
1884	7073 5073 17 2586
1885	7777 935 7690 7612
1886	2668 2796 3607 2592
1887	5973 4595 5032 3082
1888	1434 4230 3704 515
1889	5620 5785 3344 5383
1890	1971 6334 5852 5868
1891	3409 1732 6916 1363
1892	7994 2569 1496 5885
1893	5280 3645 5042 6415
1894	916 3582 4661 548
1895	6701 3733 7267 2745
1896	7177 4412 4706 6966
1897	3303 7116 689 7139
1898	7365 7993 2948 3007
1899	2831 7184 2367 4213
1900	7013 177 3116 4555
1901	1272 5060 2221 7249
1902	2023 127 1928 4497
1903	2261 3079 4251 4023
1904	988 5872 4751 520
1905	7271 2721 690 1688
1906	238 1958 189 3026
1907	4813 1272 2721 2581
1908	5295 2562 2550 7935
1909	3812 472 2630 1953
1910	6446 1087 552 1908
1911	1516 2742 3771 6961
1912	6493 6182 6243 3451
1913	1742 4089 2504 1864
1914	5307 273 4013 4629
1915	4965 1597 238 7217
1916	4618 4135 7680 569
1917	5682 1452 3998 4960
1918	7555 5680 4045 5679
1919	6713 4706 4437 6649
1920	2778 1047 5921 459
1921	6504 2588 4948 672
1922	2589 1259 4539 3033
1923	2228 2875 2579 6169
1924	4257 2115 4355 2997
1925	6403 1960 6681 2430
1926	7847 6654 6673 3901
1927	1952 5472 4732 4946
1928	164 4435 6130 6662
1929	4072 3900 6555 6866
1930	6993 6057 7973 5436
1931	4981 4405 6130 1454
1932	4655 4730 4180 7954
1933	5532 6106 6476 7267
1934	2931 1407 2876 6034
1935	1921 7357 5591 5111
1936	4764 1868 4126 4996
1937	127 6103 166 4428
1938	5705 5335 42 893
1939	3419 2196 4841 6642
1940	5870 6593 332 3968
1941	3239 1566 7982 65
1942	1295 7276 1724 5485
1943	4927 4450 2512 1336
1944	3829 865 3407 5024
1945	5231 5425 6045 7956
1946	5345 4141 4463 596
1947	220 5759 6607 1346
1948	4810 7217 3413 2373
1949	4169 2653 6480 7940
1950	3863 4964 2393 6593
1951	6194 3226 3202 7192
1952	7861 6542 3085 3144
1953	5834 1639 3532 1961
1954	910 922 438 569
1955	7489 3540 5177 6619
1956	3238 4699 1327 7724
1957	4580 7054 6352 5284
1958	3324 6142 6682 26
1959	3454 1816 2748 6975
1960	1523 6371 1274 208
1961	548 7124 5225 65
1962	6496 4694 7188 6756
1963	5990 1021 7589 5254
1964	6572 552 7195 7617
1965	6770 6206 28 413
1966	7244 1190 560 2569
1967	6812 3928 322 1966
1968	7318 93 524 550
1969	1715 7578 5692 4108
1970	7802 6369 3512 6526
1971	6644 7471 1148 6994
1972	1456 3698 7299 1916
1973	774 5348 7463 132
1974	966 7109 4740 5338
1975	895 7432 5420 3585
1976	2057 6786 3281 4412
1977	6249 6390 717 3162
1978	418 4239 6375 2581
1979	2330 7356 7921 6644
1980	4117 5616 5055 3390
1981	5353 1212 4148 197
1982	6278 3580 6287 2386
1983	7285 3596 5630 1467
1984	2104 5092 1371 5785
1985	3763 4663 1073 450
1986	5888 7614 539 1267
1987	5946 407 6774 7095
1988	7500 2645 5021 5750
1989	4259 1383 5655 5689
1990	7880 1181 7257 7722
1991	3224 6980 3926 6427
1992	1403 2600 3529 7653
1993	1972 903 4831 168
1994	5558 6622 3211 7296
1995	2765 2338 6940 7249
1996	7188 5444 4933 3100
1997	5781 1306 703 5295
1998	7613 5765 2369 730
1999	4612 7986 1506 4347
2000	6289 6382 948 2638
2001	1383 6350 4199 6222
2002	4211 160 3731 4872
2003	5069 2228 5107 6851
2004	6103 7610 7775 784
2005	5574 2957 766 7486
2006	2487 2985 1702 4003
2007	5279 4064 2147 962
2008	3076 2690 2862 3059
2009	3265 7981 6888 4864
2010	3470 5999 6292 1224
2011	5063 553 6052 234
2012	1981 5450 1875 5650
2013	770 7161 2205 6615
2014	2475 6986 6434 1577
2015	539 1575 2101 1548
2016	6429 5805 2167 4395
2017	6897 3157 4016 7235
2018	993 1055 3683 541
2019	6066 3875 6796 2956
2020	1642 909 1042 7711
2021	3367 7580 940 2912
2022	4101 1245 5599 5571
2023	3026 310 1520 1524
2024	518 4044 3063 6152
2025	101 5931 537 3816
2026	3446 3804 6071 323
2027	7993 4195 4297 3360
2028	2025 7655 4724 5222
2029	901 6340 7641 387
2030	3800 7572 5888 3239
2031	6813 4665 1408 7958
2032	948 6927 2731 6138
2033	3055 5017 209 2783
2034	1257 6864 814 6128
2035	7114 2949 6665 3030
2036	6020 324 2203 5153
2037	4401 7329 3460 2638
2038	7064 7263 2472 4419
2039	7810 1471 6109 7976
2040	1478 5490 3048 4143
2041	1384 5402 5081 4277
2042	5151 3727 7298 4729
2043	6087 3674 3921 6151
2044	5067 2912 821 3073
2045	3623 7146 290 2571
2046	5368 6416 6860 1400
2047	4443 4484 3328 80
2048	1518 1766 322 3028
2049	4539 5631 1525 2562
2050	4468 1649 6816 3681
2051	6284 1317 6277 1786
2052	4548 335 2233 2445
2053	1564 3700 1557 2021
2054	4876 1393 7791 5183
2055	6618 1526 5674 4375
2056	6400 7418 5065 3217
2057	1454 2734 790 4110
2058	3257 695 7467 5289
2059	2390 4213 1949 7050
2060	7953 5133 2698 5317
2061	4262 2476 3544 1279
2062	6932 451 5149 2158
2063	960 288 5745 7695
2064	4445 7520 7799 2597
2065	1477 4818 2091 1579
2066	2160 6943 98 6985
2067	7289 4709 6506 7194
2068	3828 3344 5395 2429
2069	1873 453 1240 2527
2070	329 1518 918 3180
2071	4338 783 740 7641
2072	4798 5512 6886 5825
2073	4598 7312 2228 3699
2074	2071 3844 1264 109
2075	7225 6452 7748 4593
2076	7511 7517 773 6719
2077	1031 7673 2729 7182
2078	1357 2130 7164 5060
2079	1670 2462 2597 7525
2080	4051 1291 6395 7037
2081	944 867 7736 5071
2082	1575 5731 3232 3098
2083	3249 325 2110 4644
2084	1638 4901 6935 6240
2085	489 6473 107 3139
2086	1641 5526 3050 4449
2087	4009 1979 5671 6216
2088	5646 2475 4001 5970
2089	3559 6917 5568 3862
2090	173 5497 3009 5082
2091	6947 5048 6607 6565
2092	3438 4773 6045 481
2093	2037 4373 4926 1928
2094	3748 2896 4878 4143
2095	6913 1620 3941 2898
2096	58 812 4910 5486
2097	6473 888 308 7416
2098	3287 4419 2399 7888
2099	2445 431 2298 3109
2100	6810 4934 4779 4096
2101	4715 614 175 1773
2102	4588 7787 5168 7785
2103	5088 382 5739 4730
2104	5759 5752 1819 2499
2105	39 7075 1916 5765
2106	1045 142 7102 2439
2107	6702 5279 5298 1171
2108	3176 1352 6791 6035
2109	2287 6361 4789 555
2110	2585 2665 765 6975
2111	3323 3710 2027 1413
2112	6967 3173 4908 320
2113	7563 1164 8000 5049
2114	4845 819 4832 3576
2115	77 7964 5302 3313
2116	5118 4971 5227 87
2117	4013 2555 6692 6691
2118	637 1631 1978 4787
2119	3700 7894 4190 6666
2120	173 3262 5858 6390
2121	3210 415 630 4840
2122	1707 5407 6472 3276
2123	3185 1641 7654 2192
2124	4798 5668 7258 2827
2125	2696 7423 367 3905
2126	853 1298 2750 7692
2127	5086 3114 3369 2602
2128	1446 5553 7910 3441
2129	3189 1503 1666 3376
2130	6399 2119 2262 6276
2131	24 132 6944 7891
2132	7157 7370 6650 6965
2133	6006 1648 4962 1919
2134	3076 7821 3859 5888
2135	2904 7151 7321 7021
2136	2530 5121 5943 2042
2137	6223 2012 6639 2694
2138	7347 5035 5015 105
2139	7396 6455 134 157
2140	5894 2328 4363 2109
2141	7097 3192 2923 1039
2142	3180 82 5152 2035
2143	1194 5747 6813 3596
2144	7709 3936 593 2568
2145	3302 5589 1142 1683
2146	2332 4864 365 7526
2147	6598 2018 3214 1553
2148	2229 544 1184 2930
2149	2489 7774 3163 2656
2150	3154 1034 2808 4399
2151	942 3625 3546 2975
2152	3462 7368 2399 6564
2153	4712 6746 7767 5026
2154	7956 5865 46 1381
2155	5401 465 3396 3503
2156	6447 6357 6385 729
2157	5248 7006 756 5648
2158	4965 5202 3632 4395
2159	705 6163 7610 6786
2160	898 1849 5981 1523
2161	346 7333 7566 4060
2162	6900 928 2205 5839
2163	2306 2178 2832 5254
2164	2222 2187 2424 2422
2165	1434 189 5170 691
2166	204 6334 4384 6546
2167	5504 7726 469 6549
2168	2970 5695 2249 3064
2169	1304 4649 4049 5539
2170	4959 804 6742 4053
2171	1087 5439 5866 1739
2172	5723 7427 5661 918
2173	5838 3757 5021 6472
2174	7512 1219 4136 2844
2175	5 6654 3481 5491
2176	4471 5081 644 6521
2177	6762 3226 1702 304
2178	1857 1496 1683 230
2179	7607 6245 1822 4349
2180	7498 503 3121 911
2181	4999 6382 1372 7816
2182	1785 5650 5657 7513
2183	1981 2904 7949 3274
2184	4812 3172 1409 3936
2185	4130 6258 7053 3857
2186	7848 5806 4586 94
2187	4922 6776 3311 2610
2188	1147 4080 1280 79
2189	7498 1740 1549 7709
2190	3164 6550 1839 4183
2191	56 6352 2695 3621
2192	5580 2412 1892 6460
2193	6493 6690 254 4843
2194	6092 7037 2977 1765
2195	6665 4529 83 6764
2196	6769 1430 6880 1682
2197	5539 6922 1496 5240
2198	1808 6253 7147 1474
2199	3726 3747 7179 854
2200	4880 3970 881 4155
2201	3326 5966 1202 1437
2202	818 2850 5815 1043
2203	709 6099 404 7263
2204	5193 7956 7782 6577
2205	3806 6510 664 7434
2206	2437 2940 2097 974
2207	1664 329 2134 5337
2208	455 4340 4968 3211
2209	4496 428 2191 1641
2210	3262 3281 1991 7093
2211	3114 5621 3959 7159
2212	2988 5869 5849 4628
2213	7607 2309 5423 7005
2214	673 7232 2775 1638
2215	309 4089 1747 7827
2216	5588 1095 949 560
2217	5545 3376 3093 7482
2218	7394 4911 5861 545
2219	2351 3866 6299 3410
2220	259 2022 1851 1529
2221	6295 4729 1011 2008
2222	7147 2940 3382 4582
2223	2731 4703 7363 6723
2224	1789 3805 2248 3903
2225	6249 2780 1068 3120
2226	7421 7196 1801 5991
2227	5811 7993 6806 1088
2228	1222 4906 418 5035
2229	3970 1829 13 5398
2230	3400 7970 3807 6288
2231	3779 7106 6715 6233
2232	253 6106 5378 5143
2233	6465 2651 2814 6860
2234	5071 2944 7803 2892
2235	599 7962 200 491
2236	7557 4794 7009 6591
2237	5464 6018 3369 496
2238	1551 7384 6238 215
2239	5513 3734 6703 5441
2240	116 2921 4432 7218
2241	7256 68 7341 7070
2242	2659 2964 6096 6896
2243	596 5597 3569 1167
2244	6546 1045 4917 2377
2245	1608 6405 5919 6363
2246	3762 2621 797 6815
2247	916 1418 7682 6277
2248	7475 849 3603 4345
2249	5296 5862 3273 2010
2250	1939 2854 805 5555
2251	7819 4308 2933 2840
2252	5992 567 4313 1749
2253	5781 6812 2474 1079
2254	1473 4867 217 7959
2255	1882 2930 3301 4402
2256	7200 1697 7741 7673
2257	560 952 692 3561
2258	4728 7960 6629 451
2259	4049 3472 7344 7239
2260	7916 7430 7306 3098
2261	1731 1444 6417 2922
2262	2420 588 7535 5762
2263	3495 3194 1858 6991
2264	3524 3179 2931 336
2265	5289 345 5507 864
2266	3322 477 4566 7731
2267	745 1461 6510 846
2268	5043 7641 5050 5105
2269	6694 4209 4840 1468
2270	1440 5217 831 1823
2271	579 4146 1199 1427
2272	5414 4765 3113 1915
2273	2244 4783 4349 7863
2274	4681 4724 4657 5041
2275	7245 3341 3955 2534
2276	4057 1072 2872 1407
2277	5778 7696 6214 6581
2278	3050 997 2990 4862
2279	4538 4253 1135 6901
2280	721 6689 6729 6310
2281	239 4052 4011 6757
2282	4407 6555 3765 4876
2283	1237 5212 1707 4123
2284	7651 4546 5434 2670
2285	1639 3819 580 3321
2286	3814 2977 495 6772
2287	472 6687 1404 4912
2288	3121 6110 3398 5009
2289	6947 3948 1404 7355
2290	2499 2942 2389 2330
2291	1520 7215 4522 7835
2292	7346 6078 5927 2065
2293	7432 6099 4281 751
2294	2483 1175 3257 3074
2295	577 2160 5154 687
2296	7821 2434 2627 3774
2297	3000 898 57 2341
2298	881 1710 4504 1250
2299	7040 3191 7631 4665
2300	7099 2271 7297 151
2301	3046 5622 1222 2653
2302	1925 6879 1471 5772
2303	5820 2408 7961 3491
2304	4062 7790 552 4724
2305	1363 4230 5136 6441
2306	2729 7421 4433 2804
2307	6218 6995 4030 1644
2308	1691 2874 7500 5171
2309	2623 634 662 154
2310	6832 7127 7503 4627
2311	7907 335 378 1854
2312	394 2660 709 5832
2313	3988 6117 1008 7500
2314	1559 5426 4755 450
2315	4542 7469 7290 6020
2316	1893 6489 789 4740
2317	5349 7813 7535 6252
2318	5206 7320 2815 824
2319	3522 4817 4019 1701
2320	2734 669 4835 5824
2321	3755 7153 3327 1464
2322	4114 4064 5237 1309
2323	2457 70 5903 2342
2324	6418 7437 7033 956
2325	1539 3176 5304 248
2326	1630 6012 1910 5055
2327	849 2151 1164 3388
2328	5211 2530 1706 2481
2329	3689 5611 5649 3265
2330	3019 3022 6804 5952
2331	7529 3155 5163 6446
2332	4649 5782 5069 902
2333	5991 4658 3345 2093
2334	2321 1839 5321 4005
2335	6381 176 1906 1645
2336	5778 3141 6001 4358
2337	1462 2336 588 5620
2338	7226 3849 2538 6587
2339	4885 6922 569 356
2340	6152 513 6080 6569
2341	2631 4343 868 630
2342	3958 4618 5621 3239
2343	4003 7034 4827 4426
2344	2625 7849 7197 3895
2345	7171 1306 7496 1726
2346	6235 2627 7701 7652
2347	1947 3004 6771 81
2348	4971 1872 7007 168
2349	4433 2345 7358 3752
2350	6301 6594 2469 6507
2351	2361 4602 7197 2659
2352	7356 5856 501 3948
2353	2404 1845 6676 3872
2354	99 802 4805 819
2355	7435 2726 2035 4324
2356	2699 2853 3995 868
2357	623 2353 3559 6458
2358	4581 5843 6687 7443
2359	2508 568 4716 6916
2360	6955 793 7802 5716
2361	4585 2496 125 5948
2362	3210 6162 7697 2400
2363	4659 13 249 4101
2364	6338 1844 5869 4920
2365	3164 4832 6979 821
2366	5677 5838 5367 5678
2367	1841 3172 782 2972
2368	6536 6446 4671 2079
2369	594 4544 2814 5864
2370	1863 3981 686 5162
2371	3086 2954 6454 1256
2372	4931 433 3635 5206
2373	4520 1872 5937 7861
2374	78 3166 4011 3356
2375	6301 2595 5285 6285
2376	4867 3635 5375 4342
2377	1678 3201 488 3881
2378	5608 6311 4696 545
2379	4197 2027 3912 7891
2380	985 4372 4023 6181
2381	2706 1703 6132 7320
2382	5613 7398 5698 2058
2383	6877 3017 2942 3372
2384	2678 6254 5934 2385
2385	7640 2445 6012 4836
2386	4376 7442 2452 3289
2387	5618 6973 698 6699
2388	4667 7684 3050 6225
2389	1614 6863 1746 1353
2390	2978 1127 3291 4130
2391	4372 5316 7156 100
2392	7757 468 5202 6217
2393	4301 1516 2234 4282
2394	3389 1501 6698 2469
2395	7530 4336 3831 4203
2396	2786 3948 7626 7405
2397	6623 6018 3081 112
2398	7034 4147 4665 6419
2399	6460 433 3413 4872
2400	813 1059 3988 4942
2401	6259 5064 7389 2535
2402	3854 2225 3444 2928
2403	1372 7648 4928 4902
2404	2555 4716 5181 639
2405	3491 7444 4726 5250
2406	5891 5802 6972 6417
2407	1024 1392 2199 6733
2408	2135 4937 2196 7122
2409	4913 4962 3030 2620
2410	5436 4876 6246 1128
2411	812 4280 5398 6324
2412	2136 5109 5326 2266
2413	4527 6163 2251 3318
2414	3768 1484 3937 805
2415	5770 5975 5462 370
2416	3025 5802 6007 6555
2417	1780 1767 490 4132
2418	2510 6324 1516 3398
2419	7009 2944 5161 2982
2420	3959 4547 5553 2027
2421	6043 734 5439 5081
2422	3642 1283 6183 4412
2423	6130 6049 2594 6025
2424	6009 1963 1090 5458
2425	3090 5841 1880 4997
2426	2197 7276 4867 2592
2427	147 1851 6899 3239
2428	2835 6660 4953 2447
2429	5090 7703 4046 6730
2430	5671 6809 6592 5571
2431	1437 7561 7952 315
2432	1839 1314 7836 3049
2433	3657 6127 3610 7138
2434	4181 669 482 5153
2435	1262 1529 7844 7081
2436	836 2328 5974 1623
2437	7473 5708 2089 5005
2438	1401 150 6689 5889
2439	3390 1176 7906 1951
2440	7265 3468 6636 1543
2441	4038 6582 6448 6057
2442	2308 6213 7522 584
2443	341 2291 7085 4793
2444	4970 3904 213 3427
2445	7049 5235 4672 6225
2446	7760 5002 4065 4419
2447	6797 7578 5418 4374
2448	7598 3042 1182 1553
2449	970 6269 4109 312
2450	3963 3098 5560 5320
2451	2703 6370 423 540
2452	3624 6570 6227 3102
2453	4302 45 1339 1222
2454	820 7948 831 2241
2455	592 1427 6156 7284
2456	50 2105 7799 6894
2457	3092 7098 2375 906
2458	7233 4847 3049 1017
2459	5665 4697 6740 858
2460	5800 867 3389 274
2461	4210 4237 5957 6181
2462	1353 7896 5094 7443
2463	7150 5974 6133 7090
2464	5851 3775 6813 2796
2465	3939 5229 740 4580
2466	3845 336 4819 3234
2467	5490 343 1914 4053
2468	3122 370 5766 3369
2469	5379 2984 5135 5388
2470	4162 5668 5477 4519
2471	1866 2325 885 6255
2472	7157 6980 3949 7522
2473	4230 2133 4601 7018
2474	3893 4961 2609 534
2475	6610 620 4253 2496
2476	2634 525 32 5432
2477	466 4919 3168 7886
2478	3194 1755 2661 4163
2479	5022 1369 4177 5551
2480	4730 6371 5754 1391
2481	7428 7301 7962 3947
2482	6340 1969 624 7981
2483	5135 5827 3472 1838
2484	6372 640 7413 7353
2485	7886 173 7522 6031
2486	4435 6218 5963 1473
2487	5942 2360 234 7223
2488	406 1385 1061 1215
2489	582 4617 6686 156
2490	7302 1941 131 7050
2491	6644 6668 1188 5122
2492	5719 5031 1658 4506
2493	2794 4079 6836 7960
2494	6588 753 6942 6564
2495	3416 2152 1514 1054
2496	4339 2483 478 4127
2497	4455 6387 6265 6412
2498	2119 427 3080 7937
2499	2254 2310 6961 5801
2500	2545 7329 7049 4788
2501	7350 6520 1470 3963
2502	1528 905 6039 7586
2503	6412 3094 6 1337
2504	7029 6519 1908 4832
2505	4930 7017 4130 4285
2506	1197 5750 6758 6285
2507	2972 3109 1854 1670
2508	5121 1939 4440 2061
2509	269 6949 2572 6761
2510	6538 6446 247 6141
2511	7072 7582 57 2763
2512	132 1287 6106 2254
2513	1698 355 6487 2881
2514	7643 4952 1477 6305
2515	330 5988 1528 1695
2516	2822 2655 1318 5010
2517	1646 3047 3688 1694
2518	4337 3906 7814 1118
2519	1983 3261 739 3199
2520	2049 3214 6257 7590
2521	2224 686 3690 7481
2522	670 7906 7290 2310
2523	1294 2470 6874 5755
2524	3606 434 5909 5400
2525	1070 1052 892 2805
2526	2871 1254 5973 4929
2527	1731 6892 3737 1383
2528	4298 4209 3599 1777
2529	5004 7384 4138 83
2530	795 5579 1738 2655
2531	5468 7369 6168 1287
2532	2276 326 5310 1741
2533	5010 3737 1452 2847
2534	2904 2748 1706 145
2535	738 2868 2778 5526
2536	2666 7669 5064 6355
2537	87 5218 2707 7852
2538	4805 6457 6632 4080
2539	561 139 760 4839
2540	3524 5558 7646 2361
2541	7490 4048 1031 5177
2542	5376 7930 7541 551
2543	7382 4389 6579 814
2544	5144 5647 6957 7744
2545	6897 4319 7716 7480
2546	2517 3115 1863 463
2547	4154 6872 2298 525
2548	7755 773 268 3881
2549	41 4392 5415 5572
2550	6549 6784 6379 4594
2551	2391 1296 3343 7820
2552	4639 5167 668 2927
2553	1320 3798 2419 5447
2554	7308 959 6240 5977
2555	3732 6966 5478 3394
2556	3693 2433 3976 5102
2557	938 1590 4771 7944
2558	935 7046 5348 5250
2559	5529 6556 6769 3822
2560	476 3703 4409 2532
2561	85 3022 5031 2187
2562	436 1110 1372 651
2563	7011 4431 4327 3697
2564	3768 4369 3276 4294
2565	3713 5479 439 5960
2566	4000 1671 6695 4285
2567	6549 5406 3603 7028
2568	670 5809 4989 3331
2569	2415 551 7286 4171
2570	1137 5452 6562 2346
2571	6536 3868 20 4066
2572	6282 6493 4667 7891
2573	955 7174 255 6574
2574	2655 461 3707 2933
2575	4444 3154 6722 7701
2576	986 4907 5614 6137
2577	969 723 3524 7882
2578	2503 7836 4753 5125
2579	6562 7094 4224 1597
2580	362 2663 2958 6599
2581	7383 4984 2405 3457
2582	5526 1843 5659 4971
2583	6964 7634 1740 6205
2584	782 6235 7722 3110
2585	2058 7899 2310 7704
2586	1143 7437 3488 4039
2587	4224 2428 1975 6839
2588	1690 3707 3621 2897
2589	6214 3989 3810 344
2590	5002 4804 7797 4207
2591	2426 6321 7156 1936
2592	3628 6945 2851 2468
2593	3148 4371 586 7719
2594	4624 268 2909 6315
2595	980 6628 6090 7690
2596	3012 3601 1170 5960
2597	6795 1265 5041 277
2598	7073 989 6358 373
2599	3796 6097 4025 1182
2600	6709 1357 2532 6608
2601	3640 3909 4353 1406
2602	4694 852 2791 949
2603	334 3494 7100 2199
2604	3434 4805 5573 5976
2605	1533 773 7767 4760
2606	4935 6946 6606 7419
2607	1060 3678 3163 7868
2608	7008 7381 6219 3628
2609	4931 988 3882 3246
2610	289 2051 4598 2711
2611	3851 7116 6729 275
2612	496 2755 698 3874
2613	2093 5900 736 2818
2614	4394 4532 3914 2223
2615	1870 2695 5885 1226
2616	4272 6078 7248 262
2617	3763 3645 3459 238
2618	2313 5047 4577 6550
2619	1442 5786 2889 6301
2620	5027 5507 6785 4461
2621	6882 1658 2281 1965
2622	1034 1478 5873 1696
2623	4474 1428 6274 358
2624	4761 6391 828 4210
2625	6842 2018 5665 3317
2626	211 3485 5882 408
2627	7933 6562 2219 2652
2628	2784 4548 2954 959
2629	7822 2540 3365 1075
2630	1183 103 3426 303
2631	2929 3207 6977 3709
2632	5768 7025 6062 7890
2633	6749 4519 2175 2676
2634	6310 5766 5727 439
2635	5922 493 144 2127
2636	2866 4749 1740 2953
2637	389 2028 7152 5159
2638	2640 6190 7042 3983
2639	4594 5456 4536 7450
2640	4938 3484 1999 1582
2641	3127 1680 7104 7005
2642	5954 3500 1572 638
2643	6908 4494 4477 5279
2644	918 5486 7667 7744
2645	945 3762 1110 6053
2646	3207 2017 7915 4481
2647	7899 3401 4253 2764
2648	6348 4271 5722 3984
2649	1147 5644 869 2621
2650	1412 2116 4343 872
2651	2707 7879 2542 2655
2652	5109 908 7841 7108
2653	3348 2366 1645 5007
2654	981 7544 4198 2082
2655	406 4433 4577 4038
2656	3387 4231 456 2177
2657	7264 1319 4597 4518
2658	1569 5627 6673 5316
2659	3146 3559 3835 1943
2660	896 3375 6585 1459
2661	6841 5921 7273 1183
2662	6441 1753 268 754
2663	5142 1128 3034 7960
2664	6402 7064 5725 4992
2665	2242 5185 1052 3314
2666	1401 7549 6193 3303
2667	4042 3880 2212 4023
2668	2563 6031 4100 1426
2669	7228 107 310 6059
2670	6309 4152 7018 3692
2671	3214 2919 3679 7527
2672	7135 4988 5522 5784
2673	7471 3758 2099 4111
2674	3225 7982 7829 572
2675	1459 5132 5611 3923
2676	3552 556 3162 4823
2677	3321 1996 1106 7736
2678	3197 426 7187 5281
2679	714 2429 6081 955
2680	3939 7554 2519 2614
2681	561 7711 2698 1255
2682	3741 4838 1158 927
2683	246 707 1301 4689
2684	5563 6058 7841 1040
2685	6682 7493 2802 1160
2686	7031 4253 1714 7447
2687	3893 459 3847 7498
2688	3773 3628 2313 7834
2689	4213 1649 1433 5005
2690	6842 3237 4769 6297
2691	4860 6913 4672 151
2692	2444 1128 2262 6831
2693	2631 4450 6624 236
2694	6260 3268 5132 430
2695	2626 5631 4663 6169
2696	4977 4518 3691 3085
2697	382 1544 3564 4110
2698	2216 7051 5676 7213
2699	4467 1449 3543 2600
2700	2858 3052 1389 1509
2701	2551 7418 1703 3865
2702	2844 1190 1981 7955
2703	6151 4690 3881 1372
2704	4836 4265 6937 3692
2705	1708 7824 2619 4292
2706	1723 4603 5749 7678
2707	4322 2531 2012 7376
2708	7732 2175 1847 5549
2709	7460 6074 5429 7873
2710	3020 101 4266 811
2711	7098 3456 3627 3441
2712	3917 5087 4165 4470
2713	4241 2116 512 2631
2714	1559 530 3186 450
2715	3439 4675 7832 2353
2716	2490 3425 4769 2601
2717	6875 7285 339 2855
2718	7862 6884 5937 2838
2719	5787 6440 1445 76
2720	3190 7979 3686 2941
2721	1437 7649 6191 5859
2722	2191 1796 1005 735
2723	2532 7142 7319 2334
2724	63 2991 2678 4898
2725	950 6844 3529 1920
2726	7604 3815 6402 1318
2727	2820 3114 471 2699
2728	5931 4472 4401 7948
2729	7442 1313 825 564
2730	2087 1865 6578 6279
2731	6244 3032 3793 359
2732	2681 162 6399 2084
2733	1900 6854 605 6348
2734	7759 7313 3074 1772
2735	3945 4831 5137 3704
2736	4409 5545 4232 5680
2737	5652 1373 1513 7294
2738	1215 7026 2189 7868
2739	7653 5036 3546 7905
2740	6452 312 4005 5442
2741	2703 2769 4159 1145
2742	3010 2845 4946 7167
2743	1206 412 6411 621
2744	3345 7693 6583 7104
2745	2561 6835 3532 6571
2746	2332 4876 2631 6237
2747	7066 7849 1349 4008
2748	4713 5052 7787 7520
2749	5086 95 781 514
2750	6891 7989 7200 5523
2751	6375 2379 561 3182
2752	4163 4157 4825 4804
2753	6883 480 5109 4807
2754	6049 6963 3822 7386
2755	5082 3234 1480 5280
2756	2169 1534 1266 5182
2757	6788 744 6599 3225
2758	5238 3649 2844 1934
2759	4658 3852 5456 3297
2760	2017 5303 4822 3218
2761	1959 3540 6728 4136
2762	3677 1581 2465 295
2763	5950 3741 6293 4835
2764	3812 2910 6226 2047
2765	113 3043 3354 5893
2766	5435 1432 3386 2988
2767	692 2096 6395 7933
2768	7599 159 1483 6297
2769	3446 2042 4972 138
2770	3861 4721 2733 1054
2771	3202 7090 313 126
2772	6618 7948 1783 2343
2773	1751 3402 6999 6162
2774	1426 3179 529 5597
2775	816 4731 3472 2899
2776	1728 7114 1346 6552
2777	6284 4800 889 3484
2778	985 5181 5984 7395
2779	7562 1204 5861 1681
2780	6030 3806 3488 170
2781	5892 3641 840 7801
2782	2521 649 909 2234
2783	7629 6592 4464 3541
2784	2723 1766 7192 3522
2785	949 5069 2894 1474
2786	1368 7830 3511 3628
2787	1147 5896 6214 2749
2788	5219 7960 2454 161
2789	618 3965 1196 7695
2790	1978 3364 1860 6573
2791	6822 5247 7258 4340
2792	2555 5928 696 7640
2793	6982 1852 4199 7494
2794	7234 3031 319 3991
2795	5942 3223 4296 1856
2796	7128 1290 522 1555
2797	3570 1602 3601 752
2798	1364 2608 202 7537
2799	6299 3176 7806 7415
2800	7782 5795 7100 1509
2801	7804 4863 2780 2364
2802	2468 2216 1942 2397
2803	6556 481 4898 2258
2804	1294 4322 1451 5674
2805	908 7096 5532 6713
2806	6702 3583 6074 7756
2807	3575 598 5612 5939
2808	5263 7258 5925 6580
2809	6807 3148 3868 3612
2810	149 7620 278 590
2811	3265 5871 4426 308
2812	5459 4623 2146 2810
2813	1540 2252 5668 2868
2814	397 1718 1792 6422
2815	5453 6960 2749 6451
2816	652 387 3710 3243
2817	731 5364 973 2632
2818	3871 173 2465 6716
2819	7330 811 194 6728
2820	5950 3358 3912 6511
2821	2639 3747 7681 6675
2822	4941 3142 1731 2560
2823	7989 3081 407 6086
2824	5681 5058 787 4318
2825	2322 3708 3448 5767
2826	6836 5544 2786 286
2827	6600 910 7228 783
2828	853 997 7744 3281
2829	6445 4386 560 293
2830	2404 5303 1252 6699
2831	4734 1955 4975 699
2832	2214 1741 80 5955
2833	4268 1509 2569 7288
2834	736 2344 5605 3554
2835	1393 1594 6620 5367
2836	5958 6186 5642 5681
2837	4336 4019 7463 5016
2838	1703 5752 2652 953
2839	3253 4200 7653 3906
2840	7090 7448 5940 3940
2841	416 4471 161 2282
2842	6414 4486 7334 7302
2843	2664 4393 5401 6991
2844	3495 7766 3963 4839
2845	4193 6118 7104 5610
2846	1652 3078 2144 3505
2847	5937 4178 5593 1025
2848	1741 4832 1013 7409
2849	4276 3578 7742 3447
2850	2301 1697 5430 3026
2851	4448 7879 3950 4678
2852	5640 1952 2803 2362
2853	1037 4 3668 566
2854	5797 2004 5874 1500
2855	7085 2761 4575 1924
2856	2600 443 1134 5962
2857	4803 1647 4213 1792
2858	2645 2192 6424 5531
2859	6585 7266 2935 7767
2860	4812 6671 7405 5664
2861	6956 4733 1258 6250
2862	5025 2629 6963 4342
2863	2270 6753 7210 4778
2864	4280 143 256 6192
2865	7452 7548 62 3243
2866	1513 5499 4987 5934
2867	3733 6659 5785 2622
2868	6747 3051 3610 6689
2869	302 2642 6874 2963
2870	3965 1845 7588 5401
2871	5992 2977 6679 2727
2872	7539 1676 1411 5615
2873	4534 2068 4117 1156
2874	2574 5444 2013 3071
2875	653 7969 4686 4241
2876	6353 68 5324 4044
2877	6184 6541 1926 2911
2878	7157 2887 2084 118
2879	1605 7009 6000 5448
2880	32 391 1695 4006
2881	6832 7443 816 737
2882	2669 3292 1753 5308
2883	1783 4473 2123 4784
2884	6348 2353 2031 544
2885	224 573 6270 4069
2886	1015 5058 5088 528
2887	3529 6571 2825 7627
2888	5832 4126 7298 140
2889	4508 539 6015 3368
2890	5155 3042 7960 6766
2891	3086 7039 7939 6996
2892	2676 5151 2322 4155
2893	7612 6722 6784 1970
2894	7562 1602 707 2181
2895	3743 3584 7774 4338
2896	7742 5250 2549 1950
2897	5298 1689 5328 2838
2898	3040 877 7079 5942
2899	6185 3004 7931 2539
2900	4708 4436 1475 4347
2901	1430 984 2472 7380
2902	5953 5733 717 3469
2903	6555 6873 4294 1330
2904	2384 1848 5005 6072
2905	1973 7192 2994 5479
2906	7886 4776 6467 6746
2907	2778 3709 3983 3235
2908	6224 2185 5043 7854
2909	4265 3186 2098 1897
2910	5771 4826 7801 1363
2911	3665 3528 6052 221
2912	72 82 2566 6816
2913	1092 1461 1279 6213
2914	508 279 3635 5936
2915	5335 686 1714 1210
2916	7172 2806 494 1840
2917	5095 467 2350 3443
2918	4116 6751 7808 7559
2919	5491 925 7861 2596
2920	5464 1692 617 6531
2921	5037 4835 2408 4502
2922	7443 2406 2531 2965
2923	68 2511 5680 5945
2924	2215 4724 868 468
2925	7468 4416 6542 5669
2926	6463 6384 3052 1019
2927	4795 7400 2133 5010
2928	6994 4662 7216 7377
2929	7319 1037 5029 202
2930	3202 5735 852 4232
2931	2198 4302 2085 2237
2932	4050 7124 4474 2882
2933	4948 5864 7840 3267
2934	3308 4253 2634 4929
2935	4577 3581 865 4904
2936	3089 5038 291 4510
2937	5178 4303 7203 5332
2938	2310 4635 385 1740
2939	1488 5880 5037 1060
2940	1519 3846 2613 2584
2941	7854 7328 5022 3184
2942	2595 1354 5805 4061
2943	2256 4375 3162 5417
2944	5164 3904 891 669
2945	1454 6150 3934 3734
2946	1122 7661 4376 2157
2947	2065 2585 2334 3340
2948	495 439 7333 4233
2949	5277 1123 6772 1744
2950	1925 6120 6350 2537
2951	6133 7612 278 7115
2952	5402 7515 452 6167
2953	7748 5814 7227 6658
2954	5417 2090 5942 6290
2955	525 749 4774 627
2956	7546 2374 7220 3835
2957	2372 1116 4496 3677
2958	540 1542 6012 2004
2959	129 1343 6205 6619
2960	1310 587 2098 4292
2961	4855 337 4672 238
2962	3781 635 3503 6957
2963	2312 5822 3004 683
2964	391 2407 7214 348
2965	941 4149 5685 7055
2966	7096 4452 940 211
2967	4813 1800 5777 6140
2968	1060 735 3985 6112
2969	485 2315 4563 4879
2970	2766 6295 7246 1275
2971	382 3158 3895 1968
2972	1124 3104 4458 2691
2973	7291 5107 3791 6130
2974	7215 4958 1175 5999
2975	6707 6008 318 5925
2976	5613 6083 653 6688
2977	4264 1296 3555 2557
2978	7832 3372 631 5342
2979	154 7455 6453 1037
2980	233 6520 182 4160
2981	7376 5652 651 87
2982	6813 6039 7162 2687
2983	7867 7049 2813 7600
2984	3616 13 6435 6693
2985	4015 838 839 14
2986	2069 2646 4912 3337
2987	6730 851 1258 4844
2988	7386 7033 3612 248
2989	1215 4609 5427 3691
2990	3218 7292 3295 7875
2991	7756 3995 2615 433
2992	7091 1084 877 7436
2993	3320 7229 6858 7867
2994	6703 699 2703 3019
2995	2408 3680 5433 3946
2996	1011 7335 7918 5875
2997	4601 6005 6091 7850
2998	62 842 4495 1647
2999	1392 2480 7681 6490
3000	3897 2098 200 7292
3001	4365 5849 2552 3621
3002	3380 1396 4571 1636
3003	6468 1879 1148 6621
3004	4649 5583 6183 4018
3005	6082 770 5434 5958
3006	7396 7814 7180 5775
3007	1946 340 4703 6980
3008	2327 2791 3540 4065
3009	1203 5133 2585 2231
3010	7531 6655 2236 5245
3011	7053 5652 1888 6091
3012	5698 3415 5757 3229
3013	6090 5602 2887 4957
3014	4468 5079 7761 6599
3015	5533 2592 1847 4394
3016	895 4725 3608 7470
3017	4601 4391 705 3724
3018	2620 3322 4390 4481
3019	5200 4842 7433 3299
3020	6830 4581 1716 2181
3021	6420 1175 21 6788
3022	6752 4559 214 5248
3023	627 6938 6414 6118
3024	3319 1316 1718 6453
3025	5495 5533 1287 2291
3026	6852 2855 5317 7955
3027	6087 2351 6443 5101
3028	7972 6676 920 474
3029	151 768 4689 4875
3030	6648 1667 4724 2064
3031	2072 742 5409 7640
3032	5198 2701 4949 7678
3033	2482 6552 1640 3736
3034	3201 2169 7416 6400
3035	5285 4184 1345 6675
3036	7730 6822 1051 5152
3037	3930 1166 7629 6139
3038	2956 6692 3076 7906
3039	2026 124 4031 2329
3040	5069 3459 691 1854
3041	1946 2129 7619 4432
3042	1687 4556 4206 4698
3043	6858 6871 4454 7809
3044	3260 6403 6114 2156
3045	2646 5990 7112 583
3046	1711 5566 1295 7985
3047	6484 1384 4283 6592
3048	2411 6255 5520 6261
3049	4373 2063 75 288
3050	5801 4471 4668 3356
3051	6714 1156 1520 5947
3052	345 7222 7512 999
3053	1060 4895 2847 2652
3054	1189 1653 4695 1983
3055	2453 5955 6469 5803
3056	809 7519 7470 567
3057	6311 4235 1214 5509
3058	5080 7336 4000 2265
3059	4602 3222 4192 11
3060	6639 3698 4517 6714
3061	5100 5300 3787 380
3062	5061 6583 5335 4448
3063	3781 2895 5608 1020
3064	4276 5151 5714 7920
3065	5994 6103 4855 5126
3066	5840 387 773 6740
3067	780 5442 3379 1007
3068	4067 7090 4161 3094
3069	810 644 5850 312
3070	3699 104 1876 1476
3071	3647 898 2755 481
3072	2724 271 7650 5324
3073	614 2724 6604 5316
3074	71 6544 494 7837
3075	5321 2659 3522 5411
3076	377 1755 4522 7207
3077	6954 7182 7536 4219
3078	7655 6973 7851 3674
3079	5703 1848 3218 7883
3080	6602 4981 3396 3295
3081	3258 7319 1929 1500
3082	4474 1320 1576 4960
3083	92 2005 5769 7341
3084	3850 5431 5420 7189
3085	5276 5306 3460 1579
3086	1273 6875 4334 7401
3087	1874 7900 5696 3437
3088	6677 4173 1692 2800
3089	3495 2350 4137 4220
3090	5673 749 7715 2740
3091	1379 4245 62 5504
3092	5168 5559 2526 3328
3093	418 5396 7786 5849
3094	4480 1379 1027 4287
3095	4816 2086 2308 1713
3096	6987 3362 3200 1474
3097	3622 1151 6268 6799
3098	7566 4363 6673 2200
3099	3174 655 2124 923
3100	2435 7632 861 4420
3101	5495 2210 7564 2520
3102	6715 1912 1737 3049
3103	3027 2464 1540 6259
3104	6936 6552 3221 5120
3105	6566 68 2886 2788
3106	847 5181 7465 6203
3107	5111 5427 3354 5458
3108	1355 7577 3722 7411
3109	5323 5794 1983 4943
3110	1028 6782 6272 3564
3111	2616 1786 6093 1003
3112	551 132 3811 495
3113	7440 1150 3780 1183
3114	2670 6745 3955 3176
3115	1069 7616 5631 1090
3116	2571 4164 4993 4317
3117	5304 937 3521 5947
3118	2324 3218 4741 7248
3119	7731 4710 5640 6438
3120	4899 2805 7307 5366
3121	759 5355 3568 3429
3122	2480 3178 4857 5120
3123	4418 6604 1022 6000
3124	4154 7455 4884 4433
3125	1970 7143 5006 5232
3126	5772 6446 252 3697
3127	7634 6533 4482 4584
3128	1655 1545 3256 7861
3129	7310 4299 7218 2213
3130	1999 6276 6143 7896
3131	1937 7104 4394 3426
3132	7250 7273 5053 3811
3133	7183 3145 4583 4545
3134	1367 3801 31 1619
3135	6444 5456 120 742
3136	3825 1590 756 7087
3137	4679 6529 3456 6020
3138	1361 3631 5857 5801
3139	372 1695 6938 1296
3140	4886 1714 3158 2030
3141	1985 7944 4582 6637
3142	646 7861 2933 4049
3143	3530 4389 4730 2011
3144	3633 2463 6196 7042
3145	5433 6333 2101 5489
3146	7411 3789 1332 415
3147	1662 888 6595 2649
3148	5928 1679 6795 6242
3149	114 2383 4303 6003
3150	7562 6620 3364 3833
3151	557 6277 1538 4605
3152	5556 25 6404 7803
3153	6957 3072 3291 5540
3154	4158 4431 4820 7737
3155	6816 2716 7388 2834
3156	2199 7446 6854 2499
3157	1169 7252 6697 7402
3158	1516 6688 7617 3412
3159	7199 6965 112 1942
3160	4518 2558 1210 5989
3161	956 3058 6625 7280
3162	1379 7592 1523 3596
3163	4448 1868 7664 1489
3164	2752 1268 2278 2366
3165	5431 1918 2957 4155
3166	546 5527 2601 6868
3167	1496 5585 2549 1511
3168	1244 882 1400 517
3169	6599 7946 201 7704
3170	5392 5910 6032 3352
3171	3967 2343 5235 1307
3172	3297 6 228 808
3173	6348 7498 3015 230
3174	663 708 985 4267
3175	874 4489 4581 6527
3176	2765 501 4090 7633
3177	3331 1674 5575 5157
3178	3968 7906 5170 7866
3179	5423 5641 7437 5574
3180	6789 3790 3655 1364
3181	4666 2550 3948 105
3182	3359 215 6749 271
3183	7823 2695 3572 6369
3184	4081 7782 5498 1222
3185	7338 3918 6611 6596
3186	1418 2293 7247 3764
3187	6015 2486 2081 2498
3188	3166 4712 6277 603
3189	227 3308 4287 2411
3190	7254 5764 1133 3040
3191	2225 2879 1435 3786
3192	2982 6161 7126 6403
3193	7663 2093 6245 624
3194	3816 1317 1713 5972
3195	7243 4074 5324 4311
3196	251 3552 6963 7851
3197	5410 436 4229 1362
3198	7916 5164 1002 1410
3199	341 3893 6450 2903
3200	4022 6389 3345 6405
3201	5988 5876 7158 4303
3202	6398 7136 1226 2541
3203	2729 4859 6434 1159
3204	5800 6535 7526 217
3205	4242 4324 3767 7957
3206	1823 1707 1612 6357
3207	460 6811 5981 1993
3208	7654 6799 2393 2724
3209	4061 4262 345 3755
3210	3104 1217 2120 5745
3211	6688 870 5471 1769
3212	4721 6116 5915 880
3213	5155 2908 2712 6974
3214	6487 4584 7780 737
3215	3192 6512 2117 3035
3216	4514 3609 4771 560
3217	6792 5153 5605 542
3218	6280 777 3279 5463
3219	7055 3551 3869 4897
3220	7429 5800 4819 4677
3221	7408 4024 6629 5736
3222	4742 342 5467 1309
3223	6429 4790 2197 2058
3224	2869 7261 7048 3535
3225	4992 1479 7920 7823
3226	539 2249 7424 4848
3227	7269 5144 7925 1562
3228	5381 4991 7680 2953
3229	5153 6295 2682 2662
3230	1171 5361 5762 5043
3231	2957 998 262 4261
3232	5219 4782 3077 5693
3233	5777 3845 1757 299
3234	2773 7779 799 6271
3235	716 3594 1195 4055
3236	5743 3876 6104 7712
3237	1173 6542 5376 7601
3238	2705 3373 5275 7702
3239	723 4221 1397 3914
3240	2048 181 2610 786
3241	2628 7718 3262 5935
3242	326 2756 3265 7546
3243	1825 2990 1798 1733
3244	5237 332 2683 7028
3245	2263 7740 215 5947
3246	7371 4003 2934 2716
3247	5763 6981 4992 5042
3248	2746 878 7325 4830
3249	1103 3133 2372 7462
3250	3323 374 805 4437
3251	1820 1535 620 7595
3252	3122 6875 1225 7760
3253	272 7488 5259 6529
3254	5198 2348 5189 4321
3255	3780 4477 6897 6892
3256	3668 2165 4256 7954
3257	206 6945 2824 1664
3258	7148 5223 4428 3451
3259	5129 3050 431 7636
3260	1348 3631 385 1526
3261	6804 3026 6589 1291
3262	3277 3584 7622 2999
3263	382 7347 495 6180
3264	1372 5693 4628 3525
3265	5416 1601 2077 4446
3266	5091 3911 7482 909
3267	6454 6 7908 983
3268	3859 7345 2710 1978
3269	1572 770 3685 748
3270	6979 4605 4968 1182
3271	3979 3973 4675 4113
3272	6990 3997 4105 2549
3273	5369 444 3136 5681
3274	7138 2723 5379 4291
3275	487 4089 6558 6817
3276	3050 4417 3080 5340
3277	6408 2391 697 5224
3278	1334 693 1533 5250
3279	3330 4307 2709 6206
3280	1773 7045 4435 5367
3281	4198 3557 6283 5838
3282	4929 4300 1715 3879
3283	4291 295 2552 2069
3284	5389 7969 563 6247
3285	931 3413 3637 3872
3286	555 5218 2025 1797
3287	7750 1234 4041 2864
3288	5785 2827 4510 6619
3289	1527 129 717 2391
3290	6861 7364 4808 2661
3291	338 4560 3469 1900
3292	4184 2947 5677 843
3293	3869 351 3464 5476
3294	1728 6373 2793 2195
3295	1973 5466 979 6759
3296	7749 7967 4825 5492
3297	4122 5356 96 2017
3298	3358 1457 2632 4535
3299	4191 4915 5934 6969
3300	7515 7254 7048 5181
3301	4043 2378 5086 1034
3302	6654 938 3462 7424
3303	3669 5966 295 6982
3304	60 4371 5348 1259
3305	1201 7873 5989 6561
3306	2287 731 167 4782
3307	4859 6179 4177 5468
3308	5320 4906 5492 4893
3309	996 3520 2260 6117
3310	3852 5072 2988 1191
3311	3624 3898 5727 3973
3312	2947 5905 794 2084
3313	3397 7718 7233 797
3314	2541 750 3144 2822
3315	5798 6175 7487 1953
3316	7634 3232 7482 138
3317	7294 7386 6405 3019
3318	2708 6144 107 7331
3319	564 4124 3394 1240
3320	1789 3103 1306 3121
3321	5380 4824 3193 1957
3322	5767 6336 208 1260
3323	2566 3490 6578 4946
3324	5988 2096 6040 5844
3325	466 4429 5313 2681
3326	3793 3586 2201 7481
3327	6649 211 2111 5854
3328	1595 5910 2542 1888
3329	4129 6047 6936 7053
3330	6263 6443 3479 3198
3331	5146 750 4861 1322
3332	5964 7154 1022 3220
3333	4613 1735 7780 6397
3334	5326 6785 6559 3050
3335	3613 4987 4615 1727
3336	2633 4451 5171 6921
3337	4871 6723 301 1974
3338	3014 4059 7523 3845
3339	4913 7442 6619 1482
3340	6903 3138 6819 6554
3341	1671 5348 2124 7304
3342	1801 2004 6053 1452
3343	5566 2619 1695 3669
3344	5222 3837 7767 3716
3345	2664 6754 4885 4360
3346	5906 1144 6727 4392
3347	2262 6253 6091 7295
3348	4772 3182 3455 1290
3349	4322 7122 630 3654
3350	2768 4328 7220 2638
3351	448 2225 1223 4230
3352	7671 995 1120 1943
3353	7648 1230 931 270
3354	74 6595 3083 4184
3355	2895 6952 5460 2835
3356	6188 2164 3101 5390
3357	6574 4106 5881 3858
3358	3768 6653 741 5893
3359	6146 5014 107 1323
3360	1386 3537 7947 7954
3361	5943 5576 2116 2619
3362	426 7247 376 7161
3363	2761 7800 1753 3889
3364	1596 6090 3987 1972
3365	7987 6462 7016 3326
3366	1428 5698 340 931
3367	5257 967 7129 6622
3368	7124 6658 4010 6554
3369	4207 7239 2260 3400
3370	307 1900 4777 6585
3371	5651 4483 2637 2252
3372	5605 5510 3724 3237
3373	3560 5911 1874 1077
3374	707 5047 2077 3253
3375	2517 7035 707 6748
3376	4405 4057 4638 4072
3377	1854 7897 5928 7694
3378	2330 6380 3849 51
3379	5454 2589 3134 803
3380	478 955 4032 1665
3381	7272 4711 1058 4134
3382	2305 7229 4053 1805
3383	882 6879 1556 1237
3384	6084 4905 663 703
3385	6917 204 2942 1448
3386	7360 1634 7950 6771
3387	1064 5608 7229 7355
3388	2780 4417 2875 4508
3389	1285 5168 1905 7698
3390	6224 6826 2525 6899
3391	4264 4138 252 1280
3392	2077 4829 3754 132
3393	3583 3067 2804 1046
3394	5651 4849 6049 3151
3395	7946 6463 2396 7300
3396	1184 4852 2000 3547
3397	6791 3681 349 3112
3398	3484 4608 417 2432
3399	2925 1227 7707 1258
3400	239 2936 5160 4438
3401	3369 7452 5017 4656
3402	6147 3610 7944 4638
3403	6361 2581 3020 7021
3404	1429 5721 1885 4148
3405	530 1305 4709 1590
3406	7998 6707 247 6373
3407	1529 3667 553 7046
3408	410 4869 3862 6290
3409	7966 4723 5320 1361
3410	3927 5084 892 1854
3411	6240 6483 6736 93
3412	6436 2553 4089 5583
3413	954 2866 7366 5744
3414	4607 4816 1453 3540
3415	5847 5948 5424 5101
3416	1600 7884 4127 6407
3417	7731 5510 1826 2064
3418	1822 4237 636 3013
3419	720 7913 3663 4266
3420	7585 552 1014 644
3421	52 588 6361 4883
3422	1258 5425 6132 2651
3423	4117 2923 6150 4342
3424	6349 3973 2471 4313
3425	3840 5111 5063 187
3426	2173 3083 849 2612
3427	4336 3498 2554 5223
3428	7137 4220 5070 6534
3429	827 2261 887 6096
3430	5355 81 5182 5667
3431	3069 6727 5855 2794
3432	2227 5006 26 6367
3433	2096 3422 7928 2138
3434	4759 4963 976 413
3435	3865 1936 5845 3128
3436	3825 7026 1244 3035
3437	4434 3942 4696 1111
3438	254 684 4845 5401
3439	2593 1237 7965 3024
3440	4502 5912 4316 7079
3441	6393 3403 7543 3566
3442	6865 3858 4486 2697
3443	1833 717 1615 5945
3444	1594 1098 3081 5966
3445	6975 7180 1405 946
3446	5921 7815 1668 7423
3447	1076 6058 116 360
3448	3957 1883 439 3696
3449	7837 70 3013 3402
3450	1526 4726 7529 1803
3451	4671 2375 451 5549
3452	5496 2945 64 7915
3453	1940 4775 5718 6332
3454	3742 4094 5858 238
3455	3386 6038 974 3882
3456	7865 7623 7653 88
3457	5521 4020 5105 3666
3458	1909 6882 6001 1954
3459	7533 2274 1215 4610
3460	749 3216 409 6255
3461	320 3076 2541 5921
3462	1491 566 5054 5745
3463	3518 6321 5957 6204
3464	2127 2611 1367 3896
3465	6957 7492 5814 7074
3466	7864 2395 1011 7351
3467	3766 7920 1727 2261
3468	6942 4487 5259 2443
3469	362 4795 17 6273
3470	2454 4125 495 5985
3471	1891 924 3867 2028
3472	6552 6411 545 4973
3473	4171 951 7849 413
3474	6622 1531 6762 563
3475	7040 5806 2342 6548
3476	3405 7078 6287 597
3477	6990 4366 458 1627
3478	2712 5960 7603 6156
3479	5308 2850 4426 3490
3480	3307 8000 4508 3102
3481	1440 4209 6021 7699
3482	3660 1215 829 3188
3483	2131 7794 6445 5663
3484	1729 2905 2704 1353
3485	876 7830 5184 7452
3486	4576 3045 967 5929
3487	5567 3731 715 276
3488	6517 1140 7150 999
3489	2701 4074 4537 1125
3490	7708 4533 4850 6798
3491	4363 5019 5842 5951
3492	5449 5358 1677 3012
3493	5171 1248 1275 1782
3494	2179 647 7735 3023
3495	4728 3003 6531 4529
3496	5021 1767 4554 6591
3497	2604 2536 2199 1778
3498	5927 7256 3621 2168
3499	7703 1327 3067 4707
3500	4875 7219 6148 5958
3501	5891 7651 6221 2321
3502	7228 7872 1413 1081
3503	3043 6607 4631 528
3504	6285 3429 15 581
3505	1227 3476 5513 6146
3506	5232 3409 2596 6780
3507	1516 2255 2585 5753
3508	3085 6599 2064 360
3509	1958 4518 6482 3350
3510	6905 6245 68 1813
3511	1530 7233 1905 3159
3512	1474 2733 2475 1291
3513	6450 5912 1699 6404
3514	7779 5856 3795 6619
3515	3975 3522 6910 1784
3516	5073 917 5007 5160
3517	4900 1789 1958 391
3518	1935 7313 4940 1430
3519	7217 6079 3436 5155
3520	7675 2848 6358 6786
3521	3975 7774 7614 4477
3522	4601 5924 119 237
3523	4123 7070 5624 7518
3524	6054 904 2240 2339
3525	205 4399 355 2673
3526	798 3288 7456 3353
3527	5034 158 5474 1128
3528	7281 7016 4813 2283
3529	3016 211 6572 7894
3530	7408 4063 67 5108
3531	599 4626 1307 3601
3532	6920 4643 2148 2459
3533	2333 7358 5469 5367
3534	6107 6714 4658 3205
3535	4360 3123 3320 4377
3536	4528 6114 363 4839
3537	1634 4432 1083 3409
3538	2537 3526 6866 6262
3539	5013 4799 4364 3319
3540	4862 7635 3096 5499
3541	7382 3352 3367 5605
3542	5139 7170 3027 6087
3543	4234 7631 2112 4478
3544	3192 4229 965 5317
3545	3730 3070 1484 421
3546	7060 3089 4000 3196
3547	5985 3704 774 6067
3548	3140 4899 5683 4957
3549	7410 6876 6481 2283
3550	518 1003 6724 130
3551	1213 5236 2513 5653
3552	5437 6283 5467 3638
3553	3704 2087 2487 4156
3554	7053 797 7152 7073
3555	1830 7126 724 1621
3556	4011 5105 412 7248
3557	6420 2903 7604 7642
3558	5060 2089 2226 2334
3559	3896 3812 5315 5927
3560	3821 3673 6479 5313
3561	6757 3204 7629 2648
3562	6012 4746 2544 195
3563	1908 4206 4173 5175
3564	4817 4735 6756 6370
3565	1989 81 7792 2633
3566	4775 5634 7379 4683
3567	2094 6507 6942 1057
3568	2465 1951 6647 7255
3569	855 2865 1628 3488
3570	3433 6893 7696 5766
3571	628 660 7300 7167
3572	1221 6277 7643 5861
3573	567 460 2178 59
3574	6017 4995 4849 545
3575	6664 4235 5860 1250
3576	7367 6534 4336 873
3577	4353 5730 2645 4361
3578	3548 3897 2576 7927
3579	103 3536 5876 1886
3580	1614 4448 7332 4032
3581	6420 1755 7683 3503
3582	2802 1539 3985 7352
3583	3995 1686 7897 662
3584	5881 2443 713 4447
3585	1269 703 6457 5363
3586	2208 4994 7166 6078
3587	5474 1496 7530 2857
3588	658 455 711 2485
3589	4239 4134 643 2037
3590	4270 3533 3085 1562
3591	5154 882 2467 7667
3592	3347 4076 245 785
3593	217 7485 2526 3100
3594	3936 6899 5435 7480
3595	4872 628 930 1010
3596	4005 276 1986 1907
3597	3397 1543 334 4707
3598	6313 2063 69 1897
3599	1686 2254 1698 3927
3600	881 3012 594 162
3601	4999 5668 1989 2564
3602	1128 3746 7710 2139
3603	2052 7794 5861 5631
3604	4160 984 792 5151
3605	3868 1560 6409 6803
3606	7356 7988 7557 875
3607	66 3252 2469 4220
3608	6318 1841 7928 536
3609	4844 6347 1537 2794
3610	7407 4050 7465 3968
3611	1679 5509 219 4090
3612	7501 1093 1693 7593
3613	7805 5776 2236 3915
3614	290 1919 4357 4604
3615	2816 6492 3354 5074
3616	2316 2034 1629 1051
3617	4316 6279 7217 323
3618	5144 2709 4503 2236
3619	7264 2346 7907 4355
3620	4464 6941 7106 2776
3621	760 2716 4151 1757
3622	569 1234 3355 879
3623	4274 1428 470 2159
3624	3607 5838 4412 816
3625	870 4556 2128 6393
3626	3126 32 2555 3289
3627	3762 2877 7631 4284
3628	6873 7104 3615 7331
3629	2579 1285 606 1790
3630	2457 126 7814 3543
3631	5016 3556 6232 477
3632	7417 4204 5852 2969
3633	2065 5826 6027 1963
3634	383 7800 1281 6566
3635	827 5144 2617 3702
3636	4434 6834 3705 5179
3637	7939 4745 1232 6607
3638	3434 2675 4080 1136
3639	938 3154 7015 5324
3640	1033 2745 7315 4024
3641	6434 6032 6848 2498
3642	4174 6358 2674 6881
3643	4722 5663 7219 7250
3644	4382 6541 2893 7015
3645	4549 1228 7802 1119
3646	4759 959 2688 5827
3647	6997 3544 7720 6039
3648	6526 1728 290 4490
3649	12 4691 111 4527
3650	2123 740 3879 2998
3651	2882 7955 2442 6033
3652	6285 293 267 5079
3653	1004 6774 7108 1503
3654	186 6192 3883 6626
3655	7599 898 7249 4528
3656	6638 6097 2138 4782
3657	4520 7699 4259 2000
3658	4519 3818 4411 481
3659	5136 6610 367 6026
3660	4004 6359 6434 3196
3661	4296 4907 5735 7946
3662	4840 894 3542 6871
3663	5655 5565 4886 4578
3664	3817 5522 1240 6409
3665	5199 669 7880 4409
3666	769 6497 7777 4826
3667	1588 6886 5490 3283
3668	2811 5771 2875 6111
3669	6980 2735 6748 1166
3670	245 90 3502 6009
3671	6283 4930 1582 5941
3672	413 488 7553 6439
3673	2312 802 4851 4707
3674	2001 2922 5516 880
3675	1149 3834 4953 5912
3676	7659 930 700 4093
3677	4001 7588 4284 2706
3678	7514 1549 6297 1647
3679	3172 7811 149 7209
3680	28 6406 4569 5253
3681	6292 7286 1379 4990
3682	5834 2735 3632 2531
3683	2729 4959 7699 2842
3684	2612 6233 2816 4830
3685	3168 184 46 3025
3686	4691 5040 6300 7886
3687	3601 6384 357 5468
3688	2022 7762 6690 7576
3689	4549 6229 6954 7979
3690	7299 2347 7440 688
3691	7084 4405 515 3359
3692	5432 6739 1498 4598
3693	1296 4323 5711 1356
3694	4249 634 5271 5943
3695	115 3631 940 4728
3696	1181 2297 1996 4789
3697	7936 2122 5203 2268
3698	3912 7255 820 5536
3699	1315 680 997 7438
3700	1319 857 7366 6719
3701	1996 1123 3236 1350
3702	6745 2026 310 7048
3703	4853 6335 4509 5139
3704	4530 3211 431 6521
3705	4870 7831 4654 1362
3706	6913 5381 3870 3082
3707	36 5907 3412 6844
3708	7807 3078 1770 3288
3709	7120 3771 3075 6507
3710	2635 895 4218 7623
3711	6540 3593 5366 992
3712	5315 3409 7385 5529
3713	3106 5129 5407 4493
3714	6653 7445 4974 5966
3715	3181 2607 5468 5021
3716	2822 2725 578 4198
3717	1872 820 4303 3379
3718	2240 6292 6265 742
3719	6128 6866 4232 7488
3720	6130 1768 6693 7850
3721	3172 7743 5707 3219
3722	141 6371 3270 2572
3723	2480 4014 7991 3758
3724	7887 2745 1378 5429
3725	1564 4013 4644 560
3726	1870 5060 5364 7880
3727	7095 3561 5873 304
3728	7209 7445 5030 4241
3729	3457 6953 4425 5801
3730	4746 3721 5526 404
3731	589 5923 7511 642
3732	2495 6522 2073 4631
3733	4036 4629 403 7457
3734	2103 7284 7647 6926
3735	4405 4140 3641 3933
3736	3869 2205 5721 6898
3737	957 3702 3450 3364
3738	6054 3164 5422 7755
3739	6868 2062 1749 1287
3740	1625 4734 6898 3983
3741	3728 2379 4310 4838
3742	2227 4780 452 498
3743	117 2765 2913 4798
3744	5110 793 3950 3456
3745	7676 3254 5979 1841
3746	3887 6974 5241 5650
3747	5831 3005 4012 2343
3748	4426 6227 7828 4334
3749	7410 6810 5269 7167
3750	6828 6598 2717 4524
3751	1656 7469 7440 5164
3752	5375 5325 7378 268
3753	6685 370 6720 3693
3754	470 3557 3962 2073
3755	6233 6612 6498 5294
3756	2048 4934 1406 2622
3757	7570 7265 2006 4716
3758	540 3580 3775 1110
3759	6737 7866 4605 5816
3760	1459 1720 6171 6973
3761	3834 7025 1997 7415
3762	6762 6016 3761 4477
3763	6831 3996 501 1030
3764	637 6814 4966 4581
3765	5452 3350 2633 5461
3766	6953 1924 2561 3689
3767	2947 4383 1581 1525
3768	2582 2159 429 6336
3769	3126 6652 7764 4819
3770	6937 1739 6921 2572
3771	2789 1028 1529 1204
3772	7483 826 4268 727
3773	7758 3953 2114 4757
3774	3673 1801 7220 6451
3775	1981 7032 4401 1295
3776	5616 1572 1023 1372
3777	5739 6914 1525 4106
3778	5023 1025 7141 5394
3779	4746 3371 3320 367
3780	320 5940 4543 5617
3781	1002 6781 5636 6796
3782	1539 4991 7125 6056
3783	539 7706 7931 5392
3784	3461 4163 7836 7759
3785	4713 3018 157 2705
3786	5702 4738 3263 659
3787	2535 1043 776 886
3788	3789 6170 4931 4404
3789	3522 2433 5887 5843
3790	3999 7549 1301 3622
3791	7871 2008 750 7149
3792	6590 3963 1420 3517
3793	3284 7545 5642 1912
3794	5259 6991 7391 395
3795	5564 4514 5787 648
3796	5054 1647 4341 2660
3797	7143 7004 6241 3262
3798	2642 5513 7255 7004
3799	7990 617 4936 7561
3800	1740 3411 43 7985
3801	4888 6825 6709 3293
3802	4694 4865 3426 859
3803	3851 331 3980 3534
3804	575 3712 2706 7488
3805	4505 7222 5853 310
3806	4879 1632 6207 5344
3807	4527 2180 2761 6653
3808	3764 1974 2157 6066
3809	2803 7834 373 6880
3810	981 3157 4009 4726
3811	5712 6281 358 688
3812	2037 2055 1652 7911
3813	2042 6109 6651 2722
3814	1794 1134 4737 7910
3815	257 3731 2285 7631
3816	4636 6790 2266 1760
3817	5461 3631 5389 7142
3818	497 2160 1859 5574
3819	4109 6077 5854 6553
3820	5435 3870 565 6548
3821	6615 5184 6241 1076
3822	135 517 831 7215
3823	3268 4654 5867 5821
3824	7619 5348 4196 4979
3825	5416 5315 7605 6739
3826	2592 4472 3528 2636
3827	3653 7578 791 1701
3828	7313 5055 72 2563
3829	5809 7190 4719 2937
3830	2478 5376 2335 6411
3831	7797 162 5572 6380
3832	6578 198 3783 3636
3833	7957 523 1229 4057
3834	5328 4839 5559 1843
3835	265 4545 7244 2438
3836	167 1433 923 1901
3837	1876 3352 5384 780
3838	3530 1264 5817 2972
3839	1714 320 1491 2796
3840	2464 5687 954 5025
3841	3390 2455 1998 6529
3842	5366 7028 5049 7140
3843	5489 5923 2313 5186
3844	6995 4008 2285 2807
3845	7345 5172 5363 7703
3846	6603 1578 3831 4656
3847	4669 6593 6963 158
3848	4937 2736 5223 6475
3849	6968 1431 4248 1724
3850	4013 7735 618 6093
3851	7466 654 4297 1660
3852	7007 6256 3434 617
3853	6280 4747 4140 4911
3854	239 480 595 1744
3855	4888 5925 4707 7226
3856	7162 7640 6592 3290
3857	2482 6979 5902 2238
3858	7424 7513 3785 1770
3859	562 6024 7782 4808
3860	4494 3438 4858 7841
3861	5198 3628 1985 4987
3862	2985 2848 64 3569
3863	6635 2352 1858 1262
3864	1748 2906 3853 5964
3865	1505 454 1355 342
3866	962 4748 752 6905
3867	7651 3541 3623 1548
3868	4849 3956 4772 5523
3869	1640 2199 303 2942
3870	4334 7260 2421 7315
3871	317 2143 3909 5653
3872	1855 6110 6306 6685
3873	6294 2188 2270 4433
3874	5711 650 4593 4342
3875	3056 6343 7850 4279
3876	5745 4728 3025 5879
3877	2406 1599 7876 3050
3878	5816 2004 4967 7107
3879	3261 4477 7558 4319
3880	7443 804 4871 3116
3881	350 1174 2275 1254
3882	5149 3287 1847 5765
3883	4149 6137 7460 5171
3884	7475 6606 428 6219
3885	7437 6165 1019 5461
3886	6251 2131 3417 7376
3887	7132 1645 468 891
3888	692 5438 4617 3456
3889	2626 7278 1572 7895
3890	1974 2645 5521 4706
3891	7599 3671 3131 5245
3892	6435 1815 5478 6153
3893	3358 6415 1638 4591
3894	7150 3522 5608 4512
3895	4020 789 3924 2676
3896	6569 4320 2691 784
3897	5407 5983 7452 1583
3898	1087 719 2496 3828
3899	6286 6736 835 2222
3900	7781 1431 4494 4077
3901	2677 2554 5198 3306
3902	2276 2003 5608 4788
3903	7174 7169 2402 5409
3904	6555 606 3656 686
3905	7826 3664 6709 3247
3906	2734 4635 7342 507
3907	2864 7697 4359 5166
3908	5226 2886 3156 931
3909	4639 518 2595 6873
3910	3370 1479 2231 2575
3911	6395 4962 4045 6775
3912	5524 3324 4233 2161
3913	5054 7397 1971 6865
3914	1802 2808 2538 6671
3915	7983 563 4732 7899
3916	4005 5504 7453 7255
3917	1739 543 3931 699
3918	2014 7107 1963 2835
3919	6090 3592 4038 4719
3920	7786 427 7454 7808
3921	1138 7296 3926 6593
3922	5268 127 1096 2943
3923	3169 1576 2559 5201
3924	2986 6071 4034 1513
3925	3886 6275 4205 3856
3926	7672 7498 2290 3892
3927	5975 1592 6901 538
3928	2276 1873 6215 3295
3929	1495 5382 7467 5677
3930	7814 4168 3596 7050
3931	358 5346 3256 7790
3932	3949 2438 7969 3703
3933	4229 2399 6899 2374
3934	5869 5948 7433 488
3935	440 7997 7676 2751
3936	912 4746 4237 6112
3937	5063 6983 3730 3144
3938	1583 6449 5625 4522
3939	2084 503 5204 4086
3940	4011 1144 5912 4249
3941	2636 808 5479 6333
3942	538 699 491 3119
3943	563 5269 28 3753
3944	6094 4398 6438 3596
3945	110 2669 45 2275
3946	110 2703 3619 1665
3947	2329 888 794 754
3948	7211 1087 6676 171
3949	2829 7300 6794 2716
3950	520 6242 3990 5655
3951	2793 1748 7252 5244
3952	7373 7630 6706 251
3953	7699 711 3797 4858
3954	392 193 3117 4822
3955	25 279 2387 2025
3956	3255 5211 3206 6540
3957	3179 806 4390 61
3958	2215 7636 834 1235
3959	4273 1644 4181 452
3960	3271 3900 1078 2337
3961	807 2079 6186 3225
3962	7124 52 1417 1910
3963	5213 6635 1180 3805
3964	5410 236 1967 7214
3965	1151 1153 1725 886
3966	4398 3870 7669 2448
3967	4833 554 6005 5123
3968	4251 2565 6332 7750
3969	7102 1964 1895 6067
3970	3090 6659 4641 6244
3971	1860 7885 6976 6563
3972	7557 4410 3732 850
3973	7411 5350 1290 1894
3974	3187 248 646 5794
3975	7633 2506 7996 5299
3976	4855 4150 7974 5172
3977	7376 5840 667 6034
3978	5709 4040 3204 6634
3979	7330 1244 4860 2994
3980	408 3299 3781 2204
3981	1587 4417 3640 1963
3982	3163 1815 1600 430
3983	6460 6547 4137 1881
3984	990 5654 1644 2515
3985	1633 45 2789 5112
3986	5735 7305 5690 3773
3987	512 2053 785 476
3988	2864 1605 7501 2710
3989	1683 4732 4325 5915
3990	656 3803 624 1188
3991	3688 6846 659 3966
3992	372 3881 3916 635
3993	6837 909 6475 5786
3994	118 1116 7135 899
3995	2604 4161 58 2294
3996	543 3014 1396 6337
3997	3159 1921 736 4069
3998	7177 7115 7056 5884
3999	6888 2345 4482 6969
4000	6128 808 4516 4337
