Students	1000
1	10 9 2 3
2	9 5 6 3
3	2 9 7 4
4	5 6 4 10
5	4 8 3 5
6	6 4 2 3
7	10 3 5 7
8	9 5 4 3
9	10 6 1 7
10	8 4 6 3
11	2 5 1 6
12	8 2 9 5
13	3 6 8 10
14	10 1 6 5
15	3 2 9 4
16	8 2 6 9
17	5 8 7 1
18	4 7 1 3
19	9 8 6 4
20	3 5 6 2
21	9 6 7 2
22	9 2 10 7
23	7 10 6 4
24	4 7 10 2
25	9 3 6 4
26	4 1 9 6
27	2 10 5 1
28	7 4 1 9
29	9 6 8 7
30	5 1 4 2
31	7 3 4 1
32	7 2 6 5
33	2 4 1 9
34	2 6 7 5
35	9 2 4 10
36	9 6 10 2
37	2 5 9 4
38	9 1 3 7
39	4 2 7 1
40	6 10 7 4
41	4 10 3 5
42	10 5 8 6
43	1 7 2 6
44	9 6 1 10
45	7 2 6 4
46	7 4 6 8
47	10 6 4 5
48	5 4 7 2
49	1 3 8 9
50	1 10 7 6
51	8 3 7 6
52	5 7 3 9
53	6 8 7 5
54	3 4 9 7
55	8 2 10 6
56	3 9 1 5
57	3 4 8 2
58	9 7 4 6
59	4 2 6 5
60	1 4 9 7
61	6 10 5 4
62	3 6 8 2
63	1 6 7 9
64	10 2 4 3
65	6 9 7 1
66	10 5 9 2
67	7 8 3 2
68	2 5 9 6
69	8 4 10 2
70	4 5 6 1
71	9 5 6 4
72	6 9 2 8
73	8 4 9 1
74	5 4 9 7
75	7 9 1 5
76	3 2 6 7
77	10 1 4 5
78	1 3 6 8
79	9 5 4 7
80	3 8 5 6
81	6 5 7 9
82	2 10 1 5
83	8 6 4 3
84	1 3 10 8
85	10 4 5 2
86	1 2 6 3
87	3 5 10 7
88	9 3 6 2
89	3 5 1 4
90	6 3 2 1
91	5 9 3 7
92	2 8 6 1
93	10 8 3 4
94	9 3 5 2
95	7 3 8 2
96	10 5 8 9
97	5 3 10 2
98	4 1 10 8
99	5 2 9 7
100	6 2 5 9
101	5 3 9 2
102	1 7 10 4
103	8 5 7 2
104	5 7 9 4
105	7 10 6 1
106	1 8 4 2
107	1 2 9 10
108	9 2 7 10
109	8 1 10 7
110	8 3 7 9
111	5 6 7 10
112	4 5 7 9
113	6 8 3 7
114	5 3 10 9
115	5 1 2 7
116	3 6 5 2
117	5 2 8 10
118	4 3 1 7
119	7 8 9 6
120	10 3 2 5
121	4 2 7 3
122	8 5 1 7
123	7 9 6 1
124	1 10 5 8
125	9 3 10 4
126	6 9 3 5
127	6 1 2 3
128	8 5 10 6
129	1 10 5 2
130	7 3 9 1
131	7 3 8 10
132	4 10 8 1
133	1 8 5 6
134	6 1 5 9
135	10 3 4 6
136	10 3 7 4
137	10 3 7 8
138	9 10 5 4
139	1 9 5 10
140	8 9 4 7
141	3 6 8 4
142	6 7 2 1
143	5 3 7 2
144	7 4 2 10
145	8 7 2 6
146	6 5 9 7
147	8 4 9 7
148	4 3 2 10
149	10 3 4 1
150	2 9 10 6
151	9 4 1 3
152	1 8 10 5
153	10 4 6 8
154	7 1 9 2
155	10 7 9 3
156	5 2 1 3
157	10 6 2 7
158	10 1 4 8
159	1 3 8 7
160	3 9 1 4
161	4 10 1 3
162	1 6 4 8
163	5 4 9 1
164	4 5 9 1
165	10 4 1 8
166	7 6 4 10
167	9 8 10 2
168	9 3 1 7
169	3 10 2 9
170	6 3 7 5
171	10 5 4 8
172	7 6 2 5
173	8 5 7 6
174	1 9 5 2
175	9 7 2 10
176	5 7 2 4
177	8 10 9 2
178	5 2 4 9
179	7 9 5 10
180	8 3 1 4
181	4 9 2 3
182	2 3 8 10
183	2 9 1 7
184	5 2 4 8
185	2 10 4 6
186	6 10 3 5
187	9 10 7 5
188	3 2 1 5
189	3 5 2 8
190	3 7 5 1
191	3 4 9 8
192	6 2 3 10
193	7 3 1 9
194	9 4 7 10
195	2 5 1 9
196	1 8 7 9
197	6 8 10 7
198	6 7 1 5
199	2 1 7 3
200	3 8 2 9
201	9 7 4 1
202	6 3 5 8
203	6 4 1 3
204	9 3 4 1
205	5 2 10 4
206	9 5 1 8
207	6 10 8 2
208	2 1 6 10
209	7 1 9 3
210	4 3 10 8
211	1 10 3 7
212	7 2 8 1
213	1 10 6 7
214	2 3 8 9
215	8 1 9 5
216	4 6 10 3
217	10 3 9 4
218	3 6 4 2
219	3 10 4 8
220	1 2 4 10
221	1 9 7 5
222	6 1 7 10
223	7 1 10 5
224	3 1 6 8
225	3 2 1 10
226	6 2 5 10
227	1 3 9 4
228	2 9 10 5
229	6 9 8 4
230	8 10 1 3
231	5 9 2 7
232	4 2 8 9
233	6 2 3 1
234	6 2 5 8
235	4 1 8 3
236	3 7 5 1
237	2 9 5 8
238	1 10 7 9
239	10 7 3 4
240	4 1 6 2
241	2 8 5 6
242	9 3 10 1
243	3 5 8 10
244	5 10 9 6
245	10 2 9 8
246	1 2 8 9
247	9 5 2 7
248	5 8 2 4
249	5 1 4 9
250	4 6 7 10
251	9 2 4 10
252	4 7 8 6
253	4 9 10 8
254	1 10 5 8
255	6 2 8 9
256	1 5 3 10
257	9 2 1 8
258	6 8 1 4
259	3 5 1 2
260	7 10 2 4
261	5 7 6 8
262	1 5 3 2
263	10 2 3 5
264	5 8 6 7
265	8 1 3 9
266	8 1 9 6
267	3 10 9 8
268	10 9 5 3
269	2 7 3 1
270	7 3 6 2
271	3 6 5 2
272	8 10 5 4
273	10 3 6 2
274	9 4 8 10
275	3 4 6 1
276	6 8 5 3
277	1 7 5 10
278	3 6 7 5
279	6 10 3 7
280	6 2 4 10
281	6 2 8 5
282	5 8 4 6
283	6 8 2 4
284	7 9 2 8
285	5 6 3 2
286	10 8 6 7
287	10 6 3 8
288	1 5 8 10
289	9 10 1 5
290	2 7 5 9
291	2 3 1 6
292	2 5 6 7
293	9 3 5 4
294	3 2 1 6
295	6 3 8 1
296	1 10 8 4
297	5 9 3 10
298	8 9 6 2
299	1 4 3 9
300	1 7 10 4
301	3 6 8 4
302	7 2 9 3
303	9 8 6 7
304	3 5 10 1
305	6 9 1 2
306	9 1 8 4
307	8 3 5 1
308	10 5 2 9
309	2 1 10 7
310	2 5 3 7
311	1 5 9 8
312	5 2 4 7
313	8 7 9 1
314	8 4 6 3
315	8 3 4 2
316	6 7 10 5
317	6 3 10 1
318	9 6 10 3
319	4 8 9 10
320	9 5 1 4
321	7 2 9 6
322	1 10 4 5
323	10 8 7 3
324	2 6 7 4
325	1 8 3 2
326	7 2 8 1
327	9 7 4 6
328	3 2 7 9
329	1 7 10 5
330	4 8 2 5
331	2 6 9 8
332	6 3 9 1
333	4 2 7 9
334	7 2 3 1
335	1 3 6 2
336	9 5 4 1
337	3 5 1 2
338	5 8 10 7
339	1 8 2 5
340	3 5 9 2
341	9 5 4 10
342	6 1 2 5
343	3 4 10 2
344	9 1 4 5
345	1 5 6 7
346	6 5 9 7
347	6 2 1 7
348	8 5 9 3
349	4 6 2 5
350	2 5 7 3
351	4 9 8 2
352	8 3 10 1
353	1 9 6 8
354	9 2 7 6
355	2 4 9 8
356	5 10 9 2
357	6 4 1 5
358	4 10 3 5
359	4 1 2 3
360	6 8 9 2
361	2 6 1 4
362	3 9 5 7
363	10 4 5 3
364	5 1 8 3
365	8 6 4 2
366	5 7 1 8
367	4 3 9 5
368	6 8 4 2
369	8 10 5 2
370	1 8 2 3
371	3 1 10 6
372	6 2 9 10
373	5 6 9 8
374	9 5 10 4
375	2 4 8 6
376	3 4 10 5
377	10 8 3 6
378	7 5 9 2
379	5 1 4 9
380	2 7 4 6
381	8 3 1 2
382	10 4 6 1
383	7 5 4 1
384	8 5 3 10
385	10 4 6 2
386	9 8 7 10
387	6 1 8 4
388	6 5 4 2
389	9 6 8 4
390	8 10 3 1
391	4 3 6 2
392	9 1 10 5
393	8 5 10 3
394	7 3 6 10
395	5 8 10 2
396	5 4 1 6
397	10 4 2 9
398	5 1 4 10
399	9 8 4 2
400	7 3 4 2
401	6 5 9 3
402	7 3 6 5
403	4 10 6 1
404	3 8 10 6
405	6 4 9 3
406	4 9 5 8
407	8 3 2 6
408	3 10 5 7
409	8 9 3 7
410	6 1 3 8
411	7 5 8 4
412	1 5 4 7
413	10 6 1 2
414	6 1 10 8
415	8 4 5 1
416	4 1 10 9
417	5 9 10 3
418	2 8 9 7
419	10 5 2 3
420	5 9 10 7
421	5 8 3 6
422	8 2 9 4
423	1 9 4 5
424	1 7 10 3
425	6 8 7 2
426	9 1 10 6
427	4 2 3 6
428	3 4 7 2
429	3 9 7 5
430	2 6 10 5
431	4 9 1 8
432	10 6 5 7
433	6 7 2 8
434	1 6 3 10
435	8 4 6 5
436	8 2 10 4
437	5 3 9 1
438	3 6 9 7
439	1 4 7 9
440	7 10 5 6
441	5 9 7 8
442	5 2 9 1
443	4 9 2 1
444	8 5 4 3
445	3 1 7 9
446	9 10 1 2
447	9 8 3 6
448	3 10 7 9
449	4 7 6 2
450	2 7 1 3
451	7 10 6 3
452	10 8 7 9
453	10 5 8 7
454	8 5 7 2
455	9 8 3 10
456	2 10 3 9
457	6 9 2 10
458	6 8 10 4
459	8 7 9 2
460	7 1 4 5
461	5 3 2 4
462	3 7 8 4
463	10 2 5 9
464	2 1 6 7
465	1 6 5 9
466	1 7 3 5
467	6 1 8 3
468	3 7 8 1
469	3 1 9 6
470	2 10 9 7
471	8 6 2 7
472	10 2 7 1
473	6 4 10 2
474	10 1 6 3
475	1 7 9 2
476	4 6 7 10
477	4 6 10 9
478	2 9 5 6
479	4 6 10 1
480	10 3 2 1
481	1 5 8 10
482	3 10 9 7
483	5 7 3 4
484	6 10 8 1
485	6 3 10 2
486	2 3 10 7
487	2 3 6 10
488	4 2 9 1
489	3 5 4 7
490	8 1 9 10
491	3 10 4 2
492	3 2 9 5
493	10 6 1 5
494	3 8 2 5
495	6 9 4 7
496	1 7 4 10
497	4 8 5 3
498	7 8 4 10
499	2 8 9 5
500	9 10 8 2
501	10 1 8 3
502	2 9 7 1
503	10 9 4 8
504	5 9 10 3
505	3 5 4 2
506	10 7 1 3
507	3 5 2 4
508	5 2 8 6
509	6 10 5 7
510	6 2 10 1
511	8 6 1 7
512	10 6 4 1
513	1 4 7 6
514	4 9 8 6
515	10 4 8 1
516	7 9 4 3
517	8 10 1 3
518	9 8 6 5
519	9 10 8 3
520	2 6 4 7
521	6 7 2 3
522	10 2 9 8
523	6 9 5 8
524	4 1 10 3
525	7 8 6 2
526	1 2 6 4
527	1 3 8 4
528	4 8 3 5
529	5 4 10 6
530	4 7 1 8
531	4 6 8 9
532	4 5 10 7
533	2 3 10 9
534	8 1 2 5
535	6 10 9 1
536	3 5 9 7
537	8 4 3 7
538	7 5 2 1
539	8 10 2 5
540	1 10 7 6
541	8 3 4 6
542	10 3 4 1
543	2 8 6 7
544	7 2 8 9
545	3 2 7 8
546	3 9 8 7
547	7 10 2 6
548	5 6 2 9
549	8 4 9 1
550	9 2 8 10
551	9 5 7 2
552	5 1 9 7
553	10 4 8 6
554	6 10 8 7
555	8 1 5 2
556	7 10 1 9
557	5 3 2 4
558	7 4 2 1
559	5 9 4 8
560	1 8 5 2
561	3 2 5 10
562	6 8 9 2
563	9 3 7 10
564	1 3 10 6
565	5 4 8 10
566	9 6 8 2
567	2 4 10 1
568	1 3 5 4
569	5 8 6 7
570	7 8 6 10
571	6 8 1 3
572	3 9 6 4
573	10 5 3 9
574	3 1 2 9
575	10 8 5 7
576	3 1 10 5
577	8 7 6 10
578	4 8 3 2
579	4 5 7 1
580	1 3 4 10
581	9 2 6 4
582	8 3 2 10
583	8 1 5 3
584	6 1 3 7
585	9 1 6 7
586	6 8 3 4
587	8 1 10 2
588	1 8 9 3
589	9 2 1 8
590	8 7 4 10
591	1 6 2 5
592	9 4 8 3
593	3 7 2 5
594	7 1 5 4
595	4 6 8 1
596	9 7 2 10
597	8 1 4 2
598	7 2 4 3
599	10 6 1 4
600	1 3 5 10
601	2 1 5 6
602	3 4 7 1
603	1 10 9 8
604	1 7 10 3
605	8 3 4 6
606	9 2 7 6
607	4 9 2 8
608	1 7 6 9
609	8 10 7 6
610	10 6 7 8
611	6 2 5 10
612	5 7 8 10
613	10 3 2 1
614	6 5 2 10
615	8 2 4 9
616	2 4 10 6
617	8 7 2 4
618	6 10 2 4
619	8 5 9 3
620	1 6 7 4
621	4 2 7 8
622	4 3 5 10
623	1 2 9 6
624	4 10 3 2
625	10 1 5 8
626	10 5 8 2
627	7 6 5 4
628	10 4 7 2
629	2 7 5 4
630	3 2 1 4
631	3 5 4 9
632	10 3 6 4
633	2 8 6 4
634	2 6 9 7
635	7 2 10 4
636	2 1 3 9
637	3 2 9 8
638	6 7 9 10
639	6 5 9 4
640	9 6 5 10
641	1 8 6 2
642	5 1 9 3
643	6 4 3 8
644	1 7 3 10
645	5 1 4 10
646	10 4 1 7
647	8 1 7 4
648	5 3 8 10
649	9 10 5 1
650	5 1 6 9
651	4 3 5 1
652	5 6 4 2
653	2 4 10 9
654	5 9 4 1
655	7 2 1 5
656	3 4 6 7
657	2 5 3 6
658	10 5 7 6
659	6 7 5 4
660	9 3 7 8
661	3 6 8 2
662	4 10 3 7
663	2 7 6 1
664	7 3 1 4
665	8 6 4 3
666	6 7 1 5
667	1 6 10 5
668	4 6 2 5
669	2 6 8 4
670	1 4 5 10
671	6 4 5 1
672	9 1 7 4
673	10 3 2 9
674	1 10 4 9
675	10 3 2 9
676	3 1 8 6
677	6 8 2 1
678	5 4 7 1
679	9 4 7 8
680	7 9 4 1
681	6 4 9 5
682	8 7 5 1
683	6 1 5 10
684	6 2 7 4
685	5 10 4 3
686	3 7 4 2
687	8 2 7 9
688	2 8 6 3
689	3 2 1 4
690	9 7 2 1
691	9 10 6 3
692	7 6 9 2
693	9 8 1 7
694	4 2 6 10
695	3 7 4 6
696	6 5 2 1
697	3 1 6 5
698	2 9 10 1
699	7 9 8 1
700	10 4 1 8
701	1 3 2 10
702	4 1 6 10
703	8 3 9 7
704	4 3 2 8
705	6 2 10 1
706	9 5 2 4
707	4 10 2 5
708	10 6 5 2
709	10 6 2 9
710	10 5 1 3
711	1 10 6 3
712	1 9 3 8
713	6 8 1 2
714	8 9 5 6
715	4 9 8 6
716	3 9 10 4
717	9 8 1 2
718	7 2 9 10
719	1 7 3 10
720	9 2 5 8
721	3 2 9 10
722	9 7 5 1
723	10 1 6 3
724	3 1 10 6
725	2 8 1 3
726	8 3 6 10
727	4 3 10 2
728	6 8 10 1
729	2 1 6 5
730	6 3 8 1
731	1 4 5 2
732	10 4 6 8
733	3 8 2 10
734	2 3 4 9
735	10 2 6 3
736	6 3 2 5
737	1 6 9 2
738	10 4 8 5
739	9 6 7 2
740	6 3 2 10
741	2 1 3 6
742	3 6 2 9
743	9 4 2 7
744	1 9 4 6
745	5 4 3 7
746	8 6 1 9
747	10 5 8 9
748	5 7 10 2
749	2 1 4 5
750	9 2 5 1
751	9 1 8 3
752	6 3 9 5
753	10 2 1 3
754	3 10 2 6
755	3 5 9 7
756	7 8 2 1
757	9 6 3 7
758	5 10 8 4
759	8 6 2 9
760	6 1 7 5
761	6 7 9 1
762	9 4 1 7
763	1 5 6 8
764	7 1 2 9
765	8 1 6 9
766	5 9 4 2
767	6 8 3 10
768	5 3 2 9
769	10 7 1 2
770	7 6 5 8
771	6 1 3 8
772	2 4 8 9
773	6 2 7 8
774	7 8 3 2
775	9 3 4 10
776	9 8 6 3
777	8 4 9 7
778	10 1 5 8
779	7 3 8 10
780	1 6 10 3
781	10 7 8 4
782	1 5 9 8
783	5 8 9 2
784	8 1 10 5
785	3 8 1 4
786	7 10 5 1
787	3 9 8 7
788	2 6 1 4
789	9 2 4 3
790	2 9 8 6
791	1 10 5 6
792	2 4 3 9
793	3 4 10 8
794	7 10 2 6
795	7 2 6 4
796	7 6 8 10
797	7 2 1 8
798	6 10 3 8
799	5 10 9 2
800	3 1 7 5
801	1 7 10 8
802	9 1 10 4
803	3 4 10 1
804	2 1 9 6
805	5 10 1 8
806	3 4 5 10
807	10 2 8 9
808	2 10 7 9
809	3 9 1 6
810	4 1 3 2
811	4 10 2 5
812	5 4 7 8
813	2 3 4 6
814	8 6 10 9
815	6 4 3 2
816	5 1 10 7
817	1 4 9 7
818	7 9 3 2
819	4 5 9 6
820	10 3 4 5
821	7 4 8 1
822	8 9 5 2
823	9 3 5 8
824	5 6 1 4
825	2 4 7 8
826	6 9 5 3
827	8 7 4 3
828	2 10 5 9
829	2 8 4 9
830	2 9 8 3
831	5 10 9 6
832	2 5 10 6
833	9 4 2 1
834	3 9 10 5
835	1 8 6 5
836	1 3 6 4
837	7 4 5 10
838	7 3 9 5
839	2 1 5 10
840	5 6 2 1
841	2 6 4 10
842	3 7 8 4
843	4 5 10 9
844	5 7 9 6
845	7 2 9 4
846	3 4 1 9
847	7 1 10 2
848	8 4 9 2
849	5 8 3 10
850	5 9 1 10
851	8 6 9 10
852	5 4 1 10
853	7 10 4 8
854	4 10 8 9
855	7 4 6 5
856	7 10 3 9
857	9 8 1 4
858	6 7 1 5
859	6 4 9 1
860	4 2 5 6
861	5 3 8 2
862	4 9 1 3
863	1 2 4 5
864	5 8 2 4
865	2 9 3 7
866	3 10 7 5
867	7 10 3 8
868	9 1 10 6
869	6 10 4 2
870	8 7 5 9
871	9 4 2 10
872	6 2 1 5
873	9 8 4 1
874	3 4 2 6
875	2 9 8 10
876	9 6 7 10
877	3 2 5 1
878	10 6 9 5
879	5 3 9 8
880	10 4 3 1
881	10 7 3 4
882	6 9 8 10
883	1 5 3 10
884	4 2 10 5
885	1 2 9 7
886	1 9 3 6
887	4 5 10 7
888	3 1 6 9
889	7 10 2 8
890	6 7 3 1
891	6 2 7 3
892	6 9 1 5
893	8 4 9 6
894	6 9 7 8
895	7 9 4 5
896	7 4 10 9
897	5 4 9 7
898	8 3 2 1
899	3 6 2 1
900	7 2 5 10
901	6 3 9 4
902	1 10 4 5
903	2 8 3 9
904	8 6 5 4
905	8 2 5 4
906	10 9 6 1
907	6 1 2 3
908	10 3 1 7
909	8 6 1 4
910	6 8 3 1
911	8 4 6 3
912	7 6 3 2
913	10 6 1 2
914	2 9 6 4
915	8 3 4 2
916	7 8 9 6
917	4 8 5 9
918	4 5 1 3
919	5 8 7 10
920	5 10 8 1
921	4 2 1 8
922	4 7 9 8
923	6 2 4 10
924	4 10 8 3
925	10 4 5 3
926	7 1 10 6
927	8 9 7 2
928	6 2 8 4
929	7 9 3 6
930	1 7 4 5
931	8 3 5 6
932	9 4 1 2
933	2 10 5 7
934	9 7 2 5
935	9 7 4 8
936	2 1 10 4
937	3 9 7 5
938	2 10 6 8
939	10 5 9 8
940	6 5 4 9
941	8 7 3 4
942	5 8 9 3
943	6 4 3 8
944	3 8 7 5
945	7 1 5 6
946	9 5 4 3
947	8 9 10 7
948	7 1 5 4
949	6 10 4 2
950	5 2 9 4
951	2 3 1 5
952	10 1 6 9
953	6 5 9 4
954	10 8 2 4
955	7 6 4 5
956	7 10 6 2
957	5 3 8 1
958	9 3 1 2
959	9 1 4 10
960	4 9 2 5
961	2 6 9 8
962	8 2 7 5
963	3 5 2 1
964	7 3 1 2
965	5 4 8 2
966	3 10 1 7
967	3 9 1 2
968	5 3 6 2
969	2 3 4 9
970	6 1 4 5
971	5 6 9 8
972	9 3 6 5
973	9 10 3 2
974	2 4 5 9
975	10 9 8 5
976	3 10 6 9
977	2 10 8 5
978	2 8 4 5
979	2 4 7 3
980	2 10 8 4
981	7 6 10 2
982	8 2 4 5
983	6 2 4 1
984	8 6 2 10
985	9 8 1 2
986	4 2 5 10
987	5 10 9 2
988	2 6 10 8
989	8 7 10 6
990	4 3 7 8
991	10 2 8 3
992	8 2 6 4
993	4 6 5 9
994	1 5 7 4
995	5 6 1 4
996	8 2 10 9
997	3 2 9 6
998	5 3 9 1
999	1 9 8 7
1000	9 3 5 6
