Students	1000
1	2 1 3 7
2	7 4 1 9
3	1 10 4 6
4	9 6 8 5
5	9 7 10 4
6	6 9 2 10
7	6 9 10 1
8	5 6 1 7
9	4 1 5 8
10	7 3 2 10
11	8 3 7 6
12	3 5 1 7
13	7 6 5 1
14	8 5 4 10
15	4 7 10 9
16	3 10 2 6
17	1 6 5 7
18	2 10 4 3
19	6 5 2 4
20	7 1 6 5
21	2 8 9 5
22	9 1 3 4
23	3 6 9 5
24	2 9 8 7
25	1 4 5 2
26	1 7 6 8
27	10 8 9 3
28	9 1 3 7
29	2 8 1 5
30	4 9 7 10
31	9 10 6 4
32	10 2 3 6
33	7 8 9 4
34	4 6 1 3
35	8 3 5 1
36	6 10 4 1
37	1 7 6 2
38	8 5 7 6
39	5 8 7 1
40	5 4 1 6
41	3 9 5 6
42	9 1 4 7
43	4 3 9 6
44	9 8 6 4
45	6 7 8 3
46	6 4 3 9
47	3 1 6 4
48	1 2 10 5
49	4 2 1 5
50	3 2 4 7
51	6 1 2 3
52	8 5 9 7
53	6 8 3 7
54	10 5 1 9
55	6 10 9 1
56	2 8 9 10
57	2 3 4 1
58	6 9 2 8
59	5 4 7 2
60	10 3 1 5
61	5 1 3 6
62	9 8 4 5
63	9 4 3 10
64	7 3 9 2
65	10 1 6 2
66	2 7 4 5
67	9 3 7 10
68	6 9 2 3
69	7 4 1 2
70	5 3 8 6
71	2 6 9 4
72	9 7 4 10
73	3 10 5 1
74	1 8 4 5
75	3 2 9 7
76	1 7 10 9
77	10 8 9 5
78	5 8 1 7
79	9 4 6 5
80	7 5 9 3
81	1 8 3 5
82	9 8 7 2
83	8 5 9 6
84	6 4 9 1
85	5 1 2 4
86	10 8 6 5
87	9 2 8 7
88	9 1 3 2
89	8 6 1 9
90	3 10 1 5
91	6 2 1 4
92	4 6 10 8
93	2 6 1 3
94	9 4 5 2
95	6 7 9 5
96	6 8 1 10
97	9 7 10 4
98	10 7 1 4
99	5 6 10 1
100	5 9 1 3
101	6 3 5 2
102	3 4 2 6
103	4 2 5 3
104	1 9 8 5
105	9 7 3 6
106	2 9 8 1
107	8 7 6 5
108	10 9 6 5
109	10 4 9 6
110	2 3 6 8
111	3 6 9 7
112	5 1 2 7
113	6 5 3 9
114	8 1 3 10
115	7 3 9 5
116	10 4 5 1
117	5 3 7 4
118	2 6 9 8
119	5 2 6 7
120	9 3 4 1
121	9 5 7 6
122	2 1 9 10
123	4 6 9 5
124	6 9 1 2
125	4 7 1 8
126	8 3 6 7
127	4 2 3 7
128	7 5 1 9
129	6 8 1 2
130	2 6 4 3
131	6 2 10 1
132	8 10 5 7
133	4 9 10 6
134	4 8 10 9
135	10 8 5 2
136	1 2 7 5
137	6 9 2 3
138	7 1 5 10
139	8 2 10 6
140	1 8 2 6
141	10 2 3 7
142	7 10 1 2
143	10 8 1 3
144	1 4 8 9
145	4 1 10 2
146	3 8 7 10
147	7 8 3 4
148	2 6 1 7
149	10 6 3 9
150	10 6 8 9
151	2 7 4 5
152	10 2 3 8
153	2 9 10 8
154	6 10 4 8
155	6 9 4 2
156	5 10 3 2
157	5 3 4 7
158	2 1 7 3
159	10 7 5 3
160	2 4 8 10
161	2 3 10 5
162	1 4 5 7
163	7 9 8 1
164	5 3 7 4
165	7 4 9 2
166	5 3 4 1
167	9 10 1 8
168	6 5 9 4
169	2 10 6 7
170	2 5 6 7
171	6 10 8 9
172	5 2 6 8
173	5 2 3 6
174	3 1 10 7
175	6 1 2 8
176	7 3 4 6
177	3 1 8 4
178	10 3 5 7
179	9 10 3 4
180	7 2 3 6
181	2 5 9 3
182	5 1 10 6
183	3 6 9 5
184	2 6 8 3
185	2 6 4 10
186	5 8 2 9
187	9 8 7 1
188	10 5 1 9
189	7 4 1 10
190	4 2 5 3
191	2 9 3 10
192	10 6 1 2
193	5 6 3 8
194	3 9 7 2
195	5 7 6 4
196	1 10 8 2
197	4 5 8 7
198	8 7 1 9
199	1 5 3 7
200	3 2 5 6
201	6 3 8 10
202	2 9 3 7
203	7 6 1 5
204	7 6 8 3
205	8 7 3 5
206	6 1 5 7
207	6 5 4 7
208	2 6 5 8
209	6 7 1 10
210	10 8 1 5
211	4 1 8 9
212	10 9 4 5
213	9 3 8 2
214	5 2 10 1
215	9 6 7 10
216	7 1 3 6
217	3 7 5 2
218	7 2 9 6
219	3 10 9 2
220	7 10 3 2
221	4 9 5 2
222	4 7 10 5
223	4 6 3 10
224	5 6 2 9
225	3 8 1 5
226	9 4 2 10
227	10 1 4 9
228	3 10 8 9
229	4 1 8 7
230	2 5 7 8
231	1 8 5 7
232	9 1 6 2
233	7 8 4 2
234	9 5 8 7
235	6 8 7 3
236	5 4 6 2
237	1 3 4 10
238	2 6 1 3
239	5 10 8 7
240	3 8 6 10
241	10 7 1 9
242	2 7 3 9
243	5 9 3 7
244	2 6 10 1
245	4 10 7 3
246	4 9 5 6
247	8 9 6 2
248	4 8 2 10
249	5 6 9 8
250	7 2 8 5
251	3 5 4 6
252	6 1 10 8
253	5 7 10 1
254	7 6 10 9
255	5 6 9 2
256	6 10 4 7
257	10 9 2 3
258	2 7 5 4
259	5 8 10 6
260	7 6 4 5
261	8 2 10 6
262	2 1 9 4
263	6 3 9 8
264	4 2 3 6
265	6 10 5 3
266	9 4 8 2
267	10 5 3 8
268	4 1 7 6
269	10 2 8 6
270	8 3 6 10
271	9 5 2 3
272	6 1 4 2
273	9 4 10 1
274	4 9 8 2
275	8 4 10 7
276	10 7 8 1
277	4 8 9 5
278	2 3 1 9
279	8 7 2 10
280	8 5 2 10
281	7 2 10 4
282	1 10 2 9
283	1 8 7 2
284	10 2 8 1
285	9 7 6 4
286	6 10 8 3
287	9 4 5 7
288	6 4 1 10
289	4 2 10 5
290	8 9 5 10
291	2 9 8 1
292	1 7 8 6
293	6 2 7 9
294	8 3 7 9
295	9 5 4 2
296	9 4 6 5
297	5 1 7 4
298	10 8 4 1
299	8 10 5 1
300	10 7 3 2
301	2 5 9 3
302	3 1 2 7
303	6 10 4 7
304	6 7 9 10
305	1 2 5 9
306	5 2 3 1
307	9 6 7 5
308	8 3 7 6
309	7 6 9 10
310	2 9 3 4
311	10 1 5 8
312	7 6 3 10
313	8 3 4 1
314	1 9 3 4
315	4 6 8 7
316	7 4 5 10
317	8 10 1 2
318	5 3 7 6
319	3 5 6 9
320	10 6 3 1
321	7 6 2 1
322	9 10 3 2
323	6 7 4 2
324	1 4 2 10
325	1 10 3 4
326	8 5 1 6
327	7 3 4 5
328	5 2 1 10
329	9 1 8 7
330	1 2 9 3
331	1 5 3 4
332	10 9 5 6
333	3 2 6 4
334	7 6 8 3
335	9 6 1 5
336	6 1 3 4
337	6 3 4 7
338	6 7 10 1
339	2 1 5 3
340	6 7 8 2
341	10 2 9 6
342	10 9 5 8
343	6 3 5 10
344	6 3 1 8
345	1 6 2 8
346	2 9 6 1
347	6 10 7 1
348	2 1 7 9
349	6 4 5 3
350	4 9 2 8
351	9 6 2 3
352	6 1 2 9
353	1 4 9 7
354	1 3 5 7
355	10 7 4 1
356	8 1 7 10
357	2 8 1 6
358	8 3 9 2
359	4 5 2 1
360	1 8 5 6
361	10 7 2 5
362	3 7 10 4
363	1 2 6 5
364	9 8 2 7
365	7 10 1 2
366	3 8 4 1
367	6 2 1 8
368	7 8 2 9
369	9 10 6 3
370	1 7 10 5
371	6 3 1 9
372	8 7 4 2
373	3 7 1 6
374	6 9 1 7
375	9 10 8 3
376	4 3 8 6
377	6 5 2 7
378	9 5 10 7
379	2 10 1 8
380	6 4 8 5
381	10 8 2 7
382	5 4 10 9
383	3 6 9 7
384	3 9 1 7
385	10 3 8 4
386	2 8 5 3
387	2 9 1 4
388	1 3 10 2
389	6 8 3 2
390	1 5 2 7
391	4 5 6 9
392	10 7 8 2
393	3 2 8 10
394	9 10 8 2
395	7 1 2 4
396	10 2 6 8
397	8 6 7 10
398	4 8 2 3
399	10 5 1 7
400	6 4 1 5
401	2 4 3 7
402	9 7 5 4
403	4 5 10 7
404	3 8 10 7
405	9 10 6 1
406	1 3 8 5
407	4 10 7 2
408	9 10 6 5
409	7 3 2 4
410	1 3 5 6
411	1 8 4 9
412	8 4 10 7
413	8 9 10 2
414	10 6 8 4
415	7 5 10 1
416	9 10 5 8
417	10 5 1 7
418	4 6 10 1
419	8 9 1 5
420	5 2 6 8
421	2 8 6 10
422	2 1 9 8
423	5 3 6 10
424	4 8 6 5
425	10 4 1 7
426	2 10 5 1
427	6 1 8 7
428	9 1 4 7
429	6 2 7 5
430	8 7 10 1
431	6 8 10 7
432	8 3 9 6
433	4 3 2 9
434	6 10 3 7
435	6 4 10 8
436	9 10 1 6
437	2 9 1 4
438	7 5 4 1
439	1 3 9 7
440	2 9 8 10
441	6 5 3 8
442	2 9 8 3
443	1 6 2 5
444	9 4 6 5
445	2 10 7 3
446	7 2 5 4
447	8 7 9 10
448	6 10 9 5
449	10 2 8 6
450	5 7 8 1
451	10 6 2 3
452	7 2 3 6
453	9 8 5 7
454	8 5 9 1
455	10 8 6 3
456	6 1 8 3
457	2 5 3 7
458	5 6 10 2
459	4 7 8 6
460	7 10 6 2
461	2 3 6 8
462	2 8 10 9
463	8 2 10 7
464	9 2 8 5
465	9 1 7 4
466	5 1 8 6
467	6 8 5 4
468	5 2 8 9
469	5 1 9 7
470	5 7 8 3
471	2 1 10 5
472	7 3 10 9
473	8 10 3 6
474	10 6 4 1
475	9 6 1 7
476	1 8 4 6
477	4 8 1 2
478	2 3 9 5
479	2 1 10 4
480	1 8 4 10
481	6 9 2 4
482	5 9 2 1
483	1 5 10 2
484	10 2 4 1
485	10 2 3 1
486	3 4 6 8
487	10 7 5 2
488	1 6 5 3
489	3 8 4 2
490	5 9 7 6
491	9 6 3 5
492	1 10 4 8
493	6 3 1 4
494	4 9 5 1
495	10 6 5 4
496	1 5 9 10
497	9 2 5 4
498	3 1 10 6
499	8 10 7 9
500	1 6 3 8
501	4 3 1 10
502	8 9 2 10
503	5 10 3 4
504	3 4 6 9
505	4 1 8 10
506	4 7 3 8
507	3 5 10 4
508	7 9 3 5
509	9 6 1 5
510	9 6 10 4
511	10 1 5 3
512	2 9 4 3
513	4 2 7 9
514	9 6 3 2
515	6 5 8 4
516	5 1 9 8
517	5 10 3 6
518	8 4 9 7
519	5 6 2 7
520	2 1 10 6
521	1 3 4 7
522	9 8 3 7
523	3 1 4 6
524	6 7 2 3
525	4 1 10 5
526	1 7 3 10
527	4 8 7 6
528	8 7 1 6
529	9 10 7 3
530	2 10 5 1
531	6 5 8 7
532	10 2 3 6
533	5 8 3 10
534	2 10 8 1
535	3 8 7 5
536	4 9 6 1
537	5 4 1 6
538	6 8 10 4
539	4 3 5 9
540	6 5 1 10
541	5 7 10 9
542	10 6 2 8
543	10 1 6 3
544	7 5 1 8
545	3 10 9 6
546	4 5 8 9
547	8 2 3 1
548	4 8 9 3
549	2 5 6 9
550	5 8 7 4
551	7 3 5 2
552	10 9 4 5
553	5 3 4 1
554	3 10 2 1
555	4 5 10 6
556	4 6 5 2
557	4 1 2 6
558	2 8 6 10
559	3 2 6 9
560	10 1 9 4
561	5 7 1 8
562	8 10 6 2
563	1 10 6 5
564	8 5 6 9
565	8 9 6 1
566	7 9 5 8
567	1 3 8 2
568	5 1 10 2
569	4 8 10 5
570	1 6 3 9
571	4 5 2 1
572	10 3 5 7
573	8 2 4 5
574	7 1 2 3
575	6 7 10 5
576	4 5 8 7
577	6 8 4 7
578	8 5 10 6
579	6 9 4 5
580	9 4 5 3
581	7 5 8 10
582	8 6 1 7
583	8 10 7 5
584	4 2 10 1
585	5 2 8 9
586	4 5 2 3
587	4 6 10 5
588	6 9 2 10
589	5 6 4 3
590	5 7 3 4
591	9 6 4 7
592	10 6 8 2
593	7 4 8 3
594	6 9 3 7
595	5 4 2 6
596	8 6 4 2
597	5 9 3 6
598	1 6 2 9
599	1 7 3 5
600	9 6 8 10
601	4 3 1 6
602	1 5 2 3
603	2 7 10 9
604	6 9 10 7
605	10 3 8 7
606	2 6 1 10
607	7 9 4 6
608	8 10 5 3
609	4 2 10 5
610	4 2 7 5
611	3 10 7 9
612	7 8 4 5
613	7 10 9 4
614	10 8 3 4
615	7 6 9 1
616	5 1 10 2
617	5 6 9 8
618	3 6 1 10
619	10 2 3 4
620	5 10 1 3
621	8 1 3 10
622	1 10 6 8
623	9 5 8 6
624	5 8 9 6
625	7 3 4 10
626	10 9 2 3
627	7 2 9 5
628	4 1 9 8
629	10 5 2 1
630	1 4 2 5
631	1 2 3 10
632	6 1 2 4
633	9 3 8 2
634	4 7 6 5
635	6 3 2 5
636	4 9 8 2
637	7 9 8 6
638	10 5 8 1
639	2 8 7 4
640	5 8 7 2
641	8 7 6 3
642	10 2 7 9
643	6 9 2 1
644	5 3 9 6
645	1 8 7 4
646	6 2 3 7
647	8 4 1 7
648	7 2 9 5
649	10 8 2 1
650	7 9 3 5
651	5 8 7 1
652	7 2 6 9
653	3 6 2 1
654	1 6 10 7
655	6 8 1 3
656	4 6 1 8
657	8 1 3 4
658	9 6 3 8
659	3 9 7 5
660	1 3 6 2
661	2 5 4 1
662	8 9 6 5
663	3 1 10 6
664	2 6 3 7
665	4 10 3 2
666	7 5 4 1
667	8 10 1 4
668	10 8 3 1
669	4 3 6 1
670	10 8 6 9
671	5 6 1 2
672	7 4 1 3
673	7 4 10 9
674	4 8 9 10
675	8 5 2 10
676	10 5 3 8
677	6 1 9 2
678	1 2 7 3
679	6 7 8 4
680	10 2 7 9
681	8 9 5 4
682	8 5 4 10
683	9 7 4 2
684	2 10 7 8
685	2 5 9 6
686	3 6 7 8
687	6 2 4 9
688	5 3 6 8
689	6 8 4 1
690	5 9 4 10
691	2 7 8 9
692	1 4 6 10
693	5 4 3 9
694	8 7 9 6
695	6 4 5 7
696	8 9 10 4
697	5 6 9 8
698	1 8 7 4
699	5 2 7 6
700	7 3 9 5
701	4 6 7 1
702	8 9 4 5
703	3 6 8 1
704	7 9 5 4
705	9 4 10 8
706	5 4 9 8
707	6 7 10 3
708	4 2 3 1
709	8 1 4 3
710	9 10 6 5
711	8 3 1 9
712	10 9 8 2
713	7 5 8 1
714	9 4 6 7
715	7 2 8 6
716	6 1 3 4
717	9 6 2 3
718	1 8 4 9
719	8 6 10 4
720	6 1 8 9
721	7 1 5 2
722	8 7 4 10
723	2 5 9 4
724	3 4 5 8
725	1 9 6 5
726	5 8 3 4
727	3 1 5 9
728	6 1 9 5
729	4 10 8 7
730	2 4 8 1
731	3 10 7 1
732	10 1 5 8
733	4 10 1 5
734	4 3 2 10
735	2 4 3 9
736	6 9 1 4
737	5 6 8 10
738	2 8 6 5
739	4 8 5 6
740	1 10 7 5
741	10 3 1 5
742	3 1 9 2
743	8 3 9 2
744	2 9 4 3
745	1 4 7 8
746	5 7 3 1
747	4 6 3 1
748	10 7 2 5
749	3 9 5 7
750	8 5 3 1
751	3 10 8 6
752	5 10 8 1
753	9 2 10 1
754	9 2 6 5
755	3 6 10 2
756	6 5 9 2
757	6 3 9 1
758	2 6 3 7
759	8 4 7 9
760	10 2 5 4
761	7 10 1 3
762	4 3 7 2
763	10 7 6 5
764	6 10 5 7
765	7 2 6 4
766	10 1 3 4
767	1 7 2 3
768	9 10 5 2
769	7 6 5 4
770	6 10 9 7
771	9 7 10 8
772	9 1 7 8
773	8 6 2 5
774	5 7 10 8
775	5 10 9 7
776	5 3 10 2
777	5 6 1 10
778	6 8 1 4
779	7 1 9 3
780	8 3 7 9
781	6 5 2 8
782	9 3 1 7
783	1 2 5 10
784	7 4 2 5
785	10 3 1 5
786	1 8 9 5
787	5 3 7 9
788	6 7 3 10
789	1 8 9 3
790	4 5 10 3
791	2 3 8 9
792	10 5 4 2
793	6 3 4 9
794	7 10 2 4
795	4 10 6 8
796	2 6 7 1
797	3 5 6 4
798	2 5 10 8
799	4 3 1 6
800	8 3 6 5
801	10 8 7 5
802	10 3 1 6
803	2 8 3 10
804	9 2 1 10
805	7 8 9 5
806	1 9 2 6
807	9 2 3 1
808	10 1 6 2
809	2 3 4 10
810	1 6 9 2
811	2 10 1 4
812	7 2 6 10
813	1 4 9 2
814	5 8 4 2
815	3 9 1 2
816	8 4 3 5
817	6 3 7 10
818	1 5 3 4
819	9 5 2 6
820	1 10 2 7
821	8 9 10 3
822	5 3 10 1
823	3 5 4 10
824	1 9 4 6
825	4 8 2 5
826	8 1 6 2
827	6 8 3 10
828	3 9 4 6
829	6 5 10 8
830	3 7 2 5
831	2 7 1 6
832	2 3 9 8
833	2 3 6 10
834	4 3 9 8
835	2 6 1 4
836	6 5 7 10
837	2 6 1 3
838	4 3 7 6
839	6 10 5 2
840	10 2 6 7
841	8 2 5 4
842	1 3 9 7
843	6 4 3 7
844	8 3 5 4
845	1 5 10 4
846	4 6 7 9
847	1 8 5 10
848	4 7 10 2
849	3 2 4 10
850	7 1 9 6
851	1 4 2 7
852	2 7 9 10
853	4 10 1 5
854	3 9 8 2
855	9 5 1 3
856	3 9 8 4
857	10 2 1 3
858	1 2 5 7
859	5 2 1 10
860	8 4 2 1
861	3 8 7 2
862	10 1 4 8
863	7 3 6 8
864	6 9 1 7
865	7 8 10 4
866	8 5 2 4
867	6 2 1 9
868	9 10 7 6
869	8 6 10 4
870	6 10 2 5
871	4 5 1 2
872	7 2 1 10
873	6 8 2 1
874	5 10 3 9
875	1 4 6 8
876	10 8 4 5
877	8 5 3 10
878	1 7 3 6
879	8 10 2 9
880	1 6 3 10
881	6 4 9 3
882	7 5 2 1
883	10 4 2 5
884	7 2 5 1
885	7 6 4 5
886	2 9 8 6
887	2 1 7 9
888	4 9 10 7
889	8 9 4 6
890	7 6 2 8
891	2 1 5 6
892	4 9 8 7
893	1 5 8 6
894	4 1 5 2
895	6 9 10 2
896	10 3 8 2
897	4 9 3 8
898	9 1 4 3
899	6 10 7 2
900	7 1 9 5
901	9 1 8 7
902	8 6 3 2
903	8 10 2 9
904	5 6 4 3
905	10 7 1 6
906	10 8 4 6
907	7 6 2 9
908	1 3 6 10
909	10 8 7 4
910	1 4 2 10
911	3 8 5 1
912	3 1 8 7
913	10 6 1 7
914	7 3 4 9
915	8 6 5 1
916	7 4 6 5
917	3 6 5 2
918	2 5 1 6
919	10 6 4 7
920	7 5 2 10
921	6 5 9 7
922	2 5 8 4
923	6 1 3 5
924	10 6 9 1
925	9 5 2 10
926	10 8 2 9
927	2 8 9 4
928	7 3 2 10
929	3 8 10 5
930	5 1 3 4
931	5 6 3 4
932	1 2 6 3
933	3 8 6 1
934	2 3 7 9
935	1 8 10 9
936	8 9 4 3
937	3 8 4 2
938	8 3 2 6
939	1 9 4 6
940	1 5 8 6
941	3 7 1 9
942	10 1 5 4
943	9 1 3 10
944	6 7 1 2
945	4 6 2 1
946	7 9 5 4
947	7 10 3 5
948	4 6 9 5
949	1 6 7 4
950	4 1 10 7
951	2 3 8 6
952	10 1 9 4
953	3 9 2 7
954	9 5 3 8
955	8 6 4 3
956	10 7 4 3
957	10 9 1 3
958	9 8 4 1
959	7 5 2 8
960	7 5 10 1
961	8 5 7 10
962	5 6 1 2
963	2 1 4 5
964	8 6 4 10
965	2 5 1 7
966	8 5 3 4
967	2 10 7 6
968	9 10 3 1
969	3 9 2 8
970	8 9 7 1
971	9 7 4 2
972	8 1 2 4
973	9 6 7 3
974	7 2 3 9
975	3 8 6 10
976	7 4 8 10
977	2 7 4 5
978	2 3 9 1
979	1 10 4 3
980	5 9 4 2
981	1 3 9 5
982	5 4 3 2
983	4 7 1 3
984	5 10 4 3
985	4 3 7 6
986	1 2 7 10
987	6 3 10 5
988	4 10 2 3
989	8 2 7 9
990	1 5 8 9
991	5 7 6 8
992	10 4 9 3
993	8 3 9 6
994	3 5 10 6
995	10 1 2 6
996	10 2 1 8
997	5 6 1 8
998	5 1 7 3
999	9 3 8 1
1000	5 6 10 7
