Students	1000
1	5 10 2 1
2	9 3 7 8
3	10 5 8 7
4	2 3 10 8
5	9 3 1 4
6	7 5 4 10
7	4 7 3 2
8	9 4 8 10
9	5 9 4 2
10	8 9 5 3
11	4 3 9 5
12	4 5 6 10
13	5 10 8 6
14	4 2 9 10
15	4 3 7 2
16	10 1 7 5
17	7 6 3 2
18	7 8 5 9
19	9 2 10 7
20	10 1 5 2
21	9 3 2 7
22	5 9 7 2
23	9 7 10 1
24	8 2 5 1
25	7 3 2 5
26	8 2 7 10
27	2 10 1 6
28	4 6 8 3
29	4 2 5 7
30	2 9 7 4
31	3 10 5 4
32	2 3 6 9
33	3 9 2 6
34	7 2 1 4
35	3 5 4 7
36	4 6 1 8
37	3 6 8 7
38	2 8 4 10
39	6 8 1 9
40	8 3 2 1
41	9 6 1 3
42	4 5 3 1
43	9 10 6 1
44	2 3 4 6
45	3 2 9 1
46	6 2 8 4
47	3 6 10 7
48	1 9 4 7
49	4 6 8 9
50	9 5 3 2
51	6 4 1 3
52	8 2 4 1
53	3 7 2 10
54	1 5 9 4
55	3 1 9 7
56	7 10 3 2
57	7 3 1 4
58	7 8 6 5
59	7 3 6 2
60	5 8 4 6
61	4 8 9 1
62	4 5 2 6
63	4 10 9 6
64	5 10 2 3
65	2 9 7 10
66	2 8 10 7
67	1 10 3 4
68	10 1 6 8
69	2 6 10 5
70	7 1 2 9
71	9 2 8 5
72	9 2 1 10
73	9 3 4 10
74	4 7 9 6
75	8 7 10 2
76	8 6 9 1
77	2 10 4 5
78	6 8 1 5
79	4 5 9 8
80	1 4 2 6
81	3 6 2 4
82	1 9 6 8
83	10 5 7 9
84	9 8 7 2
85	1 3 2 5
86	4 3 7 9
87	9 5 1 6
88	8 10 4 9
89	6 8 3 2
90	7 8 2 6
91	3 2 5 9
92	7 3 6 8
93	3 8 6 1
94	6 7 8 1
95	2 5 7 10
96	6 10 2 1
97	7 6 9 2
98	1 5 10 8
99	9 7 2 10
100	2 10 4 9
101	1 3 2 8
102	9 4 1 2
103	10 2 1 9
104	2 5 7 10
105	10 6 1 3
106	9 5 2 1
107	5 7 6 10
108	5 1 8 2
109	10 8 6 3
110	4 5 9 7
111	7 4 9 3
112	4 8 5 3
113	2 1 9 6
114	2 1 5 6
115	4 5 1 3
116	6 9 1 3
117	10 4 6 8
118	4 9 5 2
119	2 9 5 8
120	7 3 1 8
121	6 8 9 7
122	10 4 8 5
123	1 4 9 3
124	1 10 5 3
125	8 7 5 1
126	1 2 6 8
127	6 3 2 10
128	6 1 7 10
129	9 1 2 7
130	1 3 7 9
131	1 6 4 7
132	2 7 10 3
133	5 4 3 8
134	2 8 10 9
135	10 3 9 7
136	2 3 10 5
137	9 1 4 3
138	10 5 9 2
139	6 5 7 1
140	8 3 6 7
141	5 6 4 9
142	10 8 9 3
143	6 2 8 10
144	3 9 2 4
145	7 4 2 8
146	2 6 9 5
147	9 8 4 6
148	2 4 7 9
149	7 5 8 4
150	5 1 7 9
151	9 6 3 8
152	8 5 10 7
153	6 2 4 7
154	10 3 7 4
155	3 7 6 5
156	2 8 10 3
157	1 6 4 2
158	10 3 9 4
159	2 10 9 6
160	8 4 2 10
161	9 7 4 6
162	9 1 10 5
163	8 5 2 1
164	1 8 3 5
165	6 10 3 8
166	8 3 5 4
167	4 8 3 7
168	3 7 2 4
169	8 4 5 10
170	5 1 8 7
171	8 1 7 3
172	1 8 3 7
173	2 4 7 3
174	1 7 9 6
175	1 8 4 2
176	10 8 9 5
177	6 5 3 7
178	2 3 8 1
179	6 8 5 3
180	5 4 7 2
181	2 4 3 8
182	2 3 9 4
183	7 5 4 10
184	2 8 7 6
185	3 2 1 8
186	9 5 2 1
187	9 5 4 8
188	6 7 1 10
189	2 5 1 4
190	6 3 8 7
191	9 6 5 4
192	3 10 4 6
193	1 5 7 3
194	5 8 10 4
195	2 10 6 5
196	10 2 7 8
197	5 10 2 8
198	1 6 5 3
199	10 8 1 7
200	10 3 4 6
201	4 6 2 1
202	1 8 9 5
203	7 5 6 8
204	4 9 1 6
205	7 9 4 10
206	8 4 7 5
207	4 3 10 8
208	3 2 1 10
209	10 9 4 1
210	1 4 7 9
211	8 5 10 7
212	10 5 3 7
213	6 3 2 1
214	6 3 10 4
215	7 1 6 8
216	8 6 2 3
217	10 3 6 7
218	9 5 3 1
219	8 5 2 4
220	3 4 5 10
221	5 3 6 2
222	5 4 8 2
223	5 9 3 6
224	3 9 7 2
225	6 10 2 5
226	6 2 9 4
227	10 5 9 7
228	6 9 8 10
229	8 10 9 3
230	4 5 9 2
231	1 6 2 4
232	8 7 6 10
233	8 6 9 3
234	6 9 1 2
235	7 6 10 3
236	4 6 3 5
237	8 10 4 9
238	6 2 9 4
239	3 8 2 1
240	9 5 4 7
241	7 10 5 3
242	7 2 3 1
243	4 10 8 2
244	3 8 2 7
245	4 9 5 2
246	7 4 10 5
247	6 8 3 10
248	3 7 1 2
249	4 6 9 10
250	3 7 4 1
251	1 9 6 10
252	2 6 8 1
253	1 4 9 7
254	4 3 8 10
255	4 6 3 8
256	6 7 4 1
257	4 8 2 7
258	6 4 9 2
259	3 5 7 6
260	5 1 4 6
261	10 8 3 4
262	2 4 5 8
263	6 5 8 3
264	6 9 7 3
265	4 3 5 8
266	6 4 3 5
267	7 8 3 5
268	10 1 3 6
269	8 3 9 5
270	4 9 6 2
271	2 7 6 3
272	8 9 6 3
273	10 6 4 1
274	10 5 2 3
275	1 2 3 8
276	4 7 2 9
277	4 6 7 1
278	2 1 3 6
279	3 8 6 2
280	10 8 2 6
281	7 2 10 3
282	1 3 4 9
283	1 3 4 9
284	10 6 5 1
285	2 7 9 10
286	2 7 10 9
287	6 7 1 9
288	10 7 6 9
289	2 8 10 6
290	7 8 5 2
291	3 6 5 8
292	4 5 10 9
293	7 3 1 2
294	9 5 8 3
295	2 7 5 1
296	1 3 7 9
297	1 4 9 8
298	8 2 6 5
299	9 4 1 6
300	2 8 1 7
301	2 1 9 8
302	2 10 7 8
303	4 9 10 3
304	8 2 9 4
305	2 3 6 1
306	2 4 5 8
307	1 7 3 8
308	2 3 9 7
309	9 6 7 3
310	6 1 7 4
311	7 8 2 5
312	3 8 1 7
313	10 6 5 4
314	5 3 4 8
315	2 5 10 8
316	10 1 5 2
317	6 3 1 8
318	2 6 3 7
319	5 6 7 2
320	7 2 8 10
321	1 3 10 6
322	8 6 7 2
323	8 6 4 3
324	5 1 6 2
325	8 4 2 6
326	9 5 7 6
327	2 5 3 9
328	5 6 7 10
329	6 9 4 10
330	5 3 6 1
331	3 10 2 6
332	7 2 6 5
333	4 6 1 3
334	2 8 9 6
335	5 6 3 10
336	3 6 9 10
337	4 3 1 7
338	3 7 5 10
339	3 7 6 1
340	5 2 8 9
341	7 5 9 4
342	6 9 3 5
343	2 5 8 3
344	3 4 6 8
345	2 9 4 10
346	3 8 5 1
347	6 9 2 4
348	2 6 7 9
349	1 2 9 5
350	6 10 1 4
351	2 3 9 6
352	8 9 7 4
353	10 5 4 8
354	10 8 7 5
355	9 8 2 7
356	6 5 1 4
357	2 1 5 6
358	6 3 1 5
359	7 4 6 1
360	6 7 9 4
361	7 9 10 5
362	10 8 3 6
363	1 6 2 7
364	7 6 9 3
365	8 4 3 1
366	8 7 6 4
367	5 2 4 7
368	3 9 10 4
369	3 9 8 6
370	2 10 1 5
371	7 6 8 5
372	7 4 8 10
373	9 1 5 3
374	6 8 4 10
375	10 9 2 6
376	2 1 8 7
377	8 9 10 6
378	2 5 10 3
379	10 2 3 6
380	7 9 3 1
381	5 6 4 7
382	1 7 6 10
383	4 10 7 8
384	3 2 10 7
385	9 4 6 1
386	4 2 8 6
387	2 5 3 1
388	2 6 7 4
389	3 8 6 4
390	8 7 5 4
391	10 5 8 7
392	10 3 9 5
393	7 5 3 9
394	3 7 8 9
395	3 10 7 2
396	2 1 9 10
397	5 3 4 8
398	5 3 4 10
399	3 1 9 4
400	7 8 4 1
401	9 3 7 10
402	7 8 3 4
403	10 1 3 5
404	9 5 1 4
405	7 1 8 4
406	4 9 3 2
407	6 10 5 4
408	8 7 4 5
409	9 8 10 1
410	6 7 3 2
411	5 2 9 4
412	10 2 7 1
413	8 7 6 1
414	5 1 7 6
415	3 10 8 1
416	10 3 8 7
417	8 3 1 5
418	2 6 4 10
419	4 6 2 10
420	4 1 2 9
421	8 5 3 6
422	8 4 5 10
423	6 9 8 4
424	4 10 9 2
425	8 7 2 6
426	3 6 4 7
427	3 4 5 9
428	6 8 9 5
429	1 5 9 10
430	2 4 8 7
431	6 1 5 3
432	7 10 3 5
433	6 1 2 4
434	2 8 5 1
435	4 9 7 2
436	10 9 7 3
437	7 6 5 2
438	2 3 4 7
439	2 1 4 6
440	5 7 8 1
441	5 2 10 1
442	10 4 5 3
443	9 5 8 4
444	6 8 10 2
445	5 3 7 4
446	9 3 2 6
447	1 3 4 10
448	5 3 8 10
449	8 4 3 6
450	9 1 4 6
451	6 5 3 10
452	10 8 5 1
453	3 1 5 7
454	4 9 2 5
455	3 2 5 4
456	8 1 6 9
457	2 6 1 3
458	10 4 6 3
459	3 7 8 1
460	5 6 7 8
461	6 10 4 7
462	1 4 6 8
463	3 1 4 6
464	1 6 3 5
465	8 3 7 9
466	2 3 8 4
467	8 2 5 3
468	1 2 5 10
469	10 7 5 1
470	9 3 5 7
471	1 5 6 7
472	10 7 8 3
473	6 4 9 8
474	4 7 6 3
475	4 8 1 10
476	1 3 5 10
477	2 6 10 4
478	8 4 10 2
479	7 1 10 8
480	10 8 3 2
481	3 8 10 6
482	6 1 8 10
483	3 9 6 5
484	5 1 4 2
485	7 4 9 1
486	5 1 3 8
487	6 5 8 4
488	9 1 5 7
489	4 10 7 2
490	6 7 9 1
491	5 7 3 4
492	4 6 10 7
493	7 10 2 9
494	8 5 1 7
495	6 7 5 3
496	4 7 1 9
497	2 6 9 7
498	7 1 2 9
499	3 9 2 5
500	3 10 7 4
501	10 9 6 3
502	5 6 2 4
503	2 8 10 9
504	4 8 9 10
505	4 5 7 3
506	3 10 1 2
507	9 1 3 8
508	1 7 9 10
509	3 1 2 10
510	4 9 10 1
511	7 2 4 9
512	4 8 1 10
513	9 3 4 5
514	8 3 2 9
515	10 8 9 2
516	8 1 7 9
517	1 9 8 7
518	9 3 7 6
519	6 4 5 2
520	8 10 7 4
521	5 7 10 1
522	7 1 5 3
523	8 1 7 5
524	2 6 9 5
525	6 2 1 7
526	2 7 1 3
527	6 1 5 2
528	4 9 3 5
529	8 9 3 5
530	7 4 9 3
531	2 1 8 6
532	5 10 8 3
533	10 2 5 8
534	2 5 1 8
535	9 7 10 2
536	7 9 4 2
537	9 2 1 7
538	10 1 8 7
539	1 9 10 5
540	4 6 2 10
541	6 1 9 2
542	6 7 8 1
543	5 6 3 2
544	1 7 10 2
545	4 3 9 1
546	6 9 8 7
547	8 1 9 5
548	2 7 8 6
549	6 4 1 3
550	4 9 8 6
551	8 1 6 10
552	3 8 7 4
553	3 7 2 1
554	7 8 1 10
555	6 1 10 2
556	6 8 5 4
557	5 2 9 8
558	9 4 10 5
559	1 9 5 4
560	10 8 2 3
561	8 7 4 3
562	6 7 8 10
563	8 7 4 3
564	2 7 4 8
565	8 10 3 2
566	1 6 4 8
567	6 4 1 2
568	10 1 5 2
569	8 9 4 5
570	5 10 4 7
571	2 4 1 9
572	6 5 4 10
573	4 3 5 8
574	7 5 10 8
575	3 1 2 6
576	5 3 6 10
577	3 4 10 8
578	3 7 4 5
579	1 10 7 3
580	6 7 5 1
581	8 2 3 7
582	4 9 3 6
583	5 3 4 6
584	3 9 2 7
585	3 4 9 7
586	9 2 3 4
587	10 7 6 8
588	10 9 8 1
589	4 9 8 6
590	6 2 8 9
591	4 8 1 6
592	3 5 6 7
593	8 2 5 3
594	1 2 6 9
595	7 10 4 8
596	6 7 9 2
597	10 6 5 1
598	5 10 3 1
599	6 5 1 8
600	7 4 6 2
601	9 1 8 7
602	1 10 9 5
603	10 5 1 9
604	6 5 10 7
605	8 6 3 10
606	3 2 1 7
607	9 3 2 10
608	5 2 6 9
609	3 7 5 4
610	1 5 4 10
611	6 7 5 4
612	3 6 8 1
613	5 10 3 6
614	1 2 8 6
615	9 5 3 2
616	8 5 9 3
617	8 4 6 10
618	1 2 6 10
619	5 2 9 7
620	6 4 1 3
621	4 2 5 1
622	1 10 7 2
623	8 5 2 7
624	6 1 9 8
625	8 2 9 3
626	4 1 2 7
627	10 7 4 3
628	1 10 8 4
629	4 3 7 6
630	6 8 10 7
631	5 2 10 4
632	10 8 3 5
633	7 3 4 10
634	6 1 8 5
635	2 7 3 10
636	3 5 7 6
637	9 1 5 3
638	4 3 8 5
639	10 9 8 5
640	1 2 4 7
641	6 4 7 5
642	3 7 5 6
643	3 7 10 2
644	8 10 9 5
645	5 4 10 1
646	9 3 10 5
647	1 8 2 3
648	8 7 5 6
649	5 4 9 2
650	5 9 10 8
651	9 5 3 6
652	10 5 4 6
653	3 9 4 1
654	4 10 6 3
655	8 2 3 10
656	6 2 10 3
657	9 6 10 2
658	2 3 10 5
659	10 6 2 7
660	5 4 2 8
661	6 3 1 2
662	3 2 8 6
663	6 9 10 5
664	1 4 8 3
665	10 1 3 4
666	7 5 10 4
667	9 7 5 8
668	5 9 10 3
669	5 4 9 1
670	4 7 8 3
671	4 9 3 7
672	10 9 5 4
673	6 8 9 10
674	3 8 6 10
675	7 2 3 4
676	3 8 10 1
677	7 2 1 6
678	9 3 10 1
679	4 6 7 9
680	2 8 6 4
681	5 7 1 4
682	1 7 5 9
683	9 1 5 7
684	7 8 5 10
685	3 7 6 9
686	1 7 2 3
687	10 3 7 5
688	1 2 7 9
689	2 1 9 8
690	10 8 7 1
691	3 7 2 9
692	2 10 5 7
693	5 9 3 8
694	3 8 4 1
695	10 3 4 9
696	5 9 10 3
697	6 10 2 1
698	3 1 7 4
699	2 7 5 10
700	1 2 5 6
701	3 1 6 8
702	10 8 1 3
703	10 4 2 3
704	6 5 4 1
705	3 7 1 10
706	2 6 8 7
707	5 6 4 3
708	9 4 7 5
709	1 2 3 8
710	1 10 8 5
711	8 1 2 3
712	9 2 3 10
713	2 10 9 7
714	10 5 3 6
715	2 5 10 6
716	6 4 10 5
717	1 9 6 7
718	7 2 8 9
719	6 1 8 2
720	1 2 8 3
721	3 4 2 6
722	2 10 8 7
723	5 7 9 1
724	6 9 7 10
725	10 2 9 3
726	5 1 10 3
727	4 2 9 10
728	5 7 3 2
729	6 5 10 9
730	8 7 9 6
731	4 6 5 3
732	7 10 2 9
733	4 6 9 7
734	7 4 2 9
735	8 3 4 1
736	6 7 10 8
737	7 1 8 6
738	6 1 4 9
739	7 6 5 8
740	4 5 3 8
741	4 1 8 5
742	10 4 3 2
743	1 2 6 5
744	9 2 1 6
745	6 5 7 4
746	4 5 7 1
747	2 4 8 1
748	2 8 7 10
749	3 7 6 2
750	3 8 1 7
751	2 5 7 4
752	10 8 6 2
753	8 10 9 6
754	4 5 7 3
755	9 7 8 4
756	5 9 1 2
757	6 9 8 1
758	5 7 3 4
759	3 2 5 4
760	4 8 9 3
761	4 2 9 1
762	3 4 10 5
763	6 3 1 2
764	4 1 2 10
765	7 4 6 5
766	6 3 2 4
767	8 9 4 5
768	4 9 6 3
769	7 6 9 2
770	6 2 4 5
771	3 5 7 2
772	6 8 9 1
773	10 1 9 5
774	2 3 1 6
775	6 3 4 9
776	2 5 9 4
777	5 1 9 8
778	1 7 2 6
779	7 5 2 3
780	5 2 8 1
781	2 7 10 9
782	1 9 5 4
783	9 4 1 8
784	10 9 3 4
785	8 10 4 9
786	5 1 7 8
787	3 10 1 4
788	4 9 7 2
789	6 7 4 3
790	10 3 1 6
791	5 4 9 8
792	9 4 3 8
793	2 1 8 7
794	8 2 9 3
795	8 1 5 3
796	10 3 8 5
797	1 9 7 3
798	3 4 10 8
799	7 8 1 9
800	3 2 1 7
801	9 6 10 4
802	9 5 2 10
803	4 6 7 1
804	3 2 8 7
805	4 1 8 6
806	8 1 7 2
807	9 8 3 10
808	5 3 6 9
809	1 2 6 9
810	2 10 4 7
811	6 4 10 7
812	4 5 3 6
813	6 4 5 9
814	2 6 9 4
815	5 3 7 10
816	3 5 2 8
817	9 6 7 4
818	6 4 10 7
819	8 2 6 10
820	4 3 7 1
821	7 9 6 1
822	8 5 1 10
823	5 7 1 10
824	9 7 2 8
825	10 2 3 1
826	5 8 4 10
827	7 10 4 2
828	5 4 2 8
829	2 4 9 10
830	10 1 2 5
831	9 2 3 8
832	10 5 1 3
833	8 10 9 7
834	6 10 8 1
835	2 10 7 9
836	4 5 10 1
837	3 4 8 6
838	7 8 1 4
839	2 9 7 1
840	8 3 4 6
841	4 2 7 1
842	7 5 9 2
843	10 9 6 4
844	7 1 4 5
845	4 10 6 5
846	5 3 7 10
847	3 8 1 5
848	2 8 5 9
849	3 10 8 2
850	1 7 5 6
851	3 6 9 7
852	8 3 1 9
853	6 5 3 2
854	4 1 6 2
855	3 9 5 6
856	4 9 7 10
857	4 2 10 3
858	5 6 4 1
859	7 6 1 4
860	10 2 6 5
861	2 4 1 9
862	8 5 6 10
863	4 8 2 6
864	10 7 3 5
865	2 1 8 9
866	8 10 2 6
867	7 4 6 1
868	1 3 10 4
869	9 8 6 2
870	1 7 8 10
871	7 3 5 2
872	7 10 8 6
873	1 8 2 10
874	8 7 3 5
875	8 7 9 2
876	10 4 8 1
877	7 8 6 4
878	4 8 2 10
879	9 8 5 1
880	3 4 7 5
881	6 5 10 7
882	10 5 2 4
883	10 9 7 8
884	6 1 9 2
885	7 10 5 9
886	3 10 4 8
887	9 4 6 5
888	5 10 1 3
889	9 7 2 10
890	9 8 5 6
891	9 10 6 8
892	10 4 3 5
893	9 4 6 1
894	1 6 8 4
895	6 3 1 8
896	7 5 10 6
897	5 4 1 7
898	6 1 10 9
899	5 8 2 9
900	9 5 4 6
901	6 2 3 4
902	1 7 9 5
903	3 6 7 1
904	9 8 1 10
905	6 3 7 4
906	9 4 6 8
907	3 5 8 4
908	3 8 4 2
909	3 4 2 5
910	6 1 10 5
911	6 3 9 1
912	2 5 8 9
913	2 3 6 10
914	1 5 2 9
915	9 5 4 3
916	3 4 10 8
917	3 7 2 9
918	2 7 9 1
919	3 6 4 7
920	4 7 9 3
921	1 9 10 6
922	5 10 2 3
923	2 8 5 7
924	6 5 7 10
925	6 9 7 1
926	7 4 2 3
927	4 5 9 2
928	2 4 5 1
929	9 10 8 5
930	7 4 6 5
931	6 9 7 8
932	8 5 2 3
933	7 1 5 4
934	9 2 4 6
935	9 5 2 10
936	2 3 8 4
937	4 1 2 8
938	3 10 1 2
939	9 7 3 2
940	3 4 7 6
941	3 2 1 7
942	6 5 10 9
943	4 1 5 6
944	5 8 7 2
945	4 2 8 7
946	9 2 3 8
947	7 10 4 3
948	2 5 9 10
949	2 9 10 8
950	1 2 3 8
951	5 2 3 10
952	9 4 10 7
953	9 10 4 8
954	5 1 3 2
955	8 2 6 3
956	6 8 2 1
957	2 1 9 8
958	4 9 1 6
959	8 9 7 5
960	9 10 5 7
961	5 8 3 10
962	3 8 5 7
963	5 6 10 3
964	2 9 3 10
965	1 9 8 5
966	5 2 7 6
967	3 6 1 7
968	8 3 1 2
969	2 8 6 7
970	2 1 4 8
971	6 5 7 3
972	3 9 4 6
973	4 5 8 10
974	3 8 6 7
975	3 5 10 2
976	6 9 2 7
977	1 9 3 10
978	6 9 1 2
979	6 5 10 7
980	5 2 10 8
981	7 4 9 6
982	4 8 9 6
983	9 1 3 10
984	3 4 6 2
985	5 6 1 7
986	2 9 6 5
987	5 9 1 6
988	4 10 7 9
989	9 3 5 10
990	8 10 5 3
991	6 8 3 9
992	5 1 6 8
993	5 2 7 10
994	2 8 4 1
995	6 10 3 4
996	7 3 10 5
997	4 5 3 8
998	5 2 6 8
999	3 6 10 1
1000	2 8 1 10
