Students	1000
1	3 4 1 2
2	1 8 4 10
3	1 8 7 3
4	8 7 3 2
5	7 3 6 9
6	6 10 9 3
7	8 1 9 7
8	10 6 2 4
9	5 9 2 10
10	6 2 9 3
11	1 3 7 2
12	9 3 7 1
13	9 7 2 8
14	8 10 4 2
15	6 3 9 8
16	8 10 7 2
17	5 2 1 3
18	6 1 3 4
19	6 5 2 8
20	1 5 6 7
21	1 3 4 10
22	7 9 3 2
23	7 6 10 4
24	9 10 4 5
25	1 10 2 7
26	10 2 6 5
27	8 5 10 6
28	6 9 7 2
29	9 7 3 5
30	9 6 2 3
31	7 10 5 8
32	8 5 10 7
33	5 2 8 6
34	7 6 1 9
35	10 4 9 7
36	7 10 8 5
37	3 9 1 4
38	4 5 6 1
39	5 2 3 1
40	8 5 10 2
41	3 9 6 1
42	3 2 9 1
43	10 3 7 5
44	9 4 7 10
45	7 5 4 9
46	3 10 4 7
47	4 10 5 6
48	5 8 6 9
49	1 5 2 9
50	3 1 2 5
51	4 8 1 3
52	7 8 10 6
53	8 9 10 1
54	1 7 6 2
55	10 4 9 2
56	2 3 9 4
57	8 2 1 6
58	2 4 1 3
59	3 10 4 2
60	6 5 7 1
61	5 8 9 7
62	8 3 2 10
63	10 6 7 8
64	8 6 3 5
65	8 1 5 2
66	3 10 2 6
67	3 5 9 10
68	5 1 4 9
69	8 7 1 6
70	4 8 1 6
71	8 3 2 4
72	9 6 8 1
73	2 6 5 8
74	7 6 9 4
75	7 3 4 1
76	3 1 2 5
77	1 2 9 8
78	5 2 4 6
79	3 2 5 6
80	2 9 1 6
81	2 8 5 3
82	3 5 8 1
83	3 2 6 7
84	8 3 4 7
85	8 4 5 10
86	7 3 2 9
87	1 9 6 8
88	9 10 6 2
89	1 3 6 10
90	2 5 6 4
91	7 9 8 2
92	7 3 10 9
93	3 8 5 7
94	9 7 3 10
95	9 1 2 3
96	10 1 3 9
97	4 7 8 6
98	10 8 7 6
99	2 5 9 1
100	5 9 1 6
101	7 9 8 1
102	10 5 9 3
103	5 2 10 6
104	5 10 9 4
105	8 1 6 10
106	5 1 9 4
107	4 1 5 9
108	2 1 9 3
109	9 8 4 3
110	3 6 5 10
111	3 9 7 4
112	8 6 5 1
113	10 2 3 8
114	9 6 1 10
115	2 3 6 4
116	7 6 2 3
117	7 9 5 1
118	7 10 3 4
119	9 3 10 7
120	3 9 5 6
121	10 1 8 4
122	8 10 6 3
123	1 6 3 10
124	10 3 5 4
125	4 5 8 2
126	9 8 1 5
127	4 8 5 3
128	6 5 7 2
129	4 10 6 9
130	2 9 4 3
131	6 5 9 1
132	6 8 7 9
133	4 8 2 1
134	8 3 4 2
135	7 3 1 10
136	10 8 9 7
137	1 4 7 5
138	10 3 1 6
139	9 8 7 2
140	9 10 5 3
141	8 10 9 1
142	1 5 8 7
143	3 10 2 7
144	5 8 2 1
145	7 1 2 10
146	10 2 7 9
147	9 6 8 5
148	4 5 8 7
149	7 5 2 10
150	9 1 8 6
151	9 5 10 8
152	6 2 7 1
153	2 7 8 9
154	3 4 6 5
155	1 4 5 7
156	6 1 10 5
157	7 4 10 1
158	3 8 4 5
159	5 10 4 6
160	7 2 9 10
161	6 7 2 5
162	2 10 8 5
163	1 10 9 8
164	2 3 9 5
165	3 8 10 1
166	3 4 10 6
167	4 5 3 9
168	3 8 2 1
169	7 3 1 10
170	2 4 3 1
171	4 7 8 5
172	2 4 5 9
173	6 8 9 1
174	8 9 10 5
175	3 9 2 7
176	4 8 1 6
177	2 5 8 10
178	4 10 3 8
179	3 4 7 9
180	7 4 2 3
181	9 8 5 6
182	7 9 5 2
183	9 4 3 5
184	10 4 9 2
185	9 2 8 4
186	8 3 6 4
187	3 9 6 1
188	8 9 1 5
189	2 5 1 10
190	6 8 10 7
191	5 8 7 9
192	7 6 9 8
193	8 6 2 5
194	8 5 3 1
195	2 3 9 7
196	8 4 3 6
197	2 6 9 5
198	7 6 1 4
199	1 9 4 6
200	9 10 4 7
201	4 5 10 8
202	7 6 1 2
203	8 3 2 4
204	6 8 4 2
205	2 8 5 10
206	8 1 9 4
207	1 7 2 9
208	5 1 4 7
209	3 1 9 6
210	5 6 9 10
211	2 7 10 6
212	6 7 5 10
213	4 5 3 2
214	1 8 10 4
215	2 3 9 1
216	6 7 9 3
217	2 3 5 7
218	1 5 2 6
219	2 1 7 10
220	4 9 5 6
221	7 10 9 5
222	1 3 9 8
223	10 9 3 5
224	4 7 10 3
225	5 4 10 6
226	6 7 5 2
227	8 3 7 9
228	4 6 10 9
229	6 1 5 9
230	9 8 7 5
231	8 1 9 7
232	2 1 10 4
233	3 9 1 2
234	1 9 8 3
235	9 1 10 5
236	2 6 4 8
237	1 7 5 8
238	3 4 1 7
239	4 9 8 6
240	5 6 2 10
241	9 7 5 8
242	8 3 6 4
243	2 4 10 8
244	10 4 9 7
245	1 9 7 10
246	10 4 8 9
247	6 10 8 1
248	10 1 9 2
249	7 2 6 3
250	5 8 4 1
251	7 3 9 5
252	3 9 8 10
253	6 5 1 9
254	8 9 4 2
255	6 5 1 4
256	4 9 5 6
257	3 10 9 4
258	10 1 9 5
259	6 10 7 2
260	10 2 4 3
261	1 9 4 2
262	8 7 3 1
263	2 7 3 4
264	10 8 2 3
265	6 1 4 2
266	1 2 10 8
267	3 1 8 5
268	10 3 1 8
269	5 1 2 7
270	10 7 5 8
271	7 8 2 3
272	5 3 1 4
273	8 3 1 9
274	7 2 10 8
275	1 7 3 9
276	1 8 9 5
277	8 9 3 5
278	7 6 8 5
279	6 8 3 7
280	4 7 1 5
281	4 6 10 8
282	2 10 1 7
283	4 1 2 3
284	7 9 10 3
285	3 7 2 6
286	9 8 4 5
287	6 7 9 4
288	3 8 10 1
289	5 8 2 10
290	5 6 2 9
291	8 10 1 3
292	2 7 4 1
293	4 2 10 7
294	2 1 8 9
295	6 8 1 10
296	4 1 5 8
297	1 2 10 4
298	8 9 1 5
299	2 10 8 9
300	6 2 1 9
301	10 6 5 7
302	5 2 10 8
303	8 6 7 2
304	5 1 7 3
305	10 7 6 4
306	7 4 3 10
307	9 10 5 8
308	10 6 7 3
309	5 9 2 3
310	1 7 5 6
311	1 3 10 4
312	1 8 9 5
313	5 2 10 4
314	3 8 9 1
315	5 8 6 10
316	9 2 5 4
317	5 2 4 10
318	4 2 8 10
319	3 10 7 4
320	9 8 6 4
321	3 1 2 9
322	5 1 4 10
323	10 9 1 5
324	6 10 2 1
325	2 9 8 1
326	2 5 3 6
327	3 1 6 8
328	6 4 5 2
329	3 7 9 6
330	8 10 3 5
331	6 8 4 9
332	2 7 3 9
333	1 6 7 2
334	3 6 5 1
335	3 4 1 10
336	9 1 8 10
337	2 6 1 3
338	3 2 5 1
339	10 8 9 2
340	10 2 4 9
341	10 3 4 6
342	1 10 3 4
343	5 9 3 10
344	3 8 5 7
345	5 10 2 8
346	9 7 1 5
347	9 6 5 4
348	9 6 3 4
349	2 7 9 6
350	4 2 10 1
351	7 1 10 3
352	1 6 10 5
353	10 2 3 8
354	10 8 6 7
355	10 6 2 5
356	10 8 9 4
357	7 2 9 3
358	10 6 1 7
359	9 10 3 2
360	2 5 6 1
361	2 7 5 6
362	6 8 2 9
363	4 8 10 9
364	1 4 3 7
365	8 6 3 10
366	4 3 7 6
367	9 7 6 1
368	7 2 9 10
369	5 6 7 1
370	1 7 3 4
371	3 9 8 2
372	9 6 3 5
373	9 4 8 1
374	7 10 6 2
375	5 1 4 9
376	10 1 7 8
377	5 3 7 4
378	1 3 6 8
379	9 3 10 1
380	9 6 10 8
381	5 7 10 1
382	5 3 8 1
383	8 10 6 9
384	3 8 2 6
385	7 9 6 10
386	4 10 9 7
387	3 10 2 6
388	7 2 3 1
389	4 10 7 6
390	1 3 4 8
391	6 4 8 3
392	9 10 4 1
393	5 3 2 8
394	1 8 7 5
395	1 7 9 3
396	7 9 2 8
397	2 7 1 4
398	4 3 1 8
399	4 8 9 3
400	9 10 8 3
401	1 3 5 2
402	6 9 2 7
403	2 5 3 10
404	8 3 10 1
405	9 2 6 3
406	8 6 1 9
407	3 2 5 6
408	9 3 5 7
409	1 9 3 7
410	10 9 8 7
411	6 1 9 2
412	3 7 9 6
413	7 5 1 8
414	10 6 4 8
415	1 3 10 6
416	5 10 4 2
417	6 8 2 10
418	6 5 10 1
419	5 8 1 10
420	3 7 6 1
421	7 8 4 1
422	1 9 3 8
423	4 9 8 6
424	1 6 4 5
425	4 3 8 9
426	7 2 4 3
427	4 8 10 1
428	9 4 8 1
429	9 4 8 1
430	1 4 7 10
431	4 5 2 10
432	1 5 4 9
433	5 9 4 10
434	1 7 5 10
435	7 8 10 1
436	9 8 4 3
437	6 1 5 4
438	4 6 3 7
439	1 9 10 8
440	1 3 8 4
441	10 1 2 3
442	4 5 7 2
443	2 5 4 8
444	4 7 2 9
445	6 2 8 9
446	10 7 1 3
447	1 6 10 7
448	7 5 4 1
449	4 1 2 9
450	4 8 10 7
451	4 5 6 1
452	2 9 1 7
453	5 4 9 10
454	10 5 4 9
455	1 10 4 7
456	3 7 4 5
457	7 10 9 4
458	4 3 1 8
459	5 6 8 2
460	6 3 10 5
461	10 1 2 4
462	2 7 3 10
463	4 8 9 3
464	6 7 3 4
465	6 2 10 9
466	5 6 4 3
467	1 6 10 7
468	3 1 6 4
469	2 10 9 1
470	1 9 5 4
471	7 6 3 5
472	6 8 4 2
473	6 5 8 7
474	1 10 8 4
475	2 4 7 10
476	5 8 9 2
477	9 1 3 4
478	7 1 9 4
479	4 6 8 7
480	6 7 5 3
481	6 10 7 5
482	6 9 3 7
483	10 2 7 5
484	4 2 3 10
485	5 10 6 7
486	9 4 3 5
487	4 3 9 2
488	10 9 1 4
489	7 3 6 4
490	3 1 9 6
491	10 1 6 7
492	9 5 6 8
493	5 2 1 6
494	3 2 4 7
495	2 5 10 9
496	2 10 6 4
497	10 5 9 8
498	7 1 8 4
499	1 10 8 4
500	6 4 5 9
501	8 6 7 10
502	4 1 8 7
503	8 4 6 2
504	3 2 7 9
505	9 2 3 7
506	4 3 9 10
507	3 6 4 5
508	3 9 7 8
509	6 9 3 4
510	1 6 4 2
511	5 1 7 3
512	3 7 4 2
513	9 3 1 4
514	8 3 7 10
515	9 2 6 10
516	8 7 3 6
517	7 2 5 10
518	10 6 9 7
519	1 6 10 8
520	4 5 3 10
521	7 6 1 10
522	2 4 6 3
523	3 6 10 5
524	3 1 5 7
525	9 10 5 1
526	5 10 4 3
527	1 2 5 10
528	6 4 1 5
529	3 5 2 1
530	1 4 2 5
531	10 9 1 3
532	2 3 1 8
533	8 2 6 4
534	6 2 10 4
535	1 7 5 2
536	1 4 8 6
537	4 2 1 6
538	2 9 7 10
539	10 6 3 1
540	9 6 5 7
541	2 3 5 7
542	10 8 7 9
543	1 3 9 2
544	7 1 3 10
545	7 2 6 10
546	5 9 3 4
547	5 4 3 2
548	9 10 1 6
549	1 10 7 2
550	10 8 3 6
551	4 3 5 8
552	4 2 6 8
553	8 1 4 6
554	10 6 5 7
555	9 8 4 10
556	3 10 5 8
557	9 6 7 5
558	9 4 8 1
559	9 7 6 4
560	5 9 7 4
561	9 4 10 7
562	6 4 3 2
563	6 3 2 5
564	3 4 10 8
565	7 8 2 6
566	2 8 1 9
567	10 8 9 6
568	3 10 1 7
569	5 7 4 3
570	2 8 10 1
571	6 3 7 10
572	5 10 2 9
573	7 8 2 1
574	10 2 1 7
575	7 8 3 9
576	4 7 5 2
577	7 6 8 5
578	6 7 5 10
579	10 4 7 9
580	3 7 8 9
581	10 7 8 2
582	4 9 2 5
583	7 8 3 2
584	5 2 8 7
585	5 8 7 1
586	4 7 2 10
587	2 3 6 8
588	8 4 10 6
589	3 4 7 5
590	9 3 1 7
591	1 5 4 7
592	1 5 3 6
593	7 1 3 5
594	8 1 6 7
595	7 8 10 6
596	8 2 4 6
597	1 10 4 8
598	1 2 4 8
599	3 2 1 7
600	5 6 7 9
601	4 9 5 7
602	8 10 7 9
603	5 4 10 8
604	2 5 8 7
605	3 4 7 2
606	8 10 6 2
607	9 6 8 7
608	6 7 4 8
609	9 6 1 3
610	5 1 7 8
611	5 7 3 2
612	5 10 8 9
613	5 9 6 1
614	1 7 2 9
615	10 8 6 9
616	3 5 4 8
617	2 4 8 9
618	10 8 3 2
619	9 2 4 3
620	4 3 6 8
621	4 2 7 6
622	5 7 1 2
623	1 4 2 7
624	1 9 3 4
625	8 3 9 2
626	4 7 2 6
627	10 1 4 8
628	10 9 7 3
629	7 1 10 5
630	9 3 2 7
631	7 3 6 1
632	7 3 10 6
633	5 6 4 7
634	3 9 7 2
635	4 5 3 9
636	7 8 5 2
637	3 8 5 6
638	1 2 7 9
639	9 8 2 10
640	6 4 2 5
641	8 2 5 10
642	9 6 5 10
643	4 2 6 9
644	3 1 9 4
645	2 10 5 9
646	1 6 5 2
647	1 5 7 9
648	3 9 4 7
649	4 7 6 5
650	4 8 7 2
651	8 7 2 3
652	9 7 8 5
653	9 3 1 8
654	6 3 8 5
655	8 2 3 9
656	4 5 6 2
657	9 7 2 6
658	9 7 8 5
659	3 8 6 7
660	6 4 3 2
661	5 4 7 1
662	9 5 6 3
663	3 4 5 8
664	5 9 1 2
665	3 1 8 6
666	3 2 9 1
667	10 6 2 9
668	1 5 4 9
669	6 9 10 1
670	7 10 1 4
671	8 5 7 1
672	1 8 2 4
673	8 1 9 7
674	4 2 8 7
675	5 1 8 6
676	4 10 6 7
677	9 2 8 1
678	4 1 2 8
679	1 10 5 3
680	4 7 2 3
681	6 1 8 5
682	1 4 2 10
683	3 7 4 5
684	2 1 9 3
685	1 9 3 10
686	9 4 7 1
687	2 10 1 4
688	9 3 8 1
689	2 7 4 10
690	6 10 8 9
691	5 7 2 8
692	10 9 6 7
693	9 3 4 6
694	8 9 2 1
695	1 9 2 4
696	3 10 7 6
697	6 2 3 10
698	3 8 7 5
699	6 2 7 1
700	3 4 9 2
701	10 3 8 6
702	8 4 3 5
703	7 6 8 4
704	3 2 9 8
705	2 5 1 9
706	3 2 7 4
707	8 10 5 6
708	4 2 10 3
709	7 2 1 5
710	1 3 10 7
711	9 3 5 1
712	1 2 6 9
713	9 1 2 4
714	5 7 3 2
715	7 6 2 10
716	9 3 6 2
717	6 8 4 10
718	4 9 6 2
719	3 8 1 5
720	9 8 10 3
721	3 4 7 5
722	6 5 4 7
723	6 3 7 4
724	7 1 4 10
725	7 5 9 3
726	8 2 1 9
727	5 8 2 6
728	5 3 8 2
729	9 8 3 6
730	3 8 4 10
731	6 4 5 8
732	5 3 1 10
733	8 7 9 5
734	2 10 7 1
735	5 1 9 4
736	2 5 7 8
737	4 1 8 7
738	10 4 7 8
739	2 9 8 4
740	1 9 7 5
741	2 9 1 7
742	1 8 3 7
743	9 2 5 8
744	3 1 6 2
745	1 8 6 9
746	10 1 9 2
747	1 2 8 6
748	2 10 8 3
749	4 3 10 6
750	3 4 9 7
751	3 1 5 7
752	4 3 6 5
753	6 10 5 4
754	7 4 5 10
755	4 1 8 5
756	2 3 10 7
757	7 8 1 10
758	1 8 4 9
759	3 6 9 1
760	7 6 1 2
761	4 1 3 9
762	2 5 9 1
763	8 4 10 2
764	6 9 5 10
765	6 5 9 2
766	9 7 4 3
767	2 3 10 7
768	8 1 9 5
769	3 10 6 4
770	1 8 2 10
771	7 3 10 4
772	3 2 10 9
773	10 9 3 2
774	7 4 9 8
775	6 4 9 3
776	5 2 1 6
777	9 3 8 1
778	9 5 7 8
779	10 2 1 6
780	6 8 7 5
781	8 9 6 7
782	6 4 5 2
783	5 7 9 4
784	10 7 1 9
785	1 10 6 5
786	6 10 1 7
787	1 5 4 3
788	2 8 10 7
789	4 1 2 5
790	6 7 9 1
791	10 9 7 8
792	3 6 9 2
793	5 1 3 6
794	10 4 9 7
795	8 3 2 6
796	2 7 6 9
797	6 1 5 9
798	9 2 7 5
799	8 9 3 4
800	5 8 10 9
801	6 1 10 7
802	4 10 8 6
803	8 10 3 9
804	6 5 4 1
805	6 5 8 2
806	3 10 4 8
807	5 7 2 3
808	1 10 8 5
809	8 3 9 2
810	4 2 6 10
811	6 1 9 5
812	2 5 9 1
813	8 7 2 3
814	1 9 3 7
815	9 10 8 6
816	7 3 10 5
817	4 9 5 8
818	10 7 6 4
819	10 2 7 3
820	6 3 5 8
821	1 7 6 4
822	6 2 7 9
823	6 3 7 1
824	2 8 9 7
825	5 4 8 6
826	5 2 1 10
827	3 4 6 5
828	7 4 1 5
829	3 8 9 4
830	9 6 1 7
831	10 9 8 4
832	7 9 4 1
833	6 3 8 1
834	5 3 9 4
835	8 1 10 2
836	7 10 8 6
837	1 5 9 10
838	4 8 9 5
839	10 3 6 1
840	3 7 1 8
841	2 8 3 10
842	7 6 1 9
843	6 2 10 4
844	6 10 4 8
845	3 9 2 8
846	10 3 2 7
847	3 1 8 10
848	6 5 9 10
849	10 9 1 8
850	5 9 6 4
851	10 2 3 9
852	8 4 10 7
853	6 3 5 7
854	4 7 6 2
855	9 3 5 6
856	1 4 7 10
857	3 10 1 9
858	2 8 5 10
859	4 9 1 5
860	2 9 6 1
861	2 1 4 10
862	9 2 6 7
863	7 9 3 5
864	1 6 5 8
865	1 6 2 7
866	5 8 9 4
867	5 1 7 8
868	4 3 9 1
869	10 7 2 1
870	9 10 4 8
871	7 10 5 8
872	10 3 9 7
873	10 1 7 2
874	7 1 8 2
875	6 1 5 7
876	3 8 6 4
877	3 6 8 7
878	9 3 4 8
879	8 2 1 10
880	1 2 5 4
881	9 7 1 3
882	3 10 2 1
883	6 5 7 8
884	7 8 1 4
885	5 10 9 8
886	6 1 4 8
887	1 4 10 3
888	5 3 8 1
889	2 1 9 8
890	10 9 8 2
891	2 8 6 3
892	5 7 4 8
893	7 1 4 10
894	3 9 10 1
895	5 1 4 8
896	1 3 7 4
897	3 6 4 9
898	9 5 6 7
899	4 1 10 7
900	9 5 6 4
901	8 3 5 1
902	7 4 10 6
903	10 5 2 7
904	5 1 6 9
905	2 5 4 1
906	1 7 3 10
907	6 1 8 9
908	9 8 1 2
909	1 6 9 8
910	9 10 5 4
911	7 10 6 2
912	1 3 6 7
913	6 4 10 5
914	10 3 8 5
915	4 7 10 2
916	2 4 3 7
917	3 2 9 4
918	2 7 6 5
919	6 9 7 4
920	9 4 8 2
921	3 9 10 7
922	9 5 4 3
923	1 2 7 8
924	9 3 6 2
925	5 1 3 9
926	6 10 8 5
927	6 2 9 4
928	7 4 1 10
929	4 3 2 7
930	4 9 8 3
931	6 8 9 5
932	2 8 1 6
933	6 2 3 10
934	6 3 4 2
935	4 3 10 7
936	8 9 2 10
937	4 8 6 1
938	7 3 6 5
939	1 6 4 7
940	4 3 7 10
941	3 10 5 9
942	1 9 2 3
943	7 1 6 5
944	2 6 10 9
945	5 8 7 3
946	3 5 2 4
947	5 6 7 8
948	1 2 6 3
949	3 9 5 2
950	9 4 10 8
951	6 1 10 8
952	1 6 7 2
953	8 9 1 3
954	7 5 3 8
955	5 3 6 9
956	9 10 1 4
957	6 10 8 7
958	5 6 8 9
959	1 3 10 9
960	7 2 5 8
961	8 6 3 1
962	2 5 1 6
963	3 9 5 10
964	10 6 5 7
965	5 4 3 10
966	8 10 9 1
967	7 2 10 4
968	3 10 5 8
969	1 8 10 2
970	3 9 1 4
971	1 3 2 7
972	10 8 7 6
973	9 8 7 6
974	1 3 5 8
975	6 4 3 2
976	6 8 5 3
977	2 8 4 7
978	9 1 2 8
979	6 10 3 8
980	10 7 1 5
981	8 10 6 7
982	3 2 1 7
983	8 6 2 4
984	8 6 7 9
985	2 8 7 6
986	5 2 9 1
987	4 2 9 3
988	7 4 3 9
989	2 4 7 1
990	2 9 3 1
991	6 10 4 8
992	8 6 2 7
993	7 6 5 10
994	2 10 8 4
995	1 7 5 9
996	8 2 6 5
997	7 9 2 8
998	7 2 9 10
999	1 6 5 4
1000	2 8 3 6
