Students	1000
1	10 4 6 9
2	6 9 5 3
3	1 4 7 3
4	2 1 8 9
5	10 7 6 1
6	6 4 1 7
7	9 8 2 7
8	6 10 2 3
9	7 9 5 4
10	7 3 6 9
11	7 5 3 10
12	8 7 2 10
13	4 6 3 2
14	4 9 3 6
15	7 9 8 5
16	3 9 1 2
17	8 6 7 3
18	2 7 8 4
19	7 6 5 10
20	10 2 5 9
21	4 10 9 8
22	1 10 3 5
23	4 3 2 8
24	10 1 5 6
25	2 7 10 9
26	8 4 2 7
27	6 4 10 2
28	9 3 2 1
29	8 2 5 6
30	10 9 1 7
31	3 6 5 4
32	1 2 10 4
33	6 10 5 1
34	1 4 3 8
35	6 10 1 4
36	8 1 6 4
37	8 10 2 4
38	6 4 5 1
39	10 1 9 6
40	2 8 4 3
41	3 8 6 4
42	1 3 4 6
43	4 10 8 7
44	2 3 1 7
45	7 3 9 5
46	8 5 1 10
47	10 2 8 3
48	9 10 2 3
49	1 3 2 9
50	3 4 1 10
51	1 9 5 3
52	9 4 7 10
53	2 5 1 7
54	10 6 4 2
55	1 2 8 4
56	4 8 7 5
57	2 1 8 5
58	10 2 7 9
59	10 3 8 2
60	10 7 4 2
61	2 9 3 10
62	9 3 5 6
63	1 8 6 7
64	6 9 5 1
65	1 10 5 8
66	2 1 5 9
67	9 8 1 3
68	1 10 6 5
69	2 7 9 10
70	3 9 2 6
71	1 2 5 10
72	1 3 10 8
73	8 6 4 2
74	5 7 8 9
75	2 1 7 4
76	1 4 5 3
77	6 1 8 5
78	7 1 3 5
79	9 10 3 2
80	8 5 7 6
81	8 2 7 9
82	4 8 1 2
83	8 5 10 3
84	3 1 9 2
85	4 7 1 2
86	5 9 7 3
87	10 8 7 4
88	2 8 7 3
89	10 5 4 6
90	3 5 10 7
91	2 1 5 6
92	8 3 9 4
93	8 3 10 2
94	1 4 6 5
95	2 8 5 10
96	2 9 3 10
97	1 6 3 2
98	5 4 2 3
99	4 2 9 3
100	1 10 4 9
101	8 4 5 9
102	9 3 4 2
103	6 2 9 3
104	10 5 8 3
105	10 9 6 3
106	8 3 1 6
107	6 3 10 8
108	10 2 9 3
109	5 9 4 10
110	8 1 7 3
111	8 6 3 7
112	6 4 10 2
113	5 1 4 7
114	6 2 8 10
115	9 4 5 10
116	2 9 5 7
117	5 3 2 4
118	3 6 7 4
119	7 8 4 5
120	7 9 8 3
121	6 10 2 5
122	4 7 10 1
123	6 10 5 1
124	8 3 5 1
125	7 5 1 9
126	6 9 3 8
127	6 2 7 5
128	4 6 7 9
129	7 2 10 4
130	9 6 1 5
131	7 3 1 9
132	3 9 7 5
133	8 1 4 3
134	4 8 9 5
135	8 3 4 7
136	10 7 2 3
137	3 7 9 1
138	2 1 9 7
139	7 10 2 8
140	10 4 6 1
141	9 4 1 6
142	8 7 2 9
143	1 3 10 2
144	8 2 4 7
145	5 7 3 1
146	8 10 2 6
147	7 10 2 9
148	4 1 5 8
149	4 9 10 3
150	8 10 3 7
151	9 2 4 6
152	7 10 8 9
153	8 1 4 5
154	8 1 3 9
155	10 4 9 6
156	6 10 4 1
157	8 5 4 6
158	7 6 3 1
159	5 7 3 10
160	5 4 6 10
161	8 2 9 3
162	7 1 2 9
163	9 8 3 6
164	5 7 6 9
165	7 1 8 9
166	5 1 4 3
167	3 10 8 2
168	3 5 1 2
169	7 3 1 9
170	10 1 8 6
171	8 1 4 3
172	10 1 4 9
173	10 7 3 5
174	5 6 9 7
175	1 4 10 5
176	9 3 6 8
177	6 3 1 2
178	4 1 5 3
179	2 7 5 9
180	6 9 10 8
181	9 10 8 6
182	8 2 3 5
183	5 1 3 7
184	5 7 6 2
185	6 4 3 7
186	10 3 7 1
187	5 9 7 2
188	7 2 3 1
189	9 7 3 8
190	1 7 8 10
191	1 10 9 2
192	6 4 3 9
193	8 7 5 2
194	9 5 8 7
195	8 9 1 5
196	1 2 8 7
197	4 2 7 3
198	5 8 10 1
199	8 4 10 7
200	10 3 1 7
201	5 6 1 3
202	4 6 5 1
203	2 9 5 8
204	10 1 4 6
205	9 5 8 2
206	3 1 2 4
207	5 9 1 6
208	9 8 4 1
209	3 4 10 7
210	4 7 8 1
211	5 6 1 9
212	6 3 9 5
213	5 8 3 10
214	3 7 5 6
215	2 10 6 4
216	6 9 10 3
217	2 3 5 10
218	5 8 3 9
219	6 5 3 10
220	3 9 5 2
221	10 7 5 4
222	3 9 4 1
223	5 9 3 6
224	6 5 8 7
225	1 4 7 9
226	2 4 1 10
227	8 1 10 2
228	5 2 7 8
229	6 10 1 4
230	9 10 7 6
231	1 8 4 9
232	8 9 3 2
233	8 2 7 10
234	3 6 1 2
235	7 5 9 1
236	3 1 5 4
237	3 1 5 4
238	2 10 5 1
239	4 10 2 7
240	6 9 4 8
241	9 7 1 2
242	4 9 6 2
243	3 10 5 9
244	1 2 4 7
245	2 6 3 9
246	5 4 3 2
247	7 10 8 1
248	1 9 10 5
249	4 2 9 10
250	4 6 1 10
251	5 4 3 9
252	5 7 9 2
253	1 6 2 10
254	9 2 5 8
255	2 10 4 7
256	6 5 7 9
257	10 8 9 7
258	10 5 8 1
259	9 3 7 10
260	4 10 7 5
261	5 2 9 6
262	9 1 6 3
263	6 2 5 1
264	5 1 2 8
265	8 4 3 5
266	5 9 6 1
267	2 8 5 9
268	6 9 4 1
269	8 10 2 6
270	10 7 8 9
271	5 4 7 3
272	7 9 6 3
273	9 3 1 6
274	6 9 7 10
275	2 7 1 10
276	5 6 2 9
277	1 3 6 10
278	4 3 9 5
279	3 1 10 6
280	9 1 2 5
281	7 8 9 4
282	6 10 2 8
283	7 6 9 3
284	2 5 4 9
285	4 2 6 9
286	7 6 8 2
287	5 8 1 2
288	6 5 3 7
289	3 2 4 9
290	3 7 4 9
291	6 2 10 8
292	2 7 5 4
293	5 1 3 2
294	10 4 3 5
295	10 6 7 3
296	5 2 10 3
297	5 3 7 1
298	7 4 5 10
299	3 7 4 2
300	9 6 2 5
301	4 9 8 2
302	6 7 1 5
303	3 8 9 1
304	10 2 9 4
305	3 7 5 1
306	4 6 7 9
307	6 10 2 7
308	3 4 8 5
309	8 6 9 10
310	8 9 7 6
311	9 4 1 2
312	3 8 2 5
313	10 1 3 8
314	5 4 6 3
315	1 2 6 10
316	7 10 3 5
317	3 6 4 10
318	3 7 2 9
319	3 9 7 4
320	4 5 10 7
321	6 10 1 3
322	8 7 4 10
323	1 7 8 6
324	6 10 5 3
325	8 7 9 10
326	3 2 4 1
327	4 8 9 7
328	4 2 10 7
329	6 7 4 8
330	2 4 9 8
331	7 5 1 10
332	5 3 9 8
333	9 5 2 1
334	5 9 2 1
335	7 9 6 5
336	5 1 7 9
337	7 4 8 10
338	9 10 8 7
339	5 10 6 7
340	3 2 1 6
341	4 10 1 5
342	8 5 2 9
343	1 4 2 3
344	6 5 2 9
345	8 9 3 7
346	1 6 9 5
347	5 9 7 6
348	8 6 7 4
349	7 10 4 5
350	3 2 7 10
351	5 10 6 8
352	7 6 3 1
353	1 6 10 5
354	7 1 5 10
355	3 2 1 8
356	2 10 6 4
357	7 3 5 1
358	2 3 5 8
359	1 8 3 9
360	6 3 4 1
361	6 4 1 7
362	10 4 7 8
363	1 6 10 8
364	10 5 3 7
365	3 8 6 2
366	7 9 4 1
367	10 8 6 5
368	1 9 2 10
369	8 2 4 5
370	10 8 9 3
371	3 10 9 8
372	5 7 9 2
373	5 2 9 3
374	4 8 7 3
375	2 10 8 4
376	3 1 4 5
377	3 1 8 2
378	4 1 3 5
379	8 7 6 5
380	6 3 5 8
381	5 8 9 3
382	9 7 5 8
383	7 4 8 6
384	9 4 5 1
385	10 8 2 9
386	4 7 10 1
387	6 9 8 2
388	1 6 7 2
389	7 2 3 1
390	4 3 6 2
391	2 6 9 5
392	10 1 8 2
393	9 7 1 3
394	8 7 3 1
395	7 5 4 9
396	10 9 8 1
397	5 8 7 4
398	8 7 10 4
399	6 2 10 8
400	8 5 3 2
401	10 1 4 7
402	8 3 10 6
403	7 5 3 6
404	2 3 6 4
405	7 5 9 6
406	7 10 3 5
407	10 9 6 7
408	7 4 1 9
409	8 4 9 5
410	3 8 4 6
411	5 6 2 1
412	2 1 6 5
413	4 6 5 1
414	6 5 2 9
415	7 8 4 10
416	1 8 3 7
417	7 8 4 5
418	5 2 1 3
419	10 3 6 9
420	10 2 3 7
421	2 5 4 10
422	5 8 7 1
423	9 4 3 6
424	5 1 8 3
425	2 6 4 10
426	9 10 3 6
427	9 4 10 8
428	2 5 1 3
429	2 6 3 9
430	1 6 8 7
431	2 3 4 9
432	9 4 10 6
433	2 8 10 5
434	5 8 2 3
435	6 5 1 3
436	4 8 1 3
437	4 2 8 9
438	2 9 6 10
439	10 9 5 2
440	3 6 9 1
441	9 2 10 1
442	10 2 5 9
443	8 9 10 3
444	7 2 5 3
445	4 10 7 8
446	3 10 5 6
447	2 10 1 4
448	10 1 9 3
449	4 2 8 9
450	7 5 1 2
451	2 7 6 9
452	6 7 1 8
453	3 1 10 5
454	3 4 5 10
455	2 8 3 7
456	8 6 9 5
457	6 5 9 4
458	6 2 3 5
459	9 6 2 4
460	6 5 8 10
461	10 6 7 8
462	3 8 5 7
463	2 8 10 6
464	5 1 3 9
465	9 1 7 4
466	2 7 6 9
467	9 8 3 1
468	1 3 2 10
469	4 2 3 10
470	10 2 9 8
471	9 1 2 7
472	7 6 2 1
473	10 2 7 9
474	2 6 1 5
475	9 5 6 3
476	4 8 10 3
477	3 1 10 8
478	6 5 9 2
479	8 5 10 4
480	3 6 5 4
481	5 4 9 6
482	9 1 8 3
483	5 6 9 2
484	6 5 8 1
485	8 5 10 1
486	1 7 4 5
487	8 10 5 1
488	2 5 7 3
489	2 9 4 6
490	1 2 3 5
491	8 4 1 10
492	5 1 3 9
493	8 3 9 5
494	7 4 1 3
495	8 3 10 6
496	3 10 8 1
497	5 4 8 7
498	3 1 8 6
499	1 9 2 10
500	1 6 5 7
501	7 4 8 6
502	3 4 1 10
503	10 1 9 2
504	9 3 6 2
505	3 6 9 7
506	9 10 2 7
507	10 8 7 9
508	4 1 8 10
509	2 7 6 1
510	4 7 8 10
511	2 10 1 9
512	2 6 8 1
513	8 10 3 4
514	5 6 10 4
515	5 10 7 2
516	8 7 9 1
517	9 1 3 2
518	4 5 7 8
519	1 10 7 3
520	4 9 3 2
521	5 8 1 10
522	3 1 2 5
523	9 8 10 2
524	10 2 8 3
525	2 6 8 3
526	3 9 6 10
527	2 4 6 8
528	6 5 9 10
529	6 7 1 9
530	8 2 7 3
531	10 7 2 6
532	9 8 2 6
533	4 6 3 2
534	10 1 6 4
535	1 10 4 5
536	8 1 3 7
537	8 2 3 5
538	8 9 6 3
539	10 7 9 6
540	8 6 9 10
541	6 9 2 5
542	2 8 5 9
543	5 4 7 1
544	10 6 5 2
545	3 4 2 1
546	8 1 4 9
547	6 3 8 4
548	6 1 10 3
549	1 6 3 4
550	2 6 3 1
551	8 1 10 7
552	4 3 10 7
553	7 3 5 9
554	1 10 4 3
555	8 5 6 1
556	4 7 3 8
557	7 5 9 8
558	5 6 3 4
559	1 3 4 10
560	1 4 7 6
561	2 9 8 6
562	2 8 7 1
563	9 6 5 1
564	5 9 1 4
565	10 1 9 3
566	6 5 8 3
567	8 2 4 7
568	3 8 9 6
569	2 9 1 4
570	8 2 6 7
571	4 5 2 1
572	1 7 6 3
573	7 8 9 6
574	3 4 7 5
575	8 3 4 5
576	10 8 3 6
577	8 10 5 7
578	10 9 7 1
579	5 10 1 4
580	3 4 6 10
581	9 6 4 3
582	4 1 3 9
583	7 4 10 5
584	8 9 5 6
585	4 8 10 2
586	5 10 7 3
587	9 2 10 4
588	9 4 2 8
589	6 7 9 4
590	3 4 2 8
591	8 3 2 4
592	2 5 4 8
593	5 1 8 10
594	6 4 2 5
595	7 1 10 8
596	6 3 5 9
597	1 9 5 10
598	10 6 1 8
599	4 6 7 2
600	2 7 3 9
601	7 5 9 4
602	2 10 8 3
603	1 9 2 6
604	8 9 10 3
605	8 7 4 1
606	7 3 1 9
607	2 9 1 7
608	9 3 1 5
609	9 2 3 4
610	3 10 1 4
611	9 7 3 5
612	1 4 8 9
613	2 5 6 3
614	7 8 3 6
615	1 10 9 5
616	5 10 2 4
617	2 1 5 7
618	5 2 7 9
619	3 8 10 4
620	4 7 10 8
621	7 4 8 9
622	2 3 7 1
623	2 10 9 5
624	8 6 9 2
625	2 9 7 4
626	1 4 9 2
627	7 3 5 2
628	1 7 3 5
629	9 5 4 10
630	1 7 8 9
631	1 2 3 5
632	4 2 9 8
633	9 6 3 1
634	10 2 6 5
635	3 6 7 1
636	7 3 10 8
637	8 9 4 3
638	4 7 10 8
639	8 10 4 1
640	10 9 7 6
641	7 9 6 3
642	6 2 8 9
643	1 7 3 9
644	4 10 2 3
645	2 6 7 10
646	6 5 4 1
647	4 5 7 10
648	7 3 4 9
649	2 1 6 3
650	6 3 1 7
651	9 1 5 2
652	8 1 7 9
653	2 7 8 6
654	5 8 9 10
655	8 6 5 1
656	2 6 9 1
657	5 7 6 1
658	4 9 7 10
659	2 4 8 3
660	5 2 4 6
661	3 9 2 8
662	1 2 3 7
663	10 2 5 6
664	6 3 2 9
665	1 8 7 9
666	10 8 5 1
667	3 7 10 1
668	3 2 4 10
669	5 1 3 10
670	9 4 6 5
671	2 6 10 3
672	1 8 3 7
673	10 8 6 7
674	8 10 3 9
675	5 9 1 8
676	6 10 7 1
677	8 1 10 4
678	2 4 8 9
679	10 3 7 9
680	9 3 5 1
681	9 7 8 3
682	5 6 10 9
683	6 4 3 5
684	3 6 9 1
685	9 6 1 10
686	6 3 10 9
687	6 10 1 3
688	9 3 1 5
689	3 2 8 9
690	10 8 4 5
691	6 2 8 10
692	3 5 4 2
693	7 4 8 1
694	5 6 9 8
695	3 6 5 2
696	2 1 8 10
697	4 1 10 7
698	3 5 2 1
699	7 1 4 8
700	9 5 4 2
701	4 9 5 10
702	1 5 6 8
703	7 8 4 2
704	2 9 8 10
705	4 7 5 1
706	2 10 7 5
707	2 6 10 5
708	7 2 4 5
709	7 1 4 8
710	7 1 6 10
711	3 10 2 9
712	3 10 5 4
713	6 9 2 10
714	1 3 6 8
715	3 2 6 5
716	9 1 4 8
717	8 1 9 2
718	3 2 4 6
719	2 1 4 7
720	9 3 1 7
721	6 8 10 1
722	9 2 10 8
723	10 6 1 7
724	1 9 2 4
725	1 2 5 4
726	6 8 10 2
727	2 4 6 8
728	8 9 2 3
729	9 8 4 5
730	7 3 5 8
731	8 5 3 10
732	8 9 2 4
733	5 4 9 6
734	6 3 4 2
735	3 8 9 5
736	9 1 5 3
737	2 8 3 6
738	2 8 10 9
739	6 5 1 7
740	6 4 2 5
741	7 8 2 5
742	10 8 4 2
743	5 2 9 4
744	2 9 3 6
745	4 10 2 9
746	7 6 1 3
747	7 6 2 4
748	8 2 5 1
749	8 7 2 3
750	6 10 2 8
751	3 10 6 5
752	8 1 3 4
753	1 10 2 4
754	2 1 4 5
755	1 4 3 9
756	2 7 5 8
757	8 7 3 2
758	9 3 4 2
759	2 9 10 3
760	7 5 3 1
761	4 6 7 2
762	7 10 6 1
763	9 4 10 3
764	10 9 3 2
765	6 8 1 2
766	2 6 4 1
767	10 7 2 1
768	4 7 2 1
769	1 6 9 7
770	8 4 7 6
771	10 6 3 9
772	1 4 7 6
773	3 4 6 8
774	6 2 7 5
775	2 1 5 6
776	10 4 9 2
777	6 5 2 1
778	5 1 2 4
779	3 4 8 6
780	9 4 10 7
781	9 8 1 7
782	8 4 9 1
783	10 2 1 9
784	7 9 8 4
785	10 3 6 7
786	10 6 3 2
787	9 4 3 6
788	3 4 6 7
789	2 7 9 3
790	8 4 10 7
791	10 1 4 2
792	6 8 2 7
793	10 8 1 7
794	1 10 6 2
795	3 9 5 1
796	8 4 1 5
797	6 3 10 1
798	4 9 1 3
799	3 1 4 5
800	5 1 4 9
801	4 10 9 6
802	6 10 5 7
803	6 2 5 3
804	4 2 10 8
805	1 7 2 10
806	4 8 6 5
807	5 3 1 6
808	6 9 7 1
809	9 4 2 7
810	3 5 6 1
811	9 6 5 1
812	9 3 8 4
813	1 5 6 8
814	6 1 10 5
815	4 2 1 9
816	5 3 10 2
817	2 1 4 10
818	8 7 10 6
819	8 5 2 1
820	4 7 2 9
821	3 5 9 4
822	8 4 1 5
823	6 3 10 2
824	9 2 5 10
825	5 1 7 2
826	2 9 1 8
827	6 10 5 9
828	4 10 3 6
829	7 6 10 8
830	2 3 4 7
831	6 7 10 2
832	7 9 8 3
833	7 10 3 1
834	9 4 3 8
835	2 5 3 6
836	10 9 3 2
837	9 2 8 6
838	8 1 6 10
839	6 1 2 7
840	10 9 1 8
841	6 2 4 9
842	10 6 9 2
843	7 8 5 2
844	9 1 10 8
845	7 10 4 3
846	10 7 5 2
847	4 3 8 2
848	8 7 2 5
849	3 5 6 8
850	6 2 3 7
851	6 8 9 2
852	5 6 1 3
853	2 3 8 4
854	1 3 10 9
855	4 10 8 1
856	7 2 5 10
857	5 7 8 3
858	10 8 4 3
859	4 8 10 2
860	8 10 4 6
861	2 9 7 5
862	1 6 7 2
863	3 10 2 1
864	9 10 5 6
865	4 9 10 3
866	8 10 4 2
867	8 9 6 2
868	6 9 3 8
869	2 7 10 1
870	2 6 9 1
871	4 9 2 1
872	10 7 6 9
873	7 8 4 6
874	1 6 7 8
875	4 2 1 8
876	8 5 9 1
877	8 5 2 6
878	10 4 5 2
879	9 4 5 2
880	7 9 6 4
881	3 8 9 4
882	1 7 9 4
883	10 2 8 7
884	10 9 6 4
885	1 7 2 5
886	8 4 10 6
887	8 1 5 4
888	3 6 4 7
889	1 6 3 7
890	7 3 6 4
891	4 10 2 6
892	5 2 1 4
893	2 3 1 4
894	5 3 7 9
895	7 3 2 9
896	4 2 9 8
897	9 5 7 4
898	7 9 6 8
899	5 6 8 2
900	6 3 2 10
901	10 2 6 8
902	3 8 1 2
903	3 1 10 9
904	5 6 4 1
905	4 1 9 10
906	7 8 9 3
907	5 3 2 1
908	9 1 2 6
909	8 1 7 5
910	8 5 1 6
911	6 3 7 4
912	4 10 1 9
913	7 9 2 6
914	6 2 1 4
915	2 5 4 7
916	9 6 8 4
917	6 5 4 9
918	8 6 10 4
919	7 4 9 2
920	2 6 5 9
921	10 8 2 4
922	3 7 10 6
923	3 10 7 8
924	4 9 10 1
925	8 10 1 2
926	6 2 1 7
927	1 8 7 6
928	1 3 5 7
929	2 3 6 10
930	8 1 4 3
931	4 7 8 6
932	3 8 9 2
933	3 10 5 2
934	4 8 9 10
935	3 1 6 5
936	3 7 1 2
937	6 8 5 3
938	1 2 8 9
939	1 8 2 7
940	8 6 3 5
941	2 5 8 6
942	8 9 3 1
943	7 5 3 8
944	1 9 10 4
945	2 3 1 4
946	6 5 7 8
947	7 9 3 1
948	8 9 7 1
949	1 8 5 9
950	9 8 4 2
951	3 5 2 4
952	6 4 7 5
953	7 8 3 10
954	6 5 8 2
955	10 6 3 9
956	9 4 6 7
957	10 3 5 4
958	1 7 2 9
959	10 2 5 3
960	7 2 1 5
961	2 5 8 3
962	8 9 1 10
963	9 2 8 3
964	5 6 3 8
965	2 3 5 4
966	8 7 4 2
967	3 1 5 8
968	4 2 1 3
969	9 10 8 2
970	3 7 9 6
971	1 3 4 2
972	5 2 4 9
973	9 6 7 4
974	8 3 4 2
975	10 5 2 1
976	5 3 1 10
977	1 5 7 8
978	4 9 1 8
979	10 9 4 2
980	5 6 4 8
981	5 10 9 6
982	1 2 6 7
983	4 3 10 7
984	1 5 2 8
985	4 2 8 6
986	5 7 10 4
987	5 2 3 7
988	2 1 10 8
989	8 3 6 10
990	1 10 7 8
991	8 10 6 5
992	1 4 8 6
993	4 2 6 7
994	7 8 1 6
995	8 7 9 6
996	2 4 3 8
997	10 8 5 2
998	4 8 1 9
999	2 9 3 6
1000	8 9 6 10
