Students	100
1	9 5 7 8
2	6 1 2 3
3	3 8 7 2
4	5 2 9 1
5	8 1 10 6
6	10 7 1 2
7	2 4 9 5
8	7 3 9 2
9	7 3 2 4
10	2 1 9 7
11	8 7 4 10
12	9 10 2 3
13	8 3 2 5
14	2 9 8 4
15	2 6 1 4
16	9 1 3 10
17	3 6 2 1
18	8 6 3 5
19	8 7 4 6
20	10 9 2 1
21	2 9 7 4
22	1 7 4 5
23	2 4 1 9
24	2 10 3 9
25	4 5 2 1
26	10 7 8 4
27	3 2 6 7
28	9 2 5 4
29	2 6 4 5
30	10 6 2 7
31	4 5 2 3
32	8 6 5 9
33	3 1 10 4
34	7 1 3 4
35	3 5 6 4
36	5 9 3 10
37	2 4 8 7
38	4 1 8 5
39	6 7 10 2
40	10 9 7 8
41	2 8 5 9
42	8 7 9 10
43	2 7 1 3
44	6 9 1 7
45	1 7 6 3
46	2 4 1 7
47	4 10 1 8
48	8 3 2 7
49	6 2 4 7
50	3 2 1 8
51	5 9 2 7
52	10 2 4 7
53	5 10 3 9
54	3 1 7 4
55	7 9 1 2
56	7 9 3 8
57	9 5 7 4
58	3 2 4 1
59	2 3 7 4
60	6 3 7 10
61	10 5 9 6
62	9 5 2 10
63	10 9 4 8
64	7 4 5 9
65	5 7 2 9
66	8 10 4 7
67	10 4 9 2
68	5 9 4 6
69	3 4 1 9
70	3 8 2 9
71	3 5 4 6
72	6 1 3 5
73	2 4 1 3
74	5 3 7 8
75	5 8 3 1
76	6 2 10 5
77	3 4 2 6
78	9 2 5 10
79	2 9 6 4
80	8 9 2 1
81	9 6 10 5
82	9 4 3 5
83	10 3 9 5
84	5 6 8 7
85	9 10 1 4
86	1 5 3 7
87	6 8 1 7
88	9 8 4 2
89	9 7 8 1
90	3 4 10 7
91	10 1 6 8
92	1 4 5 10
93	6 1 9 8
94	8 10 6 7
95	7 8 9 10
96	8 4 9 7
97	6 4 3 5
98	10 6 9 3
99	4 9 7 6
100	2 8 6 1
