Students	100
1	1 7 8 5
2	2 10 1 8
3	5 1 8 10
4	10 6 1 4
5	1 5 9 6
6	10 6 3 4
7	5 10 4 6
8	2 6 4 1
9	4 5 3 7
10	6 2 8 10
11	3 10 1 8
12	2 3 1 5
13	3 10 5 2
14	1 8 6 9
15	9 4 1 10
16	2 4 5 8
17	7 2 6 10
18	4 6 9 1
19	6 3 1 7
20	4 6 5 10
21	8 10 5 6
22	6 3 10 8
23	1 5 4 8
24	6 8 7 4
25	6 7 1 5
26	10 8 9 6
27	8 6 10 5
28	2 5 1 6
29	6 4 9 7
30	7 5 8 4
31	7 9 5 3
32	9 2 6 1
33	6 8 7 10
34	8 2 6 7
35	3 9 2 8
36	4 3 7 1
37	10 4 1 5
38	5 3 2 9
39	10 9 1 6
40	8 4 10 5
41	5 3 6 4
42	6 5 9 3
43	4 5 1 2
44	3 10 9 5
45	4 5 9 3
46	10 7 1 2
47	9 8 5 7
48	1 4 9 2
49	4 1 8 5
50	1 8 4 6
51	4 1 7 8
52	2 3 7 9
53	4 8 1 3
54	7 2 6 10
55	9 4 1 7
56	7 3 8 2
57	1 9 7 3
58	7 4 5 9
59	8 7 2 3
60	6 9 1 8
61	5 3 6 4
62	7 1 3 8
63	10 1 7 4
64	10 4 3 6
65	3 1 2 10
66	9 7 3 5
67	1 3 9 10
68	1 4 5 8
69	2 1 9 7
70	7 3 5 4
71	5 9 1 4
72	9 7 2 4
73	8 4 10 9
74	3 9 10 8
75	1 5 7 3
76	1 4 3 8
77	8 6 5 9
78	6 7 2 8
79	1 8 9 6
80	7 4 5 1
81	2 5 1 3
82	8 10 4 7
83	2 10 1 8
84	6 1 5 4
85	9 7 4 8
86	2 1 8 9
87	7 5 10 8
88	4 6 8 3
89	1 6 9 7
90	6 9 4 1
91	5 7 1 2
92	6 8 7 4
93	1 4 3 7
94	10 8 9 5
95	8 10 5 4
96	3 9 1 10
97	8 6 2 4
98	6 3 2 10
99	2 5 1 8
100	7 10 6 3
