Students	100
1	9 10 6 4
2	10 7 4 5
3	7 10 3 8
4	6 2 5 7
5	4 9 5 8
6	9 4 3 5
7	5 10 9 4
8	4 10 3 8
9	4 7 9 8
10	7 4 6 5
11	7 9 5 6
12	9 1 10 6
13	10 8 2 7
14	2 5 4 3
15	6 8 7 4
16	3 8 6 5
17	1 10 3 8
18	7 5 6 3
19	6 3 1 8
20	1 5 10 9
21	4 9 8 5
22	5 1 8 4
23	8 6 7 9
24	4 5 9 1
25	5 8 6 1
26	7 3 2 10
27	7 8 10 5
28	9 5 3 10
29	1 2 6 3
30	2 1 8 9
31	4 8 5 3
32	4 6 3 9
33	10 5 2 3
34	3 5 9 4
35	5 10 4 2
36	10 7 2 8
37	8 4 9 7
38	5 6 2 9
39	2 8 4 1
40	9 5 3 4
41	2 3 9 4
42	6 4 3 8
43	1 5 8 6
44	5 1 7 4
45	2 5 9 1
46	10 9 3 1
47	9 2 10 1
48	2 8 10 4
49	10 2 1 7
50	5 4 1 8
51	8 7 1 9
52	4 2 3 8
53	3 2 8 5
54	2 7 5 4
55	4 8 7 5
56	7 3 9 6
57	4 10 6 1
58	9 8 6 10
59	7 10 6 5
60	4 6 2 9
61	4 5 7 8
62	2 6 5 9
63	7 4 10 5
64	1 4 7 10
65	2 1 3 10
66	1 2 10 8
67	4 5 6 2
68	3 4 8 2
69	4 7 5 10
70	3 6 9 1
71	10 1 9 8
72	10 8 5 2
73	2 9 7 6
74	9 6 8 4
75	3 2 7 1
76	9 6 5 1
77	9 7 1 2
78	3 6 2 9
79	3 4 8 5
80	6 10 3 4
81	7 6 3 2
82	5 9 10 6
83	7 2 5 8
84	9 3 4 10
85	8 1 6 3
86	5 2 1 8
87	10 8 2 1
88	8 1 4 5
89	1 10 4 3
90	1 6 5 9
91	7 9 5 8
92	6 3 5 8
93	7 4 5 2
94	6 4 10 5
95	3 4 1 2
96	7 6 9 3
97	8 1 5 2
98	9 6 3 8
99	8 6 10 5
100	5 7 9 4
