Students	100
1	4 1 3 7
2	1 2 3 10
3	5 7 1 9
4	7 10 1 3
5	7 4 6 3
6	1 7 5 3
7	5 6 4 8
8	7 8 10 3
9	3 7 9 4
10	5 9 3 8
11	1 4 7 5
12	5 4 1 2
13	6 10 7 3
14	9 2 10 4
15	2 9 10 7
16	9 7 8 2
17	9 8 5 10
18	4 9 6 10
19	1 4 8 3
20	2 9 10 5
21	3 1 6 2
22	5 2 7 8
23	3 7 5 8
24	3 8 9 4
25	5 8 9 3
26	9 4 7 10
27	5 7 6 9
28	10 8 7 9
29	10 3 8 4
30	9 3 2 8
31	6 7 3 5
32	8 3 1 6
33	4 1 6 3
34	10 7 1 3
35	2 10 9 8
36	9 4 3 1
37	4 9 8 6
38	7 6 5 8
39	5 8 3 6
40	2 3 6 7
41	8 10 7 1
42	3 9 2 6
43	9 4 1 2
44	4 5 9 3
45	1 9 5 10
46	3 1 2 5
47	5 1 2 7
48	9 8 10 3
49	1 5 4 10
50	6 5 4 7
51	9 7 3 6
52	5 10 1 2
53	8 9 10 5
54	3 5 6 1
55	10 1 2 4
56	7 1 8 4
57	9 10 1 4
58	10 7 4 9
59	4 1 2 10
60	10 5 2 9
61	10 7 9 5
62	8 1 4 9
63	3 4 6 5
64	8 1 6 4
65	9 8 6 1
66	3 9 8 10
67	5 7 4 3
68	1 9 8 4
69	2 7 6 3
70	9 3 2 6
71	4 1 2 5
72	9 4 6 7
73	1 6 2 10
74	4 3 1 6
75	8 4 1 6
76	1 10 7 8
77	4 5 6 3
78	7 5 2 4
79	1 4 3 9
80	4 3 7 6
81	10 2 4 6
82	3 4 6 9
83	10 3 5 8
84	7 2 9 4
85	5 10 4 1
86	1 4 3 10
87	5 10 1 3
88	10 2 6 1
89	6 4 3 10
90	9 10 8 3
91	10 2 1 3
92	3 9 7 2
93	3 1 5 7
94	7 6 2 5
95	4 8 5 7
96	6 10 1 2
97	8 3 4 10
98	4 10 3 9
99	10 8 6 5
100	4 10 2 1
