Students	100
1	8 4 5 6
2	6 10 8 5
3	2 5 8 4
4	8 9 1 4
5	7 10 1 5
6	4 2 10 3
7	9 6 2 8
8	6 3 5 7
9	6 3 4 7
10	1 4 10 2
11	2 5 9 1
12	5 7 3 8
13	4 2 3 10
14	7 4 8 2
15	7 1 5 4
16	3 7 1 2
17	6 5 4 9
18	7 8 5 1
19	1 10 5 3
20	6 10 1 3
21	1 5 10 7
22	1 4 5 8
23	4 6 9 3
24	6 2 5 10
25	5 2 6 4
26	4 2 6 5
27	8 1 3 10
28	2 4 8 6
29	3 4 7 1
30	1 2 5 6
31	2 8 9 7
32	2 9 1 5
33	10 2 6 1
34	1 5 3 9
35	10 2 4 5
36	5 1 2 10
37	5 4 3 9
38	4 3 7 9
39	5 9 6 7
40	7 6 3 9
41	2 5 10 9
42	3 10 4 7
43	1 9 6 4
44	4 1 2 10
45	5 10 1 4
46	2 8 4 6
47	3 4 7 5
48	4 9 5 2
49	10 2 4 6
50	3 8 2 7
51	8 3 9 5
52	10 5 7 6
53	9 1 4 7
54	1 8 5 6
55	6 5 4 10
56	10 5 6 1
57	2 4 5 1
58	1 2 9 8
59	6 4 9 8
60	7 6 4 5
61	4 3 1 6
62	4 2 5 8
63	3 10 1 2
64	4 2 3 7
65	8 10 7 3
66	5 6 3 8
67	5 1 2 9
68	10 5 3 4
69	10 7 4 6
70	9 6 8 3
71	1 2 10 4
72	7 3 1 2
73	6 8 1 5
74	6 5 7 4
75	9 6 7 1
76	4 8 10 1
77	8 2 5 4
78	10 6 9 5
79	5 3 1 8
80	10 9 6 5
81	10 9 1 5
82	7 8 3 9
83	4 3 9 10
84	2 1 10 7
85	9 7 3 10
86	4 5 8 9
87	9 10 7 5
88	7 9 6 4
89	7 8 4 9
90	7 8 10 1
91	2 6 4 5
92	9 1 5 8
93	1 5 4 10
94	2 8 3 5
95	2 4 1 8
96	1 5 9 6
97	1 2 9 4
98	4 1 9 6
99	3 9 6 2
100	1 10 6 5
