Class Times	20
Rooms	100
1	87
2	12
3	73
4	17
5	17
6	46
7	75
8	55
9	66
10	49
11	30
12	95
13	58
14	11
15	91
16	84
17	38
18	22
19	28
20	98
21	11
22	91
23	47
24	11
25	57
26	64
27	21
28	11
29	24
30	57
31	42
32	50
33	54
34	14
35	61
36	56
37	16
38	83
39	68
40	68
41	23
42	33
43	73
44	23
45	85
46	70
47	30
48	36
49	97
50	46
51	30
52	56
53	19
54	11
55	24
56	78
57	82
58	62
59	62
60	51
61	72
62	16
63	99
64	14
65	74
66	95
67	81
68	24
69	76
70	96
71	86
72	39
73	50
74	13
75	82
76	50
77	67
78	60
79	44
80	53
81	80
82	46
83	82
84	38
85	13
86	51
87	39
88	78
89	53
90	13
91	23
92	49
93	96
94	52
95	30
96	86
97	99
98	26
99	34
100	70
Classes	1000
Teachers	500
1	414
2	270
3	451
4	69
5	165
6	499
7	84
8	245
9	418
10	424
11	158
12	426
13	354
14	84
15	348
16	352
17	298
18	131
19	428
20	295
21	387
22	93
23	474
24	386
25	231
26	255
27	260
28	59
29	78
30	485
31	12
32	149
33	145
34	176
35	443
36	102
37	493
38	414
39	44
40	308
41	310
42	45
43	460
44	248
45	19
46	152
47	341
48	256
49	222
50	453
51	42
52	297
53	308
54	109
55	167
56	298
57	400
58	155
59	390
60	312
61	121
62	199
63	406
64	483
65	191
66	335
67	481
68	456
69	236
70	474
71	384
72	215
73	122
74	74
75	263
76	284
77	454
78	290
79	91
80	347
81	250
82	284
83	123
84	49
85	283
86	244
87	314
88	286
89	261
90	373
91	67
92	248
93	127
94	246
95	244
96	275
97	431
98	245
99	256
100	281
101	315
102	338
103	33
104	364
105	254
106	62
107	287
108	341
109	411
110	277
111	494
112	221
113	292
114	271
115	448
116	306
117	173
118	443
119	233
120	358
121	436
122	43
123	85
124	153
125	52
126	300
127	344
128	488
129	383
130	118
131	208
132	162
133	444
134	468
135	60
136	182
137	218
138	442
139	36
140	409
141	344
142	431
143	266
144	181
145	468
146	175
147	333
148	333
149	269
150	491
151	176
152	202
153	13
154	251
155	94
156	182
157	339
158	153
159	289
160	132
161	205
162	460
163	32
164	231
165	485
166	218
167	262
168	337
169	327
170	127
171	80
172	442
173	314
174	103
175	90
176	17
177	25
178	371
179	456
180	209
181	438
182	23
183	138
184	430
185	462
186	178
187	133
188	480
189	141
190	134
191	45
192	342
193	324
194	252
195	221
196	274
197	439
198	453
199	80
200	4
201	220
202	422
203	255
204	112
205	234
206	138
207	122
208	288
209	400
210	451
211	37
212	57
213	447
214	332
215	179
216	142
217	438
218	87
219	484
220	38
221	467
222	97
223	119
224	144
225	90
226	44
227	156
228	38
229	430
230	257
231	118
232	327
233	275
234	464
235	486
236	125
237	151
238	450
239	366
240	228
241	351
242	269
243	292
244	232
245	272
246	315
247	103
248	37
249	27
250	423
251	119
252	353
253	428
254	47
255	100
256	421
257	421
258	74
259	31
260	360
261	325
262	375
263	89
264	183
265	85
266	1
267	194
268	214
269	339
270	432
271	42
272	415
273	271
274	257
275	452
276	14
277	487
278	317
279	482
280	169
281	454
282	347
283	410
284	170
285	368
286	39
287	304
288	277
289	95
290	411
291	295
292	79
293	413
294	55
295	495
296	208
297	492
298	404
299	392
300	278
301	187
302	204
303	494
304	445
305	410
306	150
307	164
308	117
309	167
310	155
311	154
312	78
313	238
314	27
315	131
316	406
317	23
318	486
319	479
320	448
321	398
322	312
323	227
324	458
325	83
326	384
327	19
328	354
329	33
330	68
331	13
332	436
333	322
334	151
335	12
336	152
337	223
338	328
339	160
340	216
341	239
342	20
343	392
344	239
345	462
346	67
347	15
348	498
349	355
350	228
351	305
352	352
353	102
354	250
355	450
356	362
357	342
358	58
359	481
360	139
361	184
362	52
363	479
364	397
365	139
366	47
367	329
368	363
369	48
370	375
371	487
372	86
373	294
374	197
375	349
376	188
377	364
378	272
379	79
380	390
381	213
382	252
383	299
384	59
385	349
386	225
387	270
388	378
389	290
390	180
391	2
392	434
393	422
394	289
395	191
396	429
397	449
398	170
399	424
400	372
401	20
402	397
403	98
404	498
405	106
406	356
407	243
408	478
409	457
410	108
411	358
412	273
413	110
414	480
415	7
416	433
417	65
418	108
419	192
420	459
421	356
422	455
423	111
424	106
425	100
426	82
427	91
428	82
429	9
430	362
431	50
432	263
433	273
434	4
435	383
436	477
437	488
438	367
439	83
440	279
441	150
442	309
443	210
444	186
445	192
446	306
447	86
448	447
449	81
450	115
451	334
452	267
453	166
454	420
455	229
456	210
457	61
458	157
459	343
460	365
461	247
462	174
463	319
464	18
465	465
466	276
467	224
468	69
469	49
470	183
471	483
472	243
473	324
474	420
475	361
476	285
477	260
478	30
479	143
480	120
481	463
482	207
483	495
484	371
485	5
486	18
487	360
488	337
489	96
490	497
491	432
492	124
493	293
494	283
495	57
496	348
497	137
498	475
499	233
500	173
501	126
502	379
503	329
504	220
505	439
506	402
507	236
508	373
509	258
510	126
511	423
512	332
513	286
514	46
515	334
516	322
517	190
518	109
519	416
520	407
521	174
522	207
523	29
524	304
525	497
526	115
527	476
528	274
529	145
530	134
531	435
532	36
533	240
534	395
535	409
536	230
537	264
538	253
539	22
540	133
541	162
542	92
543	28
544	267
545	149
546	156
547	259
548	159
549	54
550	30
551	379
552	492
553	193
554	293
555	154
556	463
557	471
558	235
559	240
560	169
561	75
562	226
563	135
564	158
565	144
566	376
567	206
568	107
569	459
570	313
571	254
572	491
573	132
574	300
575	476
576	40
577	249
578	71
579	117
580	146
581	94
582	214
583	99
584	478
585	32
586	434
587	160
588	374
589	296
590	326
591	425
592	426
593	157
594	204
595	367
596	237
597	164
598	416
599	235
600	68
601	168
602	417
603	6
604	393
605	15
606	264
607	357
608	419
609	291
610	89
611	148
612	330
613	467
614	114
615	389
616	203
617	148
618	365
619	249
620	280
621	196
622	281
623	296
624	394
625	427
626	216
627	113
628	123
629	372
630	320
631	34
632	444
633	137
634	178
635	25
636	388
637	93
638	319
639	188
640	429
641	66
642	385
643	441
644	380
645	101
646	172
647	469
648	405
649	58
650	403
651	407
652	313
653	246
654	325
655	265
656	268
657	96
658	279
659	8
660	35
661	394
662	187
663	307
664	389
665	472
666	242
667	369
668	227
669	8
670	328
671	288
672	1
673	413
674	229
675	97
676	242
677	350
678	353
679	14
680	251
681	198
682	455
683	40
684	196
685	111
686	171
687	55
688	65
689	297
690	370
691	457
692	146
693	116
694	266
695	142
696	433
697	380
698	51
699	193
700	5
701	61
702	129
703	247
704	56
705	66
706	317
707	382
708	294
709	396
710	128
711	60
712	404
713	381
714	77
715	124
716	398
717	16
718	493
719	408
720	181
721	24
722	140
723	466
724	441
725	53
726	116
727	440
728	128
729	237
730	477
731	7
732	75
733	253
734	39
735	110
736	46
737	340
738	261
739	198
740	21
741	301
742	209
743	230
744	95
745	346
746	385
747	77
748	393
749	382
750	316
751	199
752	401
753	484
754	63
755	458
756	63
757	310
758	387
759	54
760	195
761	326
762	195
763	351
764	435
765	73
766	496
767	378
768	449
769	472
770	340
771	374
772	99
773	500
774	241
775	17
776	418
777	194
778	391
779	232
780	76
781	363
782	470
783	386
784	101
785	189
786	213
787	224
788	496
789	92
790	120
791	475
792	223
793	402
794	24
795	369
796	303
797	258
798	172
799	395
800	98
801	87
802	135
803	419
804	226
805	427
806	179
807	81
808	287
809	357
810	34
811	361
812	184
813	21
814	26
815	335
816	437
817	29
818	403
819	62
820	238
821	350
822	113
823	345
824	28
825	359
826	291
827	70
828	282
829	500
830	212
831	307
832	201
833	212
834	259
835	285
836	377
837	303
838	330
839	72
840	377
841	376
842	140
843	136
844	437
845	73
846	282
847	104
848	280
849	466
850	175
851	412
852	121
853	417
854	217
855	185
856	265
857	211
858	189
859	165
860	171
861	262
862	88
863	163
864	72
865	331
866	234
867	186
868	405
869	473
870	241
871	166
872	48
873	499
874	190
875	202
876	309
877	445
878	311
879	222
880	22
881	470
882	88
883	112
884	399
885	471
886	323
887	197
888	331
889	56
890	465
891	318
892	412
893	163
894	10
895	469
896	320
897	129
898	6
899	31
900	278
901	211
902	381
903	53
904	490
905	276
906	200
907	401
908	368
909	391
910	161
911	408
912	125
913	399
914	215
915	336
916	311
917	104
918	461
919	343
920	185
921	464
922	461
923	168
924	489
925	130
926	26
927	71
928	136
929	141
930	105
931	16
932	452
933	205
934	43
935	473
936	396
937	425
938	415
939	336
940	35
941	388
942	323
943	346
944	440
945	76
946	299
947	70
948	9
949	321
950	147
951	105
952	316
953	200
954	11
955	217
956	11
957	268
958	482
959	321
960	206
961	489
962	201
963	366
964	180
965	107
966	370
967	130
968	147
969	3
970	345
971	302
972	50
973	64
974	2
975	64
976	338
977	159
978	3
979	446
980	203
981	219
982	301
983	177
984	490
985	219
986	355
987	305
988	177
989	225
990	10
991	41
992	359
993	318
994	446
995	114
996	302
997	51
998	41
999	143
1000	161
