Class Times	20
Rooms	200
1	605
2	917
3	309
4	159
5	785
6	579
7	842
8	283
9	753
10	864
11	824
12	598
13	902
14	251
15	527
16	441
17	559
18	460
19	647
20	803
21	240
22	782
23	619
24	932
25	80
26	937
27	776
28	519
29	268
30	173
31	815
32	769
33	539
34	942
35	382
36	928
37	971
38	994
39	942
40	380
41	378
42	686
43	630
44	541
45	197
46	37
47	290
48	543
49	563
50	510
51	537
52	406
53	327
54	765
55	261
56	316
57	425
58	766
59	484
60	768
61	748
62	797
63	916
64	930
65	967
66	727
67	963
68	718
69	184
70	938
71	628
72	710
73	338
74	209
75	237
76	725
77	340
78	131
79	172
80	590
81	622
82	972
83	543
84	810
85	188
86	920
87	833
88	134
89	825
90	532
91	388
92	268
93	776
94	110
95	357
96	546
97	61
98	653
99	264
100	750
101	537
102	66
103	863
104	414
105	334
106	395
107	561
108	997
109	345
110	15
111	984
112	675
113	782
114	479
115	688
116	144
117	417
118	935
119	650
120	643
121	807
122	875
123	805
124	203
125	382
126	857
127	413
128	683
129	135
130	233
131	476
132	276
133	261
134	515
135	40
136	492
137	300
138	107
139	49
140	292
141	381
142	935
143	411
144	885
145	312
146	626
147	856
148	391
149	393
150	336
151	258
152	309
153	490
154	842
155	204
156	479
157	586
158	579
159	693
160	300
161	652
162	235
163	418
164	561
165	738
166	299
167	456
168	618
169	910
170	267
171	910
172	141
173	559
174	833
175	387
176	743
177	181
178	548
179	467
180	58
181	603
182	692
183	985
184	899
185	487
186	983
187	837
188	892
189	238
190	880
191	893
192	76
193	897
194	726
195	866
196	224
197	754
198	495
199	549
200	741
Classes	10000
Teachers	5000
1	2584
2	430
3	4584
4	3294
5	2051
6	1194
7	4327
8	3044
9	3005
10	2660
11	819
12	1191
13	1618
14	453
15	1886
16	3882
17	2289
18	3862
19	965
20	4872
21	3698
22	848
23	228
24	2540
25	4696
26	2434
27	1331
28	1373
29	1148
30	13
31	505
32	292
33	4592
34	3846
35	4881
36	2083
37	2876
38	4203
39	1210
40	2902
41	457
42	1678
43	675
44	4262
45	609
46	1072
47	4542
48	3402
49	4017
50	3663
51	2407
52	4931
53	1655
54	573
55	3838
56	3774
57	1874
58	1369
59	954
60	2737
61	501
62	887
63	791
64	4195
65	2886
66	975
67	1197
68	3325
69	898
70	246
71	27
72	1695
73	2460
74	2839
75	1907
76	1407
77	3395
78	3282
79	3178
80	3408
81	4875
82	4208
83	4382
84	2965
85	1080
86	2312
87	4967
88	3046
89	1718
90	2464
91	647
92	3995
93	3706
94	4548
95	4997
96	2898
97	3545
98	753
99	459
100	2748
101	2244
102	794
103	862
104	2429
105	2889
106	3730
107	3053
108	709
109	2346
110	4614
111	905
112	3515
113	4845
114	3401
115	4573
116	3430
117	1166
118	3318
119	3476
120	1451
121	1526
122	3720
123	363
124	920
125	2475
126	3348
127	3803
128	131
129	3850
130	2708
131	2875
132	3477
133	38
134	2828
135	4671
136	4222
137	3267
138	2319
139	760
140	2749
141	3761
142	3104
143	2924
144	725
145	2227
146	4191
147	2832
148	4332
149	2232
150	4058
151	457
152	2058
153	438
154	3712
155	1964
156	2373
157	3855
158	4881
159	754
160	2657
161	4193
162	556
163	3683
164	3540
165	1976
166	2772
167	232
168	1179
169	3366
170	939
171	2141
172	2147
173	2028
174	1698
175	2601
176	536
177	4966
178	365
179	2426
180	449
181	991
182	1999
183	4217
184	3406
185	3526
186	591
187	2642
188	2869
189	1145
190	4059
191	3939
192	1320
193	1955
194	821
195	2017
196	433
197	1422
198	753
199	2291
200	1139
201	1911
202	928
203	2378
204	1771
205	434
206	3615
207	1861
208	3543
209	210
210	3612
211	4666
212	4857
213	611
214	1978
215	3705
216	4121
217	2237
218	2979
219	4842
220	4064
221	2730
222	2388
223	3229
224	3821
225	4863
226	3966
227	4417
228	228
229	4546
230	2703
231	3397
232	1779
233	4883
234	415
235	88
236	2130
237	1138
238	1168
239	3400
240	22
241	4589
242	4359
243	4404
244	1251
245	3048
246	651
247	1879
248	1135
249	3676
250	264
251	186
252	2673
253	1316
254	1953
255	582
256	1744
257	1316
258	553
259	451
260	3736
261	994
262	2783
263	1922
264	1583
265	3912
266	2742
267	2939
268	3438
269	1802
270	537
271	2211
272	9
273	2713
274	3873
275	3922
276	4573
277	1178
278	2522
279	1511
280	4028
281	1240
282	4784
283	4908
284	2307
285	1088
286	1613
287	915
288	4305
289	185
290	4920
291	2983
292	2223
293	592
294	3643
295	3785
296	3176
297	2277
298	3037
299	1017
300	2860
301	1386
302	8
303	3927
304	1366
305	1398
306	133
307	2689
308	2437
309	3209
310	62
311	945
312	2980
313	4104
314	3409
315	4284
316	1745
317	264
318	2901
319	1044
320	1356
321	2582
322	3873
323	553
324	167
325	3591
326	2019
327	354
328	1520
329	997
330	431
331	453
332	4421
333	2604
334	4158
335	2477
336	3328
337	2109
338	4973
339	503
340	4855
341	1871
342	397
343	2284
344	2835
345	3046
346	1018
347	3573
348	2121
349	1570
350	3127
351	4189
352	3114
353	3109
354	2902
355	4401
356	2582
357	1942
358	2149
359	53
360	4472
361	2522
362	3414
363	4799
364	4106
365	3529
366	1511
367	4569
368	3045
369	4129
370	4997
371	1513
372	4765
373	904
374	1092
375	4520
376	780
377	129
378	3366
379	2958
380	547
381	3116
382	3196
383	2546
384	4134
385	3073
386	2416
387	2612
388	4374
389	4105
390	4538
391	1147
392	3207
393	4522
394	845
395	1660
396	2624
397	875
398	3132
399	3477
400	2618
401	952
402	3755
403	1611
404	1860
405	1319
406	2511
407	4117
408	135
409	4719
410	1849
411	3991
412	2655
413	2192
414	2629
415	423
416	4020
417	3175
418	1495
419	3888
420	4265
421	900
422	2540
423	3226
424	5
425	1275
426	1098
427	2078
428	3359
429	2427
430	4698
431	4648
432	4104
433	2396
434	2700
435	1715
436	2215
437	4957
438	4254
439	518
440	2762
441	3367
442	2667
443	46
444	1567
445	4469
446	4286
447	446
448	2376
449	3174
450	1665
451	3454
452	754
453	4886
454	4281
455	4884
456	896
457	148
458	1859
459	175
460	2980
461	1133
462	4515
463	635
464	33
465	4937
466	3404
467	4422
468	1220
469	2817
470	3184
471	4109
472	2578
473	1019
474	2872
475	3270
476	788
477	1105
478	1307
479	330
480	489
481	1022
482	3191
483	3593
484	2637
485	780
486	2412
487	77
488	679
489	679
490	3058
491	543
492	2246
493	3362
494	4989
495	2829
496	1894
497	2774
498	3550
499	1544
500	2308
501	685
502	532
503	4114
504	2689
505	1093
506	821
507	541
508	3534
509	1273
510	3751
511	2715
512	2259
513	3975
514	1389
515	1305
516	1579
517	4405
518	4191
519	686
520	2793
521	3758
522	461
523	894
524	4476
525	3814
526	67
527	2524
528	4122
529	2103
530	4192
531	22
532	3987
533	4541
534	587
535	3935
536	3638
537	1888
538	3515
539	934
540	972
541	2589
542	2445
543	571
544	1859
545	4166
546	456
547	599
548	4227
549	2684
550	4402
551	2762
552	1556
553	3404
554	2390
555	2458
556	4193
557	4599
558	1118
559	3788
560	1066
561	1127
562	784
563	3718
564	2672
565	3245
566	3462
567	1437
568	257
569	1852
570	3339
571	2179
572	1900
573	1954
574	666
575	638
576	1165
577	2325
578	1912
579	1383
580	2156
581	3600
582	3966
583	4269
584	3637
585	2096
586	640
587	3451
588	965
589	3790
590	654
591	4447
592	3282
593	477
594	3586
595	3820
596	1022
597	4451
598	1667
599	4641
600	1189
601	1692
602	3638
603	1339
604	4307
605	4275
606	2605
607	762
608	4004
609	3033
610	1158
611	1726
612	3537
613	4195
614	4702
615	2953
616	3281
617	3430
618	3332
619	1199
620	3305
621	1128
622	3807
623	1186
624	3191
625	3725
626	3862
627	2222
628	2456
629	4520
630	2734
631	2319
632	2013
633	3272
634	561
635	1788
636	3446
637	930
638	3094
639	172
640	4114
641	909
642	4814
643	1864
644	438
645	2312
646	3890
647	1253
648	62
649	3122
650	3178
651	726
652	512
653	2443
654	3812
655	3950
656	807
657	435
658	865
659	12
660	4844
661	2027
662	1686
663	4704
664	1126
665	1040
666	806
667	4086
668	2793
669	1807
670	4091
671	1507
672	1193
673	249
674	368
675	4794
676	2721
677	4162
678	201
679	2233
680	2437
681	4663
682	86
683	2674
684	1543
685	1330
686	4380
687	3989
688	4384
689	3423
690	2479
691	2375
692	2491
693	2865
694	408
695	1443
696	1800
697	4828
698	4529
699	845
700	3686
701	3243
702	2554
703	4486
704	2438
705	2365
706	3645
707	3259
708	1381
709	1244
710	4115
711	3307
712	1786
713	4376
714	2784
715	1999
716	3852
717	3534
718	1482
719	3131
720	579
721	4290
722	715
723	3212
724	4798
725	876
726	1283
727	1396
728	3445
729	3853
730	3269
731	3584
732	3750
733	1503
734	4649
735	2110
736	3031
737	4837
738	844
739	2028
740	427
741	2518
742	1201
743	519
744	3102
745	468
746	1354
747	1920
748	233
749	1613
750	914
751	938
752	1647
753	1214
754	1252
755	4356
756	4025
757	3009
758	4634
759	1818
760	744
761	653
762	288
763	1672
764	2136
765	3642
766	4692
767	4014
768	814
769	3161
770	3108
771	140
772	4668
773	329
774	2612
775	4813
776	2804
777	3287
778	1107
779	2236
780	501
781	744
782	4118
783	3926
784	2531
785	482
786	2153
787	2220
788	4679
789	508
790	556
791	4409
792	3025
793	511
794	491
795	1946
796	4435
797	3341
798	2784
799	3405
800	4212
801	50
802	1315
803	2845
804	3247
805	1227
806	2907
807	1218
808	2969
809	839
810	2232
811	2569
812	3389
813	2096
814	2719
815	1656
816	968
817	1490
818	2888
819	1037
820	539
821	4722
822	2941
823	4675
824	105
825	4651
826	2651
827	3232
828	792
829	1431
830	1191
831	2647
832	290
833	1029
834	177
835	4890
836	3685
837	2138
838	1838
839	170
840	1989
841	52
842	1470
843	1824
844	3089
845	3160
846	2579
847	4185
848	1185
849	4807
850	4791
851	3985
852	1352
853	1250
854	574
855	1305
856	2374
857	1237
858	1406
859	1562
860	695
861	2280
862	490
863	2691
864	3521
865	676
866	2303
867	4664
868	72
869	2620
870	3519
871	3242
872	3925
873	1460
874	2009
875	1386
876	3921
877	1554
878	4049
879	3114
880	1456
881	4133
882	3628
883	4487
884	3468
885	4511
886	2590
887	3088
888	4064
889	3783
890	4657
891	1792
892	1720
893	3584
894	2205
895	1060
896	4225
897	310
898	2645
899	1349
900	1160
901	2568
902	2807
903	3038
904	2250
905	222
906	4411
907	3878
908	4113
909	2007
910	3433
911	3600
912	782
913	2892
914	1219
915	516
916	1740
917	339
918	860
919	3635
920	2539
921	913
922	4589
923	4554
924	1300
925	4764
926	407
927	1889
928	1526
929	4998
930	562
931	987
932	3598
933	2556
934	2711
935	1375
936	610
937	3532
938	4261
939	2812
940	1896
941	2078
942	1512
943	3843
944	565
945	509
946	1282
947	3438
948	4852
949	2649
950	1997
951	318
952	2452
953	3073
954	3049
955	39
956	4508
957	3797
958	2037
959	3179
960	1443
961	1314
962	4514
963	3372
964	699
965	2130
966	4750
967	372
968	1036
969	3254
970	4723
971	394
972	3211
973	170
974	139
975	1921
976	2226
977	3627
978	2008
979	1398
980	1451
981	4646
982	1933
983	2182
984	4392
985	2472
986	2532
987	1950
988	2332
989	4602
990	1546
991	2207
992	3666
993	1533
994	2751
995	3738
996	2881
997	1821
998	4127
999	2699
1000	100
1001	2120
1002	1461
1003	593
1004	425
1005	1486
1006	1506
1007	314
1008	4678
1009	3392
1010	2675
1011	4259
1012	2548
1013	4100
1014	2511
1015	3483
1016	2580
1017	1630
1018	1520
1019	1839
1020	4618
1021	1756
1022	4100
1023	2211
1024	87
1025	1669
1026	1696
1027	4496
1028	3763
1029	3998
1030	1510
1031	3950
1032	3471
1033	1213
1034	65
1035	3250
1036	4123
1037	3382
1038	4026
1039	57
1040	658
1041	288
1042	1354
1043	1569
1044	1274
1045	1927
1046	2334
1047	2265
1048	3872
1049	871
1050	4166
1051	1593
1052	3104
1053	331
1054	1724
1055	4272
1056	1518
1057	4096
1058	1313
1059	1359
1060	1977
1061	2588
1062	30
1063	4894
1064	3614
1065	781
1066	3747
1067	2780
1068	3479
1069	767
1070	2564
1071	4586
1072	4760
1073	3141
1074	1171
1075	1039
1076	2775
1077	306
1078	192
1079	1552
1080	653
1081	886
1082	2773
1083	644
1084	4516
1085	71
1086	814
1087	4654
1088	4764
1089	618
1090	2667
1091	1616
1092	840
1093	3528
1094	4542
1095	1872
1096	49
1097	1504
1098	2061
1099	4020
1100	2677
1101	326
1102	2310
1103	3903
1104	3523
1105	4526
1106	4355
1107	142
1108	2785
1109	3378
1110	4370
1111	1591
1112	795
1113	1727
1114	1404
1115	1376
1116	4091
1117	2131
1118	1805
1119	4405
1120	3301
1121	3692
1122	2405
1123	2800
1124	98
1125	1206
1126	3288
1127	1901
1128	2643
1129	2652
1130	1288
1131	1997
1132	4414
1133	343
1134	285
1135	2642
1136	1104
1137	2804
1138	4284
1139	2104
1140	4365
1141	3551
1142	2237
1143	16
1144	3408
1145	4832
1146	4451
1147	516
1148	4757
1149	2774
1150	2516
1151	3881
1152	2022
1153	3906
1154	507
1155	318
1156	4238
1157	1246
1158	3147
1159	4952
1160	4773
1161	2956
1162	1894
1163	1163
1164	4677
1165	3291
1166	1085
1167	2106
1168	2838
1169	4422
1170	1201
1171	4943
1172	865
1173	4785
1174	3651
1175	3013
1176	2863
1177	3356
1178	1890
1179	4762
1180	3621
1181	1627
1182	831
1183	806
1184	4116
1185	2692
1186	3774
1187	3381
1188	4094
1189	2591
1190	2317
1191	3832
1192	55
1193	2756
1194	864
1195	4526
1196	618
1197	2632
1198	2529
1199	1844
1200	3658
1201	1590
1202	982
1203	2200
1204	2026
1205	3299
1206	2364
1207	421
1208	2165
1209	463
1210	4041
1211	4396
1212	2705
1213	3174
1214	2109
1215	796
1216	4643
1217	27
1218	971
1219	3436
1220	3
1221	3396
1222	750
1223	4705
1224	4924
1225	1931
1226	3088
1227	480
1228	3831
1229	1167
1230	2911
1231	3385
1232	2998
1233	3356
1234	2120
1235	1623
1236	1416
1237	2822
1238	791
1239	1320
1240	4942
1241	2836
1242	4187
1243	2409
1244	2218
1245	2458
1246	4757
1247	3891
1248	4791
1249	4974
1250	1788
1251	1493
1252	3938
1253	2375
1254	2695
1255	3668
1256	1549
1257	4088
1258	1269
1259	2681
1260	429
1261	2526
1262	4857
1263	2656
1264	710
1265	2658
1266	4264
1267	2538
1268	1040
1269	3021
1270	2655
1271	2476
1272	2233
1273	4433
1274	350
1275	3302
1276	3615
1277	1235
1278	1821
1279	1083
1280	926
1281	4417
1282	4534
1283	2878
1284	4913
1285	3454
1286	2402
1287	3379
1288	562
1289	3562
1290	2175
1291	299
1292	2701
1293	103
1294	286
1295	3736
1296	4876
1297	4884
1298	682
1299	1120
1300	3155
1301	3504
1302	2362
1303	1267
1304	1786
1305	4873
1306	1639
1307	2914
1308	476
1309	2812
1310	4946
1311	3433
1312	1793
1313	4561
1314	4001
1315	1155
1316	2835
1317	2240
1318	2805
1319	406
1320	2552
1321	3312
1322	3685
1323	551
1324	4848
1325	931
1326	3985
1327	1463
1328	4011
1329	423
1330	2161
1331	1081
1332	1800
1333	875
1334	3633
1335	584
1336	2376
1337	4946
1338	1631
1339	1789
1340	4729
1341	3081
1342	3197
1343	1291
1344	1355
1345	2680
1346	2006
1347	3699
1348	3329
1349	1801
1350	4707
1351	793
1352	839
1353	1178
1354	146
1355	1027
1356	309
1357	3303
1358	395
1359	1169
1360	4814
1361	2265
1362	1523
1363	1374
1364	4852
1365	3194
1366	647
1367	1761
1368	4581
1369	694
1370	246
1371	4243
1372	1110
1373	4776
1374	1618
1375	3108
1376	1442
1377	1003
1378	274
1379	3938
1380	1361
1381	3006
1382	2032
1383	3524
1384	4294
1385	3156
1386	1509
1387	2603
1388	2432
1389	1419
1390	4334
1391	4654
1392	824
1393	1565
1394	3672
1395	2972
1396	1013
1397	4084
1398	2983
1399	4469
1400	739
1401	401
1402	2362
1403	54
1404	4544
1405	3007
1406	263
1407	3681
1408	2775
1409	4015
1410	4217
1411	3709
1412	3297
1413	2854
1414	2284
1415	1086
1416	2579
1417	1920
1418	1829
1419	2303
1420	1776
1421	4152
1422	284
1423	2797
1424	4607
1425	3345
1426	1293
1427	4830
1428	3882
1429	267
1430	4707
1431	1138
1432	3826
1433	2055
1434	2049
1435	2792
1436	2469
1437	2107
1438	1554
1439	90
1440	137
1441	1781
1442	1247
1443	1351
1444	4499
1445	2484
1446	1878
1447	1510
1448	1477
1449	3491
1450	3391
1451	43
1452	572
1453	487
1454	4575
1455	3298
1456	3660
1457	204
1458	1068
1459	3732
1460	985
1461	2322
1462	2406
1463	920
1464	4309
1465	1620
1466	2003
1467	1764
1468	4433
1469	3504
1470	1959
1471	3536
1472	1325
1473	417
1474	704
1475	1867
1476	73
1477	714
1478	4477
1479	3586
1480	212
1481	3637
1482	1551
1483	4446
1484	1363
1485	1445
1486	3127
1487	3502
1488	1442
1489	3024
1490	113
1491	1552
1492	2506
1493	688
1494	2626
1495	1758
1496	879
1497	709
1498	2125
1499	3845
1500	1474
1501	4158
1502	4120
1503	2670
1504	3946
1505	688
1506	3643
1507	1053
1508	282
1509	3913
1510	1136
1511	628
1512	2373
1513	4517
1514	2
1515	3641
1516	739
1517	3946
1518	1492
1519	2839
1520	4557
1521	4529
1522	4981
1523	3955
1524	2524
1525	2133
1526	4220
1527	3721
1528	4140
1529	5
1530	4729
1531	1706
1532	4397
1533	1251
1534	3386
1535	4598
1536	972
1537	4368
1538	3989
1539	2470
1540	2683
1541	3612
1542	3060
1543	3365
1544	4587
1545	1734
1546	2388
1547	394
1548	2758
1549	2469
1550	361
1551	3925
1552	4923
1553	2930
1554	4514
1555	3172
1556	574
1557	3000
1558	2790
1559	36
1560	1585
1561	19
1562	2608
1563	3353
1564	4750
1565	4382
1566	4851
1567	3196
1568	3147
1569	1146
1570	1772
1571	4770
1572	551
1573	3707
1574	4662
1575	2650
1576	2483
1577	3732
1578	2451
1579	2179
1580	4465
1581	2876
1582	1891
1583	3731
1584	1690
1585	1474
1586	3002
1587	3927
1588	680
1589	921
1590	3403
1591	1275
1592	1034
1593	1798
1594	2537
1595	4704
1596	3128
1597	665
1598	830
1599	531
1600	1573
1601	2542
1602	3911
1603	1857
1604	4688
1605	2310
1606	580
1607	4868
1608	1812
1609	947
1610	2923
1611	2054
1612	4296
1613	3604
1614	495
1615	4487
1616	880
1617	4980
1618	4082
1619	4016
1620	1352
1621	993
1622	3620
1623	3333
1624	4679
1625	200
1626	3182
1627	2016
1628	1331
1629	848
1630	1785
1631	2315
1632	1385
1633	4810
1634	1550
1635	2449
1636	2047
1637	4265
1638	1779
1639	2569
1640	4689
1641	3463
1642	1862
1643	2970
1644	2042
1645	3087
1646	1360
1647	1980
1648	4670
1649	313
1650	3079
1651	2356
1652	613
1653	2741
1654	1445
1655	2791
1656	4585
1657	4888
1658	3833
1659	1014
1660	4600
1661	29
1662	2072
1663	3903
1664	1774
1665	4858
1666	1619
1667	2556
1668	538
1669	1664
1670	2532
1671	740
1672	2056
1673	2114
1674	2844
1675	4345
1676	236
1677	3026
1678	3100
1679	1034
1680	3297
1681	2429
1682	1586
1683	2058
1684	1160
1685	4314
1686	1307
1687	1110
1688	4219
1689	4112
1690	2385
1691	2849
1692	3705
1693	3949
1694	81
1695	3792
1696	2813
1697	2074
1698	1000
1699	2205
1700	2960
1701	2394
1702	4403
1703	4568
1704	1585
1705	2345
1706	2061
1707	682
1708	3416
1709	1909
1710	151
1711	3292
1712	3485
1713	371
1714	4551
1715	4438
1716	1480
1717	4645
1718	2698
1719	436
1720	3801
1721	2989
1722	3278
1723	1545
1724	3512
1725	2822
1726	3058
1727	4123
1728	2740
1729	2001
1730	1202
1731	4927
1732	1053
1733	28
1734	4057
1735	3307
1736	2956
1737	620
1738	4222
1739	3854
1740	2072
1741	4377
1742	497
1743	1496
1744	2272
1745	3665
1746	2719
1747	3578
1748	1704
1749	2527
1750	913
1751	2732
1752	2264
1753	4844
1754	2060
1755	961
1756	4977
1757	3039
1758	114
1759	4858
1760	3797
1761	2033
1762	3259
1763	4493
1764	2969
1765	787
1766	4519
1767	4741
1768	3640
1769	1205
1770	1229
1771	3443
1772	3606
1773	4200
1774	4939
1775	840
1776	3716
1777	4890
1778	4200
1779	3800
1780	2823
1781	4908
1782	2314
1783	1321
1784	3570
1785	1039
1786	3592
1787	1035
1788	448
1789	396
1790	2065
1791	470
1792	4121
1793	3125
1794	4626
1795	1235
1796	4921
1797	1964
1798	175
1799	683
1800	1737
1801	1763
1802	2925
1803	2574
1804	2662
1805	1762
1806	99
1807	776
1808	1244
1809	3542
1810	693
1811	4331
1812	4192
1813	3315
1814	4304
1815	73
1816	3780
1817	4032
1818	3692
1819	3949
1820	2600
1821	95
1822	4527
1823	1963
1824	2364
1825	4269
1826	4434
1827	3730
1828	4784
1829	300
1830	2782
1831	2690
1832	167
1833	3061
1834	4218
1835	4804
1836	4110
1837	4646
1838	3935
1839	1916
1840	12
1841	2278
1842	4340
1843	3327
1844	2670
1845	810
1846	2734
1847	4294
1848	3313
1849	3445
1850	2766
1851	4184
1852	1527
1853	1313
1854	1674
1855	2633
1856	182
1857	1910
1858	2257
1859	4478
1860	2383
1861	440
1862	838
1863	1655
1864	1855
1865	121
1866	56
1867	2064
1868	2695
1869	4760
1870	2593
1871	1218
1872	3293
1873	1292
1874	558
1875	4419
1876	3828
1877	1922
1878	1871
1879	1203
1880	1268
1881	1395
1882	2634
1883	4302
1884	2869
1885	2386
1886	807
1887	4225
1888	3634
1889	4366
1890	1615
1891	1631
1892	4655
1893	42
1894	4712
1895	544
1896	3898
1897	3331
1898	3523
1899	4001
1900	4392
1901	2905
1902	3746
1903	1607
1904	1230
1905	620
1906	4629
1907	2648
1908	1387
1909	1134
1910	2395
1911	3517
1912	4288
1913	796
1914	70
1915	3594
1916	3118
1917	3758
1918	4467
1919	4771
1920	3426
1921	2158
1922	1949
1923	4177
1924	598
1925	859
1926	1353
1927	4170
1928	3809
1929	2776
1930	1433
1931	4778
1932	4362
1933	4698
1934	3372
1935	1264
1936	3772
1937	4173
1938	2632
1939	4571
1940	675
1941	2647
1942	724
1943	463
1944	3026
1945	2930
1946	4394
1947	842
1948	3565
1949	816
1950	4347
1951	702
1952	4266
1953	4499
1954	3476
1955	1798
1956	1102
1957	4735
1958	641
1959	3173
1960	2184
1961	1870
1962	2593
1963	2907
1964	4073
1965	2637
1966	2919
1967	3996
1968	4463
1969	2528
1970	2434
1971	4017
1972	3859
1973	4109
1974	1158
1975	4941
1976	1074
1977	2501
1978	3697
1979	2973
1980	2296
1981	1366
1982	719
1983	3744
1984	3412
1985	4705
1986	4815
1987	600
1988	822
1989	4956
1990	3317
1991	3346
1992	2836
1993	1688
1994	4328
1995	4486
1996	4565
1997	1706
1998	192
1999	68
2000	2816
2001	3524
2002	960
2003	800
2004	3221
2005	499
2006	1042
2007	904
2008	4685
2009	2216
2010	433
2011	148
2012	59
2013	1290
2014	4441
2015	4306
2016	3071
2017	1349
2018	434
2019	1685
2020	953
2021	4895
2022	1147
2023	1005
2024	4280
2025	2786
2026	1384
2027	275
2028	3755
2029	4446
2030	63
2031	2842
2032	99
2033	4596
2034	4461
2035	2831
2036	1776
2037	4449
2038	1249
2039	2324
2040	3337
2041	811
2042	2474
2043	596
2044	2783
2045	2278
2046	877
2047	2025
2048	1246
2049	3560
2050	2746
2051	1536
2052	2521
2053	3200
2054	3550
2055	2706
2056	2909
2057	4706
2058	615
2059	1666
2060	4678
2061	4302
2062	552
2063	4938
2064	1799
2065	1084
2066	3728
2067	1226
2068	1555
2069	4655
2070	3870
2071	2138
2072	4429
2073	3389
2074	2338
2075	1043
2076	2724
2077	2656
2078	3677
2079	2658
2080	2981
2081	2827
2082	383
2083	1155
2084	3930
2085	138
2086	3941
2087	3434
2088	2299
2089	738
2090	643
2091	1880
2092	3355
2093	2129
2094	4293
2095	4870
2096	955
2097	3498
2098	1622
2099	1180
2100	2245
2101	4347
2102	3050
2103	15
2104	77
2105	716
2106	1405
2107	930
2108	4747
2109	1566
2110	2019
2111	2241
2112	319
2113	281
2114	2153
2115	1870
2116	4869
2117	630
2118	3886
2119	1744
2120	4802
2121	982
2122	1483
2123	3977
2124	2183
2125	3513
2126	4393
2127	1057
2128	1828
2129	3143
2130	3137
2131	4885
2132	2914
2133	3444
2134	2030
2135	3287
2136	1351
2137	257
2138	2056
2139	539
2140	3117
2141	980
2142	3355
2143	4904
2144	3838
2145	2248
2146	4259
2147	2254
2148	508
2149	2854
2150	1330
2151	3957
2152	575
2153	4595
2154	451
2155	1860
2156	1808
2157	2825
2158	472
2159	2811
2160	939
2161	4656
2162	1653
2163	1650
2164	1298
2165	1812
2166	644
2167	963
2168	2288
2169	4558
2170	1055
2171	3694
2172	4266
2173	1408
2174	813
2175	3081
2176	3999
2177	1584
2178	1603
2179	786
2180	645
2181	4301
2182	1600
2183	2599
2184	2915
2185	3858
2186	1370
2187	2020
2188	4518
2189	3933
2190	3309
2191	114
2192	1961
2193	145
2194	1941
2195	2717
2196	2708
2197	70
2198	934
2199	4219
2200	3731
2201	111
2202	1304
2203	771
2204	2231
2205	804
2206	4572
2207	1955
2208	4147
2209	3859
2210	2953
2211	2162
2212	2863
2213	106
2214	1067
2215	3492
2216	405
2217	3901
2218	2602
2219	4661
2220	533
2221	976
2222	2699
2223	3387
2224	623
2225	4578
2226	3235
2227	1741
2228	3050
2229	2417
2230	206
2231	1098
2232	4016
2233	2439
2234	2314
2235	3718
2236	2151
2237	1528
2238	281
2239	1347
2240	3173
2241	1679
2242	4243
2243	1247
2244	2879
2245	1653
2246	2818
2247	3332
2248	4606
2249	3296
2250	4496
2251	3799
2252	3890
2253	3793
2254	1778
2255	1647
2256	1491
2257	2615
2258	4475
2259	3143
2260	4596
2261	4523
2262	1458
2263	648
2264	3792
2265	2346
2266	4522
2267	3767
2268	790
2269	3444
2270	3223
2271	4097
2272	813
2273	1166
2274	4958
2275	3519
2276	2098
2277	4034
2278	3904
2279	1105
2280	3304
2281	1161
2282	730
2283	134
2284	974
2285	1457
2286	4296
2287	4235
2288	500
2289	4049
2290	4660
2291	4244
2292	4391
2293	683
2294	735
2295	2772
2296	4930
2297	3039
2298	3028
2299	3824
2300	4130
2301	4917
2302	4697
2303	896
2304	2599
2305	4530
2306	439
2307	4708
2308	788
2309	1152
2310	2825
2311	2292
2312	3540
2313	1465
2314	76
2315	3152
2316	1802
2317	1480
2318	1444
2319	301
2320	858
2321	4197
2322	4661
2323	3274
2324	1173
2325	1194
2326	3963
2327	2002
2328	1568
2329	3740
2330	696
2331	3593
2332	320
2333	188
2334	493
2335	4108
2336	1463
2337	2008
2338	3089
2339	957
2340	2085
2341	1113
2342	1097
2343	4671
2344	1945
2345	2787
2346	3791
2347	3875
2348	4756
2349	4617
2350	3895
2351	4944
2352	1728
2353	1339
2354	2740
2355	422
2356	4645
2357	3284
2358	2240
2359	4132
2360	1941
2361	546
2362	4684
2363	4504
2364	983
2365	4444
2366	1606
2367	4050
2368	2238
2369	4782
2370	4110
2371	3841
2372	110
2373	2833
2374	926
2375	1855
2376	2168
2377	3990
2378	977
2379	4045
2380	3721
2381	1092
2382	3928
2383	2613
2384	4107
2385	960
2386	1229
2387	888
2388	3460
2389	3015
2390	1190
2391	4184
2392	3676
2393	2721
2394	4787
2395	3450
2396	2761
2397	412
2398	1752
2399	3501
2400	3473
2401	3004
2402	3845
2403	81
2404	3062
2405	4229
2406	2225
2407	4765
2408	1745
2409	346
2410	187
2411	1406
2412	4051
2413	4054
2414	4434
2415	581
2416	363
2417	906
2418	1596
2419	1389
2420	3234
2421	2272
2422	2861
2423	1508
2424	3538
2425	914
2426	655
2427	4380
2428	4439
2429	4802
2430	3962
2431	4708
2432	435
2433	713
2434	3333
2435	3385
2436	2833
2437	292
2438	2843
2439	3
2440	3425
2441	1795
2442	3077
2443	3075
2444	1413
2445	2443
2446	975
2447	178
2448	2181
2449	1184
2450	2451
2451	266
2452	4134
2453	4545
2454	2021
2455	4949
2456	3024
2457	1775
2458	4454
2459	211
2460	4846
2461	3573
2462	2753
2463	4693
2464	2621
2465	2496
2466	2285
2467	2097
2468	685
2469	449
2470	2337
2471	752
2472	3701
2473	4179
2474	4133
2475	1649
2476	3423
2477	4349
2478	2765
2479	4168
2480	3496
2481	2501
2482	1293
2483	887
2484	4231
2485	3000
2486	1197
2487	1258
2488	782
2489	2776
2490	4275
2491	3682
2492	2454
2493	2788
2494	1663
2495	3606
2496	4856
2497	3969
2498	4454
2499	1326
2500	3677
2501	1734
2502	3525
2503	196
2504	2371
2505	4854
2506	3618
2507	1359
2508	827
2509	4357
2510	1360
2511	2726
2512	4722
2513	583
2514	2467
2515	942
2516	1857
2517	3980
2518	3973
2519	3209
2520	2831
2521	4151
2522	20
2523	3348
2524	439
2525	1652
2526	3978
2527	4500
2528	3501
2529	1133
2530	4790
2531	1104
2532	387
2533	2820
2534	2886
2535	2590
2536	587
2537	4183
2538	4408
2539	3086
2540	1789
2541	4289
2542	4926
2543	3628
2544	4264
2545	300
2546	82
2547	3804
2548	1677
2549	2127
2550	4767
2551	3405
2552	1079
2553	2662
2554	1501
2555	4029
2556	812
2557	3853
2558	1143
2559	1989
2560	3915
2561	284
2562	4070
2563	1737
2564	4956
2565	2862
2566	4546
2567	2052
2568	3269
2569	1904
2570	4185
2571	136
2572	737
2573	4394
2574	4827
2575	4492
2576	3254
2577	2580
2578	2592
2579	582
2580	2366
2581	1036
2582	3532
2583	2755
2584	4652
2585	886
2586	809
2587	2258
2588	1545
2589	595
2590	349
2591	1951
2592	1494
2593	443
2594	265
2595	1617
2596	2771
2597	3302
2598	67
2599	3855
2600	4397
2601	1518
2602	4015
2603	592
2604	2223
2605	3275
2606	45
2607	1315
2608	1231
2609	1236
2610	1072
2611	3321
2612	4178
2613	604
2614	4916
2615	145
2616	4003
2617	4381
2618	3096
2619	3391
2620	810
2621	4051
2622	933
2623	2457
2624	3457
2625	2023
2626	2275
2627	3997
2628	919
2629	4142
2630	3047
2631	3502
2632	3597
2633	3388
2634	641
2635	4921
2636	599
2637	3762
2638	894
2639	4206
2640	3552
2641	3412
2642	2576
2643	3640
2644	948
2645	699
2646	4009
2647	2351
2648	1124
2649	3980
2650	4812
2651	2023
2652	377
2653	2577
2654	414
2655	789
2656	1967
2657	3865
2658	1879
2659	2159
2660	1942
2661	150
2662	943
2663	3034
2664	3464
2665	4162
2666	4913
2667	3410
2668	3917
2669	4611
2670	2630
2671	4996
2672	1570
2673	1982
2674	1966
2675	1619
2676	278
2677	2961
2678	1314
2679	3702
2680	2730
2681	3583
2682	493
2683	1255
2684	3776
2685	2824
2686	3208
2687	197
2688	372
2689	2393
2690	560
2691	3708
2692	2855
2693	1551
2694	1872
2695	1210
2696	2103
2697	824
2698	4247
2699	697
2700	868
2701	626
2702	494
2703	2939
2704	643
2705	3392
2706	998
2707	4716
2708	4730
2709	2619
2710	2473
2711	697
2712	4726
2713	3376
2714	3228
2715	4324
2716	2542
2717	1093
2718	75
2719	1358
2720	3080
2721	291
2722	4235
2723	2665
2724	917
2725	2575
2726	1475
2727	4026
2728	3044
2729	691
2730	3216
2731	180
2732	4489
2733	1223
2734	1936
2735	1713
2736	2528
2737	1914
2738	220
2739	3525
2740	4831
2741	3162
2742	4595
2743	4429
2744	4585
2745	1644
2746	1252
2747	731
2748	3772
2749	3697
2750	792
2751	4603
2752	2765
2753	1258
2754	3409
2755	3877
2756	510
2757	1573
2758	4691
2759	3679
2760	561
2761	3528
2762	1060
2763	2578
2764	2290
2765	2626
2766	166
2767	2035
2768	3233
2769	4082
2770	4859
2771	2059
2772	1560
2773	1481
2774	4567
2775	4762
2776	2597
2777	3870
2778	652
2779	316
2780	3642
2781	2977
2782	1926
2783	2766
2784	4938
2785	1993
2786	1709
2787	2004
2788	2330
2789	1232
2790	3393
2791	3678
2792	1116
2793	3669
2794	194
2795	1627
2796	1983
2797	611
2798	1763
2799	2064
2800	3897
2801	141
2802	1616
2803	855
2804	4078
2805	4249
2806	2102
2807	1106
2808	3066
2809	4281
2810	2873
2811	3982
2812	1643
2813	1752
2814	4345
2815	490
2816	1677
2817	3431
2818	4408
2819	3060
2820	2385
2821	1758
2822	2985
2823	2483
2824	2560
2825	4569
2826	3986
2827	3854
2828	1560
2829	1544
2830	4070
2831	2247
2832	3834
2833	4304
2834	2370
2835	4058
2836	4232
2837	68
2838	3298
2839	2675
2840	3070
2841	117
2842	1013
2843	2651
2844	4115
2845	4463
2846	4537
2847	302
2848	2964
2849	1813
2850	4851
2851	3970
2852	416
2853	3286
2854	4274
2855	154
2856	849
2857	1287
2858	3087
2859	1524
2860	4386
2861	1185
2862	1299
2863	3881
2864	370
2865	203
2866	2330
2867	4473
2868	2132
2869	3300
2870	3969
2871	3189
2872	236
2873	2512
2874	125
2875	4008
2876	891
2877	4552
2878	624
2879	1010
2880	3738
2881	275
2882	885
2883	3272
2884	2768
2885	1866
2886	2220
2887	1333
2888	3301
2889	4299
2890	3330
2891	2173
2892	626
2893	1768
2894	1816
2895	1503
2896	2199
2897	359
2898	4950
2899	764
2900	2479
2901	825
2902	3031
2903	3580
2904	3700
2905	2246
2906	391
2907	3939
2908	3134
2909	2911
2910	2231
2911	4248
2912	1430
2913	4181
2914	2331
2915	4756
2916	2440
2917	4986
2918	852
2919	2439
2920	4929
2921	2688
2922	4515
2923	2559
2924	3398
2925	1452
2926	3135
2927	1661
2928	2229
2929	628
2930	963
2931	4927
2932	1198
2933	1799
2934	3629
2935	2433
2936	4540
2937	4127
2938	1557
2939	3004
2940	237
2941	3760
2942	4713
2943	4897
2944	3001
2945	4491
2946	2162
2947	3386
2948	3036
2949	757
2950	1820
2951	1606
2952	541
2953	2104
2954	28
2955	4358
2956	3401
2957	3451
2958	2393
2959	3042
2960	2606
2961	1198
2962	1557
2963	4467
2964	2349
2965	3061
2966	4428
2967	3155
2968	4803
2969	3489
2970	2069
2971	3310
2972	591
2973	3992
2974	2157
2975	2478
2976	1515
2977	56
2978	4521
2979	124
2980	4095
2981	3663
2982	1075
2983	1269
2984	499
2985	3720
2986	206
2987	4576
2988	464
2989	2304
2990	1375
2991	2331
2992	75
2993	356
2994	4364
2995	1589
2996	4720
2997	2386
2998	4820
2999	2705
3000	4047
3001	2679
3002	1916
3003	4034
3004	3288
3005	3274
3006	2436
3007	596
3008	583
3009	3814
3010	3315
3011	4409
3012	2178
3013	2945
3014	874
3015	4435
3016	2818
3017	3651
3018	3346
3019	4391
3020	3581
3021	658
3022	1771
3023	4449
3024	1698
3025	3410
3026	57
3027	2217
3028	4578
3029	3835
3030	3630
3031	3467
3032	4440
3033	4511
3034	4163
3035	3071
3036	2286
3037	3344
3038	2676
3039	3760
3040	3487
3041	1539
3042	1858
3043	2660
3044	1099
3045	488
3046	1726
3047	3138
3048	1491
3049	356
3050	4358
3051	2757
3052	1580
3053	3915
3054	2676
3055	4168
3056	472
3057	3237
3058	2122
3059	1945
3060	1001
3061	603
3062	2879
3063	2255
3064	432
3065	684
3066	3357
3067	1707
3068	1834
3069	1103
3070	917
3071	4667
3072	4117
3073	1607
3074	750
3075	2588
3076	1329
3077	3578
3078	4554
3079	489
3080	4535
3081	4726
3082	2292
3083	3607
3084	2172
3085	4389
3086	1626
3087	258
3088	2682
3089	1902
3090	4465
3091	4931
3092	2395
3093	4262
3094	777
3095	1898
3096	996
3097	2992
3098	770
3099	4947
3100	2616
3101	4808
3102	2685
3103	2548
3104	1539
3105	2975
3106	797
3107	4989
3108	2620
3109	2586
3110	3746
3111	2873
3112	36
3113	4701
3114	3347
3115	1562
3116	481
3117	369
3118	3205
3119	2035
3120	1383
3121	4968
3122	2238
3123	3484
3124	3304
3125	3821
3126	1901
3127	2262
3128	1913
3129	2981
3130	677
3131	4867
3132	2491
3133	2399
3134	2054
3135	3324
3136	1008
3137	3463
3138	2639
3139	4241
3140	854
3141	957
3142	4906
3143	4424
3144	986
3145	3798
3146	3195
3147	417
3148	956
3149	4420
3150	3912
3151	565
3152	1826
3153	2761
3154	1718
3155	4523
3156	1962
3157	1026
3158	1257
3159	4606
3160	2499
3161	2732
3162	1830
3163	474
3164	4340
3165	4859
3166	4383
3167	635
3168	3341
3169	3887
3170	3948
3171	3762
3172	1081
3173	1949
3174	2209
3175	1506
3176	4452
3177	4813
3178	2806
3179	1967
3180	92
3181	4196
3182	4752
3183	545
3184	4083
3185	2136
3186	3675
3187	2193
3188	2151
3189	416
3190	4954
3191	2453
3192	2827
3193	4074
3194	3231
3195	151
3196	1732
3197	2904
3198	4637
3199	4013
3200	3536
3201	2803
3202	1735
3203	7
3204	4381
3205	1794
3206	3554
3207	4724
3208	1117
3209	3656
3210	2546
3211	3285
3212	1909
3213	1530
3214	3347
3215	3568
3216	237
3217	2616
3218	2262
3219	4798
3220	4150
3221	3657
3222	3292
3223	2698
3224	1273
3225	2252
3226	4602
3227	283
3228	1107
3229	1824
3230	3267
3231	2333
3232	928
3233	3553
3234	1213
3235	659
3236	1702
3237	4817
3238	1434
3239	1611
3240	3132
3241	375
3242	255
3243	955
3244	2755
3245	2899
3246	2970
3247	3334
3248	1936
3249	4674
3250	2113
3251	828
3252	3262
3253	2796
3254	3339
3255	2045
3256	2875
3257	2892
3258	1043
3259	2623
3260	1931
3261	799
3262	4892
3263	1200
3264	4870
3265	1157
3266	2910
3267	916
3268	4389
3269	1100
3270	3538
3271	4944
3272	4583
3273	2298
3274	2122
3275	2673
3276	2281
3277	4941
3278	3815
3279	267
3280	906
3281	4972
3282	432
3283	3428
3284	3999
3285	1265
3286	2866
3287	2985
3288	4730
3289	4660
3290	4702
3291	3526
3292	2416
3293	2808
3294	4920
3295	2070
3296	4229
3297	671
3298	3872
3299	632
3300	2001
3301	3056
3302	4633
3303	3572
3304	2295
3305	1636
3306	2073
3307	218
3308	3790
3309	3320
3310	118
3311	3033
3312	2625
3313	4292
3314	3823
3315	3323
3316	1150
3317	3964
3318	4871
3319	4407
3320	391
3321	1793
3322	2042
3323	4625
3324	1322
3325	2338
3326	1694
3327	2302
3328	2481
3329	3053
3330	609
3331	4018
3332	1950
3333	1240
3334	498
3335	2882
3336	4897
3337	2409
3338	708
3339	2859
3340	4061
3341	4848
3342	1219
3343	1507
3344	4632
3345	2618
3346	2904
3347	2598
3348	1705
3349	3275
3350	1605
3351	1025
3352	411
3353	3421
3354	4947
3355	2478
3356	3091
3357	349
3358	3049
3359	2239
3360	613
3361	3761
3362	1625
3363	2433
3364	2841
3365	3036
3366	169
3367	3813
3368	4642
3369	4540
3370	2218
3371	2758
3372	799
3373	590
3374	4174
3375	2615
3376	4891
3377	3214
3378	805
3379	3531
3380	2065
3381	4620
3382	10
3383	1587
3384	3817
3385	2140
3386	2947
3387	1576
3388	860
3389	614
3390	732
3391	3702
3392	4675
3393	2823
3394	555
3395	4442
3396	1057
3397	4292
3398	41
3399	2390
3400	2193
3401	105
3402	16
3403	4983
3404	2789
3405	763
3406	3636
3407	2323
3408	2874
3409	2770
3410	1063
3411	4440
3412	4241
3413	1182
3414	1579
3415	534
3416	2324
3417	2093
3418	640
3419	2198
3420	4062
3421	2529
3422	213
3423	4403
3424	854
3425	2671
3426	243
3427	3243
3428	811
3429	1878
3430	3170
3431	2427
3432	3411
3433	2901
3434	715
3435	4167
3436	3237
3437	1292
3438	1580
3439	2083
3440	4922
3441	1588
3442	3295
3443	2916
3444	4843
3445	4576
3446	1772
3447	1652
3448	4186
3449	2961
3450	245
3451	3102
3452	2145
3453	1297
3454	268
3455	2789
3456	1722
3457	3375
3458	3716
3459	1396
3460	3467
3461	274
3462	11
3463	2101
3464	4047
3465	3185
3466	4218
3467	2140
3468	3610
3469	223
3470	2759
3471	4619
3472	538
3473	122
3474	4882
3475	4331
3476	3943
3477	632
3478	4287
3479	649
3480	3921
3481	4421
3482	4183
3483	1807
3484	4999
3485	3602
3486	370
3487	495
3488	4108
3489	4334
3490	3183
3491	1514
3492	4787
3493	1617
3494	4247
3495	2214
3496	3796
3497	1777
3498	3334
3499	691
3500	4613
3501	741
3502	1282
3503	4097
3504	3639
3505	3474
3506	2801
3507	111
3508	4896
3509	3084
3510	1675
3511	3923
3512	89
3513	4970
3514	4399
3515	1805
3516	183
3517	802
3518	4013
3519	3877
3520	168
3521	1634
3522	1481
3523	789
3524	1603
3525	210
3526	2747
3527	4623
3528	727
3529	2438
3530	1849
3531	1041
3532	3187
3533	4555
3534	3956
3535	1892
3536	4957
3537	4316
3538	1702
3539	183
3540	3337
3541	1710
3542	1486
3543	3531
3544	1530
3545	491
3546	2419
3547	1674
3548	1447
3549	3982
3550	2173
3551	4105
3552	2452
3553	1719
3554	3953
3555	35
3556	1972
3557	4903
3558	2248
3559	1991
3560	1917
3561	2690
3562	2796
3563	3891
3564	2510
3565	2803
3566	144
3567	4599
3568	4245
3569	4560
3570	1257
3571	2198
3572	890
3573	535
3574	4171
3575	624
3576	4821
3577	4642
3578	2808
3579	1115
3580	2771
3581	115
3582	3796
3583	1119
3584	3844
3585	1958
3586	3030
3587	2143
3588	535
3589	2142
3590	1422
3591	3729
3592	3474
3593	4366
3594	98
3595	2933
3596	579
3597	1274
3598	1781
3599	103
3600	3390
3601	4892
3602	4826
3603	2984
3604	2997
3605	2798
3606	2607
3607	4682
3608	3037
3609	2954
3610	1312
3611	4113
3612	4083
3613	1475
3614	767
3615	4365
3616	247
3617	1322
3618	378
3619	2350
3620	4260
3621	820
3622	2080
3623	1595
3624	4531
3625	1090
3626	2986
3627	3965
3628	1012
3629	1357
3630	2619
3631	702
3632	1186
3633	3014
3634	2428
3635	3495
3636	4965
3637	14
3638	319
3639	3560
3640	1581
3641	816
3642	3825
3643	3452
3644	2534
3645	1650
3646	3617
3647	1654
3648	835
3649	694
3650	936
3651	4009
3652	331
3653	3141
3654	1156
3655	4246
3656	21
3657	2145
3658	1827
3659	2505
3660	4427
3661	3858
3662	2105
3663	857
3664	1169
3665	1686
3666	4743
3667	4201
3668	4505
3669	4935
3670	4037
3671	2024
3672	3305
3673	802
3674	1962
3675	377
3676	3205
3677	1150
3678	4668
3679	1968
3680	2520
3681	2037
3682	1327
3683	2923
3684	1109
3685	2597
3686	2291
3687	4841
3688	312
3689	2070
3690	197
3691	4862
3692	557
3693	390
3694	498
3695	3077
3696	298
3697	106
3698	3729
3699	4945
3700	2463
3701	933
3702	2509
3703	1541
3704	2520
3705	1419
3706	4900
3707	3791
3708	3051
3709	4414
3710	3208
3711	4039
3712	2398
3713	139
3714	1656
3715	1484
3716	3239
3717	1071
3718	1722
3719	757
3720	2852
3721	2573
3722	2328
3723	4019
3724	2694
3725	4894
3726	1895
3727	362
3728	2865
3729	2358
3730	3443
3731	3184
3732	285
3733	659
3734	1129
3735	1196
3736	1761
3737	1494
3738	4453
3739	2086
3740	3658
3741	80
3742	3042
3743	929
3744	3119
3745	4170
3746	30
3747	3930
3748	4249
3749	543
3750	1804
3751	4539
3752	2942
3753	3802
3754	4473
3755	1439
3756	2422
3757	1987
3758	3306
3759	4910
3760	1358
3761	3460
3762	3065
3763	3902
3764	4086
3765	4822
3766	1024
3767	3020
3768	3991
3769	4724
3770	3603
3771	3564
3772	3280
3773	3924
3774	1120
3775	3976
3776	2445
3777	3222
3778	4159
3779	265
3780	1204
3781	4664
3782	1988
3783	1569
3784	3892
3785	1982
3786	1401
3787	4084
3788	1181
3789	2187
3790	2638
3791	4775
3792	2563
3793	3415
3794	1832
3795	2105
3796	4926
3797	3778
3798	2242
3799	3065
3800	2093
3801	2356
3802	786
3803	427
3804	3714
3805	3507
3806	2636
3807	4157
3808	4861
3809	1629
3810	2150
3811	911
3812	3823
3813	3200
3814	2641
3815	249
3816	3169
3817	3522
3818	2334
3819	1864
3820	1189
3821	3981
3822	4509
3823	2217
3824	1852
3825	1005
3826	2481
3827	1527
3828	4994
3829	3142
3830	3624
3831	1042
3832	1913
3833	4755
3834	446
3835	4492
3836	804
3837	2940
3838	2164
3839	3266
3840	2800
3841	1670
3842	3120
3843	3482
3844	3371
3845	1981
3846	2305
3847	2882
3848	362
3849	2168
3850	4970
3851	4508
3852	383
3853	3675
3854	323
3855	3345
3856	549
3857	346
3858	3470
3859	3880
3860	2984
3861	4743
3862	1688
3863	2422
3864	1061
3865	2273
3866	217
3867	1400
3868	733
3869	4607
3870	2527
3871	4742
3872	2577
3873	2182
3874	4282
3875	998
3876	1089
3877	4246
3878	3422
3879	4207
3880	312
3881	2146
3882	1578
3883	1062
3884	3714
3885	4831
3886	838
3887	2080
3888	2988
3889	2635
3890	482
3891	1646
3892	74
3893	1869
3894	4132
3895	1666
3896	2659
3897	2739
3898	784
3899	2124
3900	2770
3901	1612
3902	1748
3903	2074
3904	1283
3905	1489
3906	3478
3907	2260
3908	2095
3909	1820
3910	3429
3911	2317
3912	1835
3913	1469
3914	1234
3915	369
3916	4000
3917	519
3918	1413
3919	3558
3920	4085
3921	3831
3922	2377
3923	4224
3924	4502
3925	1019
3926	1528
3927	47
3928	4298
3929	4614
3930	876
3931	713
3932	4059
3933	1215
3934	1947
3935	2788
3936	4744
3937	3232
3938	1968
3939	1732
3940	4905
3941	4658
3942	3577
3943	231
3944	3798
3945	1549
3946	1051
3947	4502
3948	964
3949	3249
3950	2222
3951	1753
3952	3956
3953	2011
3954	1143
3955	3213
3956	4481
3957	4054
3958	209
3959	2349
3960	40
3961	2344
3962	4471
3963	755
3964	4665
3965	4418
3966	3840
3967	4835
3968	2857
3969	4735
3970	859
3971	2486
3972	3116
3973	3832
3974	2366
3975	4809
3976	4939
3977	1355
3978	279
3979	2426
3980	1685
3981	3382
3982	3933
3983	2318
3984	1654
3985	2791
3986	3350
3987	605
3988	3497
3989	1064
3990	2973
3991	3118
3992	1454
3993	869
3994	549
3995	727
3996	4548
3997	4587
3998	3226
3999	3807
4000	919
4001	2669
4002	4984
4003	4801
4004	4131
4005	1738
4006	3975
4007	3678
4008	276
4009	2321
4010	4797
4011	3626
4012	3246
4013	4551
4014	342
4015	4630
4016	1743
4017	1286
4018	4216
4019	660
4020	3217
4021	594
4022	3918
4023	3874
4024	4593
4025	1415
4026	4949
4027	4952
4028	1679
4029	4261
4030	2031
4031	165
4032	910
4033	4087
4034	1966
4035	2955
4036	468
4037	2714
4038	2639
4039	2014
4040	1243
4041	2468
4042	1002
4043	711
4044	163
4045	1663
4046	4359
4047	3420
4048	3495
4049	1917
4050	1050
4051	1370
4052	4236
4053	1067
4054	4260
4055	1193
4056	4700
4057	4534
4058	3249
4059	3879
4060	1084
4061	2891
4062	4617
4063	4021
4064	155
4065	1031
4066	116
4067	1469
4068	3884
4069	1002
4070	3263
4071	3353
4072	834
4073	520
4074	1869
4075	1850
4076	4459
4077	1157
4078	4139
4079	764
4080	4699
4081	523
4082	2084
4083	4550
4084	3475
4085	510
4086	2498
4087	4234
4088	3397
4089	4592
4090	1831
4091	3281
4092	4745
4093	2991
4094	3596
4095	4335
4096	4556
4097	1716
4098	4489
4099	3079
4100	3527
4101	255
4102	488
4103	2337
4104	2459
4105	1873
4106	2269
4107	3442
4108	1751
4109	4937
4110	2523
4111	1743
4112	4879
4113	1146
4114	2169
4115	2133
4116	1326
4117	2669
4118	2447
4119	2453
4120	2229
4121	1886
4122	4290
4123	4337
4124	2995
4125	2840
4126	1546
4127	470
4128	1350
4129	2268
4130	2180
4131	3696
4132	1226
4133	2968
4134	3801
4135	2921
4136	2714
4137	3648
4138	603
4139	3867
4140	4658
4141	3201
4142	1291
4143	1728
4144	424
4145	3753
4146	3575
4147	4369
4148	26
4149	1311
4150	3387
4151	2090
4152	1960
4153	2259
4154	1729
4155	4174
4156	2903
4157	223
4158	746
4159	2777
4160	988
4161	2315
4162	785
4163	2165
4164	3913
4165	898
4166	1958
4167	1717
4168	4044
4169	4841
4170	4751
4171	1587
4172	4390
4173	4464
4174	448
4175	1028
4176	1489
4177	1767
4178	2668
4179	899
4180	3365
4181	2112
4182	1000
4183	4907
4184	1195
4185	1437
4186	3161
4187	2449
4188	3063
4189	4074
4190	1961
4191	3554
4192	2641
4193	2657
4194	3117
4195	4930
4196	2345
4197	3683
4198	55
4199	337
4200	1259
4201	3795
4202	3207
4203	4461
4204	3057
4205	2497
4206	1501
4207	666
4208	1817
4209	1423
4210	589
4211	3313
4212	2665
4213	3865
4214	1882
4215	4922
4216	3616
4217	3530
4218	846
4219	1823
4220	1709
4221	3471
4222	1600
4223	222
4224	1122
4225	3113
4226	3261
4227	2634
4228	858
4229	4916
4230	1338
4231	2444
4232	4019
4233	2263
4234	3867
4235	2757
4236	2560
4237	159
4238	866
4239	3703
4240	4452
4241	2043
4242	4007
4243	4591
4244	835
4245	719
4246	2928
4247	922
4248	2419
4249	4379
4250	4880
4251	4094
4252	196
4253	2720
4254	1412
4255	1943
4256	3027
4257	4021
4258	741
4259	1680
4260	101
4261	3470
4262	4031
4263	179
4264	4718
4265	3580
4266	891
4267	2260
4268	3149
4269	1038
4270	2559
4271	1164
4272	4915
4273	4810
4274	2711
4275	190
4276	3145
4277	4061
4278	4863
4279	1453
4280	4958
4281	2461
4282	3631
4283	4783
4284	3958
4285	3003
4286	1498
4287	3187
4288	950
4289	973
4290	4154
4291	3308
4292	3597
4293	4022
4294	3064
4295	2435
4296	2057
4297	598
4298	2159
4299	2964
4300	3889
4301	588
4302	2038
4303	3082
4304	3222
4305	4316
4306	2858
4307	3809
4308	1892
4309	2852
4310	1897
4311	1205
4312	4905
4313	3644
4314	82
4315	3197
4316	2849
4317	4971
4318	1993
4319	3680
4320	2710
4321	3299
4322	4622
4323	3777
4324	150
4325	4426
4326	3148
4327	1695
4328	2003
4329	3246
4330	3344
4331	1827
4332	3917
4333	763
4334	4902
4335	1644
4336	3563
4337	4616
4338	1079
4339	3306
4340	2606
4341	1933
4342	2687
4343	4751
4344	129
4345	4137
4346	2009
4347	1591
4348	132
4349	69
4350	1832
4351	1078
4352	3957
4353	4819
4354	3008
4355	2239
4356	2640
4357	4513
4358	2678
4359	3759
4360	2589
4361	3641
4362	3064
4363	4401
4364	3686
4365	1844
4366	3513
4367	4562
4368	381
4369	787
4370	4444
4371	1154
4372	1574
4373	1717
4374	2250
4375	2943
4376	3644
4377	381
4378	3587
4379	2743
4380	3569
4381	4837
4382	752
4383	2308
4384	1983
4385	1863
4386	4479
4387	2450
4388	4459
4389	4470
4390	3944
4391	4537
4392	1602
4393	4819
4394	3394
4395	711
4396	645
4397	462
4398	4531
4399	2571
4400	3130
4401	1277
4402	2041
4403	4468
4404	100
4405	1499
4406	2144
4407	1225
4408	3017
4409	4889
4410	942
4411	3931
4412	3599
4413	3402
4414	2187
4415	4752
4416	614
4417	181
4418	1500
4419	3511
4420	2024
4421	2851
4422	21
4423	2032
4424	137
4425	4789
4426	2022
4427	3336
4428	4327
4429	3343
4430	1488
4431	1592
4432	4254
4433	2842
4434	817
4435	1684
4436	4400
4437	672
4438	1970
4439	290
4440	509
4441	589
4442	4232
4443	51
4444	4733
4445	54
4446	1037
4447	2935
4448	586
4449	948
4450	738
4451	4925
4452	415
4453	3920
4454	731
4455	3929
4456	3150
4457	3357
4458	1900
4459	1816
4460	3195
4461	1301
4462	104
4463	1457
4464	3319
4465	1421
4466	2747
4467	3172
4468	4484
4469	3626
4470	4801
4471	2951
4472	1304
4473	3988
4474	2779
4475	3698
4476	4482
4477	4552
4478	3880
4479	4215
4480	2596
4481	2249
4482	3291
4483	4308
4484	923
4485	2888
4486	4360
4487	58
4488	4188
4489	3827
4490	717
4491	2610
4492	1465
4493	4907
4494	4319
4495	1144
4496	4098
4497	868
4498	242
4499	2975
4500	2412
4501	2778
4502	1483
4503	3602
4504	1288
4505	2726
4506	3020
4507	2333
4508	774
4509	2241
4510	4971
4511	2328
4512	1515
4513	1809
4514	1882
4515	3250
4516	3193
4517	2156
4518	2111
4519	927
4520	2703
4521	3922
4522	2801
4523	1263
4524	2944
4525	122
4526	436
4527	2177
4528	3512
4529	1952
4530	2507
4531	2735
4532	1309
4533	2282
4534	4416
4535	1001
4536	4659
4537	1822
4538	2047
4539	2828
4540	4919
4541	4400
4542	2470
4543	4559
4544	3128
4545	4768
4546	1971
4547	3206
4548	1174
4549	3787
4550	209
4551	4138
4552	2077
4553	1482
4554	428
4555	755
4556	1095
4557	1096
4558	4420
4559	4161
4560	1135
4561	2012
4562	1153
4563	2725
4564	120
4565	3374
4566	2858
4567	677
4568	3948
4569	849
4570	1260
4571	1543
4572	2913
4573	4918
4574	654
4575	3136
4576	4713
4577	970
4578	497
4579	2350
4580	3587
4581	895
4582	4992
4583	4432
4584	4543
4585	1747
4586	2666
4587	4776
4588	1441
4589	2987
4590	3518
4591	323
4592	1854
4593	2034
4594	224
4595	735
4596	3453
4597	4574
4598	3932
4599	2684
4600	3905
4601	3168
4602	2928
4603	3564
4604	850
4605	1861
4606	2883
4607	3634
4608	3015
4609	1054
4610	2059
4611	1951
4612	4152
4613	4625
4614	3850
4615	1881
4616	4777
4617	2499
4618	4636
4619	684
4620	2946
4621	1785
4622	339
4623	2851
4624	270
4625	4600
4626	3974
4627	2702
4628	1378
4629	971
4630	3812
4631	1338
4632	847
4633	3605
4634	2779
4635	2581
4636	2361
4637	4824
4638	1918
4639	4717
4640	3775
4641	2405
4642	3776
4643	230
4644	2089
4645	104
4646	4096
4647	3429
4648	411
4649	283
4650	3970
4651	888
4652	4501
4653	3598
4654	4305
4655	3767
4656	2963
4657	2826
4658	3034
4659	4656
4660	1096
4661	2298
4662	3763
4663	756
4664	853
4665	4337
4666	4338
4667	2558
4668	2004
4669	4319
4670	1553
4671	1895
4672	480
4673	134
4674	374
4675	4328
4676	2805
4677	2995
4678	671
4679	2192
4680	655
4681	3517
4682	4324
4683	2920
4684	1910
4685	4267
4686	4959
4687	910
4688	2678
4689	3290
4690	2323
4691	4189
4692	3284
4693	2273
4694	3695
4695	4314
4696	404
4697	818
4698	4563
4699	3684
4700	2488
4701	3362
4702	294
4703	1385
4704	1045
4705	4274
4706	1865
4707	1921
4708	4955
4709	234
4710	4043
4711	3566
4712	1248
4713	1835
4714	987
4715	1387
4716	542
4717	4116
4718	2663
4719	3669
4720	4289
4721	4339
4722	374
4723	2649
4724	779
4725	3507
4726	3396
4727	1031
4728	4794
4729	1843
4730	3543
4731	1175
4732	393
4733	3696
4734	3754
4735	396
4736	3266
4737	1250
4738	4538
4739	46
4740	2903
4741	4212
4742	1583
4743	2797
4744	4282
4745	4967
4746	2487
4747	1586
4748	2282
4749	1423
4750	2716
4751	2102
4752	1497
4753	3614
4754	4482
4755	3703
4756	4485
4757	211
4758	3048
4759	2633
4760	4146
4761	2068
4762	3613
4763	2723
4764	1441
4765	2749
4766	3151
4767	1324
4768	2613
4769	2824
4770	664
4771	3252
4772	2785
4773	248
4774	4306
4775	4541
4776	118
4777	3245
4778	90
4779	1514
4780	2097
4781	3635
4782	1553
4783	1701
4784	3929
4785	2055
4786	2792
4787	1209
4788	1853
4789	749
4790	3701
4791	89
4792	4427
4793	540
4794	3818
4795	3695
4796	4651
4797	1035
4798	334
4799	442
4800	128
4801	1204
4802	4291
4803	4917
4804	2150
4805	602
4806	3427
4807	3424
4808	440
4809	607
4810	61
4811	2459
4812	1572
4813	3038
4814	4503
4815	3973
4816	559
4817	1417
4818	2962
4819	2958
4820	4790
4821	2304
4822	1363
4823	4436
4824	1707
4825	4710
4826	441
4827	3233
4828	748
4829	3820
4830	997
4831	2209
4832	1837
4833	2076
4834	1492
4835	4827
4836	2342
4837	4227
4838	3248
4839	2381
4840	3230
4841	2688
4842	992
4843	3190
4844	1690
4845	4928
4846	2576
4847	1729
4848	2492
4849	1052
4850	2354
4851	431
4852	3905
4853	3514
4854	983
4855	716
4856	4575
4857	3756
4858	340
4859	4959
4860	869
4861	4041
4862	320
4863	3027
4864	1724
4865	3047
4866	2207
4867	2086
4868	1625
4869	695
4870	348
4871	3377
4872	4223
4873	3582
4874	717
4875	664
4876	4239
4877	2742
4878	2550
4879	4112
4880	3747
4881	144
4882	1214
4883	2215
4884	2720
4885	1207
4886	1241
4887	3715
4888	1430
4889	4943
4890	4257
4891	232
4892	547
4893	1787
4894	3481
4895	1924
4896	2332
4897	3863
4898	1985
4899	823
4900	1149
4901	1940
4902	922
4903	4466
4904	3021
4905	3931
4906	4532
4907	4572
4908	2063
4909	3318
4910	184
4911	1111
4912	4076
4913	4571
4914	843
4915	2485
4916	1612
4917	2325
4918	174
4919	4208
4920	4509
4921	2029
4922	1418
4923	200
4924	4248
4925	3390
4926	4785
4927	124
4928	2257
4929	900
4930	1757
4931	4238
4932	1541
4933	478
4934	581
4935	1017
4936	2806
4937	4351
4938	901
4939	864
4940	1898
4941	3581
4942	333
4943	1450
4944	2894
4945	1828
4946	526
4947	2000
4948	3276
4949	4874
4950	1594
4951	4544
4952	1747
4953	803
4954	2391
4955	2281
4956	3308
4957	724
4958	601
4959	3609
4960	967
4961	4965
4962	2943
4963	1814
4964	2811
4965	1819
4966	2952
4967	2687
4968	4031
4969	4277
4970	3595
4971	1595
4972	4256
4973	4812
4974	1064
4975	2887
4976	4481
4977	823
4978	1046
4979	3375
4980	4879
4981	2012
4982	3505
4983	3666
4984	3329
4985	3258
4986	2780
4987	2517
4988	2988
4989	2141
4990	2895
4991	1561
4992	218
4993	4379
4994	3369
4995	1272
4996	2441
4997	1065
4998	2871
4999	4197
5000	153
5001	3126
5002	999
5003	1048
5004	4834
5005	40
5006	4872
5007	2661
5008	3808
5009	2947
5010	648
5011	358
5012	1817
5013	1939
5014	3419
5015	1078
5016	4460
5017	1992
5018	944
5019	3257
5020	578
5021	1599
5022	2283
5023	2175
5024	3090
5025	1102
5026	938
5027	4199
5028	1115
5029	130
5030	2629
5031	2406
5032	4968
5033	4376
5034	2269
5035	3286
5036	4635
5037	1773
5038	2171
5039	706
5040	3826
5041	1332
5042	2587
5043	630
5044	3795
5045	2700
5046	2185
5047	1410
5048	693
5049	907
5050	429
5051	866
5052	3530
5053	4964
5054	239
5055	1011
5056	3936
5057	3492
5058	4270
5059	3499
5060	1172
5061	4662
5062	775
5063	360
5064	4407
5065	1608
5066	201
5067	3974
5068	3223
5069	4221
5070	1376
5071	1403
5072	2664
5073	3137
5074	701
5075	4308
5076	3212
5077	4067
5078	4080
5079	931
5080	3753
5081	902
5082	1
5083	3544
5084	3959
5085	1101
5086	1100
5087	2268
5088	4911
5089	1977
5090	4909
5091	590
5092	2038
5093	3993
5094	4723
5095	3706
5096	4809
5097	4375
5098	2031
5099	2494
5100	78
5101	3630
5102	4815
5103	3487
5104	3680
5105	3846
5106	4418
5107	4605
5108	3213
5109	3768
5110	4343
5111	3654
5112	1990
5113	1676
5114	460
5115	500
5116	2795
5117	1113
5118	1114
5119	1609
5120	3824
5121	2476
5122	2945
5123	4533
5124	3583
5125	1756
5126	2216
5127	3139
5128	4593
5129	3010
5130	4609
5131	2763
5132	4657
5133	4006
5134	1020
5135	4147
5136	422
5137	2225
5138	1054
5139	260
5140	2515
5141	4095
5142	4885
5143	4633
5144	259
5145	1284
5146	168
5147	2392
5148	3556
5149	2294
5150	3253
5151	1049
5152	4056
5153	836
5154	1101
5155	95
5156	4797
5157	1705
5158	4933
5159	4847
5160	2694
5161	1952
5162	3613
5163	2496
5164	3168
5165	981
5166	269
5167	3364
5168	2565
5169	1887
5170	2500
5171	4674
5172	4355
5173	4731
5174	1231
5175	3743
5176	1487
5177	2937
5178	1682
5179	130
5180	625
5181	2513
5182	1177
5183	426
5184	3688
5185	3265
5186	2492
5187	863
5188	3535
5189	250
5190	66
5191	3201
5192	3713
5193	1179
5194	3066
5195	2600
5196	1736
5197	3592
5198	1556
5199	1826
5200	1353
5201	941
5202	528
5203	3107
5204	1833
5205	2557
5206	3511
5207	4494
5208	1723
5209	1472
5210	2125
5211	2715
5212	2990
5213	3417
5214	3482
5215	1810
5216	4318
5217	3324
5218	4577
5219	3126
5220	3109
5221	2794
5222	2727
5223	1496
5224	2960
5225	4060
5226	1588
5227	3868
5228	718
5229	1012
5230	1121
5231	4560
5232	1145
5233	992
5234	1555
5235	4933
5236	1021
5237	4582
5238	2
5239	3068
5240	1996
5241	1943
5242	189
5243	3735
5244	4915
5245	3848
5246	3556
5247	1384
5248	568
5249	2081
5250	2565
5251	3650
5252	4871
5253	559
5254	1813
5255	3551
5256	4803
5257	107
5258	1401
5259	138
5260	3475
5261	4488
5262	1626
5263	4566
5264	828
5265	4501
5266	2495
5267	1216
5268	2622
5269	4353
5270	487
5271	1030
5272	827
5273	4532
5274	1153
5275	3656
5276	2057
5277	4004
5278	1710
5279	4647
5280	390
5281	3418
5282	3521
5283	475
5284	3229
5285	1478
5286	3142
5287	3684
5288	3465
5289	3453
5290	4005
5291	1367
5292	1456
5293	4474
5294	3312
5295	3588
5296	1407
5297	959
5298	2263
5299	1161
5300	2285
5301	722
5302	3961
5303	3373
5304	650
5305	3920
5306	4458
5307	996
5308	3947
5309	1281
5310	2489
5311	4164
5312	3371
5313	3995
5314	3364
5315	2509
5316	3861
5317	4676
5318	1458
5319	1502
5320	7
5321	327
5322	494
5323	766
5324	3577
5325	2555
5326	425
5327	3619
5328	4046
5329	1121
5330	1010
5331	615
5332	2895
5333	336
5334	512
5335	2989
5336	3908
5337	3055
5338	4135
5339	2235
5340	2430
5341	1390
5342	2243
5343	4273
5344	2751
5345	4432
5346	2174
5347	1601
5348	2897
5349	3091
5350	4163
5351	169
5352	2188
5353	1775
5354	3887
5355	3331
5356	3361
5357	2777
5358	4156
5359	1374
5360	1670
5361	4445
5362	4864
5363	3510
5364	2011
5365	2185
5366	3244
5367	4335
5368	4516
5369	4862
5370	1741
5371	4475
5372	4991
5373	1574
5374	251
5375	714
5376	4626
5377	1873
5378	2161
5379	3354
5380	4780
5381	1568
5382	1077
5383	173
5384	622
5385	2046
5386	4861
5387	2098
5388	4085
5389	3562
5390	63
5391	4456
5392	2954
5393	1914
5394	3860
5395	4003
5396	4236
5397	4623
5398	4775
5399	1297
5400	252
5401	4186
5402	601
5403	473
5404	1199
5405	3500
5406	4667
5407	4669
5408	1524
5409	2432
5410	4159
5411	908
5412	1673
5413	4976
5414	4993
5415	4878
5416	3234
5417	2817
5418	4079
5419	3902
5420	3648
5421	4741
5422	4987
5423	4517
5424	189
5425	1547
5426	3816
5427	3481
5428	165
5429	1156
5430	2978
5431	673
5432	2487
5433	4985
5434	1453
5435	1077
5436	1404
5437	4372
5438	1740
5439	861
5440	3018
5441	3742
5442	1162
5443	2935
5444	1725
5445	1795
5446	2748
5447	3326
5448	2297
5449	3937
5450	4037
5451	921
5452	3529
5453	4701
5454	775
5455	4375
5456	286
5457	465
5458	1187
5459	2627
5460	616
5461	756
5462	2736
5463	3189
5464	2474
5465	2203
5466	2197
5467	4491
5468	3399
5469	3727
5470	1485
5471	2255
5472	3516
5473	4985
5474	2251
5475	2829
5476	2143
5477	3253
5478	1648
5479	4367
5480	3241
5481	2991
5482	4326
5483	4320
5484	3954
5485	1897
5486	1746
5487	1681
5488	4796
5489	3770
5490	2473
5491	523
5492	2428
5493	1662
5494	4710
5495	4339
5496	1697
5497	3175
5498	2922
5499	37
5500	1033
5501	4883
5502	2377
5503	302
5504	3993
5505	3830
5506	4528
5507	315
5508	299
5509	3542
5510	4431
5511	1957
5512	26
5513	3897
5514	324
5515	4829
5516	725
5517	536
5518	116
5519	4477
5520	364
5521	263
5522	962
5523	384
5524	2309
5525	844
5526	4136
5527	4213
5528	1432
5529	4285
5530	1934
5531	1426
5532	2276
5533	4500
5534	2228
5535	2329
5536	1285
5537	1614
5538	166
5539	1664
5540	969
5541	1846
5542	1960
5543	555
5544	3452
5545	1582
5546	1890
5547	2967
5548	2962
5549	2106
5550	872
5551	2819
5552	2860
5553	2799
5554	4683
5555	1452
5556	3262
5557	2707
5558	2016
5559	3942
5560	2195
5561	857
5562	4182
5563	4141
5564	2164
5565	1498
5566	3225
5567	4875
5568	3338
5569	2224
5570	4834
5571	3727
5572	706
5573	2736
5574	358
5575	3206
5576	1517
5577	2126
5578	4535
5579	4144
5580	2664
5581	2007
5582	2189
5583	1373
5584	4673
5585	23
5586	3830
5587	4799
5588	3283
5589	4737
5590	160
5591	4925
5592	4608
5593	1915
5594	1333
5595	4215
5596	893
5597	3785
5598	366
5599	1687
5600	3804
5601	2087
5602	1045
5603	2213
5604	4485
5605	1493
5606	3713
5607	3756
5608	2258
5609	4450
5610	3726
5611	1242
5612	2523
5613	1534
5614	4559
5615	3177
5616	3977
5617	3162
5618	132
5619	2326
5620	4005
5621	1911
5622	4528
5623	15
5624	3926
5625	703
5626	4665
5627	1633
5628	3825
5629	4715
5630	1149
5631	2169
5632	2113
5633	1754
5634	3794
5635	1678
5636	940
5637	2760
5638	3889
5639	4935
5640	4634
5641	1259
5642	4149
5643	2214
5644	1604
5645	1129
5646	2180
5647	3740
5648	72
5649	307
5650	2971
5651	2584
5652	3964
5653	2117
5654	889
5655	4598
5656	4824
5657	126
5658	2521
5659	1536
5660	2545
5661	4312
5662	256
5663	496
5664	2583
5665	1701
5666	1027
5667	1062
5668	2382
5669	4506
5670	1221
5671	1792
5672	180
5673	4428
5674	2627
5675	2261
5676	1025
5677	746
5678	399
5679	803
5680	4
5681	4224
5682	386
5683	3992
5684	1099
5685	253
5686	852
5687	306
5688	2142
5689	4588
5690	3885
5691	1599
5692	4747
5693	2912
5694	3176
5695	4455
5696	2536
5697	2504
5698	1295
5699	2650
5700	4071
5701	4860
5702	895
5703	4438
5704	3618
5705	4740
5706	1006
5707	4437
5708	351
5709	808
5710	2274
5711	4125
5712	3230
5713	4995
5714	4156
5715	978
5716	1757
5717	1796
5718	3694
5719	3350
5720	4563
5721	371
5722	4792
5723	1846
5724	2447
5725	365
5726	1460
5727	3667
5728	60
5729	1847
5730	3923
5731	1831
5732	4507
5733	708
5734	2976
5735	3052
5736	3148
5737	1918
5738	4350
5739	1285
5740	1658
5741	2184
5742	2219
5743	4198
5744	1899
5745	661
5746	1434
5747	759
5748	2859
5749	836
5750	2724
5751	3062
5752	4703
5753	1225
5754	979
5755	3778
5756	681
5757	4604
5758	2095
5759	353
5760	1940
5761	2622
5762	2566
5763	2877
5764	2709
5765	1572
5766	1472
5767	4673
5768	3465
5769	4659
5770	4124
5771	2735
5772	1128
5773	652
5774	4586
5775	1222
5776	76
5777	4099
5778	3092
5779	4622
5780	513
5781	4068
5782	3458
5783	2933
5784	1930
5785	4955
5786	1736
5787	2010
5788	146
5789	701
5790	3054
5791	25
5792	4911
5793	1948
5794	2609
5795	1425
5796	1505
5797	2549
5798	42
5799	2157
5800	1203
5801	4736
5802	3670
5803	4135
5804	2754
5805	142
5806	4239
5807	634
5808	2727
5809	944
5810	1216
5811	375
5812	3707
5813	4035
5814	4240
5815	2813
5816	649
5817	2826
5818	2883
5819	3545
5820	1919
5821	397
5822	352
5823	3605
5824	969
5825	2050
5826	2782
5827	1046
5828	4
5829	3425
5830	4816
5831	3988
5832	4312
5833	723
5834	2230
5835	3283
5836	797
5837	273
5838	4207
5839	554
5840	1097
5841	2725
5842	4424
5843	2731
5844	2297
5845	503
5846	1154
5847	4252
5848	3007
5849	94
5850	3660
5851	3811
5852	873
5853	4136
5854	475
5855	4283
5856	1525
5857	990
5858	2040
5859	2335
5860	1581
5861	4507
5862	1180
5863	2674
5864	4291
5865	4725
5866	2987
5867	3106
5868	3295
5869	4199
5870	3976
5871	2110
5872	831
5873	3265
5874	483
5875	1074
5876	1723
5877	3489
5878	564
5879	2567
5880	120
5881	3558
5882	410
5883	2424
5884	13
5885	2949
5886	1840
5887	1750
5888	959
5889	2764
5890	3240
5891	4900
5892	890
5893	2940
5894	781
5895	3744
5896	882
5897	1634
5898	1402
5899	698
5900	4683
5901	3726
5902	3479
5903	1780
5904	2997
5905	1416
5906	2002
5907	502
5908	1400
5909	1692
5910	447
5911	442
5912	1118
5913	970
5914	2942
5915	585
5916	681
5917	4768
5918	1841
5919	4330
5920	3759
5921	2861
5922	2494
5923	604
5924	3290
5925	2498
5926	2543
5927	2654
5928	102
5929	4228
5930	3907
5931	947
5932	2604
5933	1287
5934	4056
5935	158
5936	513
5937	4533
5938	4638
5939	2066
5940	3690
5941	2014
5942	2482
5943	1432
5944	758
5945	4821
5946	1903
5947	3624
5948	1106
5949	2646
5950	1111
5951	631
5952	3775
5953	569
5954	131
5955	3911
5956	4149
5957	412
5958	4361
5959	2423
5960	2624
5961	4992
5962	903
5963	642
5964	3086
5965	1853
5966	690
5967	1253
5968	2462
5969	155
5970	338
5971	1965
5972	2760
5973	843
5974	1891
5975	956
5976	758
5977	3203
5978	1392
5979	2048
5980	2764
5981	3800
5982	1377
5983	4126
5984	1563
5985	1628
5986	4343
5987	4012
5988	4419
5989	4621
5990	3170
5991	1222
5992	484
5993	2654
5994	1854
5995	2177
5996	4632
5997	337
5998	3879
5999	1402
6000	4360
6001	3802
6002	1464
6003	2992
6004	1239
6005	1660
6006	3674
6007	341
6008	4234
6009	2121
6010	3171
6011	4268
6012	4490
6013	1261
6014	3819
6015	1990
6016	1415
6017	4867
6018	2341
6019	4309
6020	3603
6021	2646
6022	4974
6023	3169
6024	3431
6025	3787
6026	2921
6027	1535
6028	4457
6029	3861
6030	1903
6031	2561
6032	3111
6033	4780
6034	4326
6035	2948
6036	3321
6037	2221
6038	2353
6039	3818
6040	401
6041	2201
6042	2471
6043	2204
6044	3244
6045	1558
6046	4513
6047	2021
6048	4835
6049	526
6050	9
6051	3510
6052	199
6053	634
6054	1708
6055	2170
6056	1822
6057	908
6058	4478
6059	2044
6060	3782
6061	2562
6062	2563
6063	4216
6064	333
6065	163
6066	3972
6067	479
6068	2465
6069	1697
6070	1830
6071	2679
6072	459
6073	4441
6074	3595
6075	2465
6076	1365
6077	4111
6078	4231
6079	3204
6080	2750
6081	3794
6082	981
6083	2936
6084	1485
6085	3748
6086	2010
6087	3559
6088	4107
6089	3561
6090	818
6091	1026
6092	1344
6093	398
6094	1280
6095	3833
6096	3319
6097	2425
6098	1119
6099	2585
6100	3216
6101	4601
6102	4080
6103	4466
6104	279
6105	2340
6106	4063
6107	2756
6108	3837
6109	4180
6110	80
6111	4155
6112	1182
6113	2645
6114	4370
6115	673
6116	4450
6117	1184
6118	2040
6119	1629
6120	1302
6121	330
6122	1470
6123	1774
6124	1041
6125	3693
6126	4043
6127	1790
6128	361
6129	4719
6130	4357
6131	2993
6132	2754
6133	3016
6134	3261
6135	2517
6136	2968
6137	219
6138	3766
6139	1948
6140	873
6141	563
6142	2718
6143	3384
6144	3166
6145	625
6146	2092
6147	3955
6148	3236
6149	3063
6150	1268
6151	4270
6152	4150
6153	2786
6154	3242
6155	4456
6156	4873
6157	765
6158	826
6159	4685
6160	3652
6161	2763
6162	4699
6163	2066
6164	3566
6165	4393
6166	3351
6167	2313
6168	3689
6169	2467
6170	409
6171	3978
6172	3803
6173	2275
6174	4556
6175	4650
6176	215
6177	3380
6178	2411
6179	1334
6180	2307
6181	3719
6182	1029
6183	1312
6184	4737
6185	2389
6186	2568
6187	3012
6188	1142
6189	4030
6190	1058
6191	1516
6192	1221
6193	4945
6194	2450
6195	1233
6196	2951
6197	4649
6198	3422
6199	586
6200	2538
6201	2234
6202	3424
6203	3847
6204	4383
6205	2692
6206	1255
6207	477
6208	3052
6209	2840
6210	918
6211	3221
6212	801
6213	3733
6214	1708
6215	1239
6216	4171
6217	2194
6218	2068
6219	4643
6220	595
6221	1742
6222	1784
6223	1280
6224	4682
6225	3906
6226	1559
6227	3659
6228	2152
6229	1431
6230	3874
6231	1163
6232	1927
6233	1806
6234	3674
6235	1188
6236	309
6237	234
6238	877
6239	2480
6240	452
6241	3951
6242	2226
6243	4869
6244	3235
6245	2525
6246	4829
6247	3953
6248	4211
6249	1061
6250	4994
6251	3368
6252	4416
6253	3461
6254	4761
6255	3709
6256	662
6257	1075
6258	3415
6259	3255
6260	1364
6261	3670
6262	2621
6263	2744
6264	1787
6265	3289
6266	216
6267	1840
6268	4745
6269	3225
6270	3121
6271	4846
6272	4727
6273	3001
6274	566
6275	3202
6276	610
6277	3367
6278	2454
6279	3057
6280	2174
6281	84
6282	4591
6283	3029
6284	3932
6285	3835
6286	3611
6287	3434
6288	2318
6289	777
6290	968
6291	676
6292	2701
6293	3894
6294	1318
6295	3793
6296	2154
6297	1937
6298	1172
6299	1237
6300	3010
6301	2228
6302	1601
6303	3398
6304	3008
6305	2908
6306	779
6307	4987
6308	4077
6309	2952
6310	1438
6311	3428
6312	3456
6313	4204
6314	1303
6315	1700
6316	3342
6317	4190
6318	250
6319	2163
6320	37
6321	542
6322	2397
6323	2592
6324	2183
6325	3129
6326	3120
6327	322
6328	3928
6329	444
6330	4180
6331	925
6332	1521
6333	4934
6334	1411
6335	3006
6336	4579
6337	1754
6338	2887
6339	1241
6340	2906
6341	4763
6342	350
6343	4811
6344	1563
6345	4430
6346	560
6347	1865
6348	2482
6349	3588
6350	3493
6351	4581
6352	3505
6353	3340
6354	3276
6355	343
6356	4746
6357	1168
6358	341
6359	1766
6360	4928
6361	2301
6362	1512
6363	2471
6364	3936
6365	1426
6366	3548
6367	1438
6368	4914
6369	2391
6370	3856
6371	1085
6372	3773
6373	2526
6374	135
6375	977
6376	310
6377	3360
6378	2880
6379	2834
6380	479
6381	476
6382	4616
6383	4295
6384	3165
6385	2571
6386	3520
6387	4795
6388	4122
6389	1847
6390	3784
6391	3099
6392	2929
6393	1195
6394	181
6395	2663
6396	314
6397	2063
6398	3041
6399	4697
6400	1924
6401	4880
6402	1534
6403	3594
6404	4687
6405	1028
6406	1170
6407	1811
6408	1906
6409	2681
6410	1608
6411	2602
6412	2856
6413	74
6414	672
6415	2489
6416	2043
6417	622
6418	3311
6419	2807
6420	1811
6421	760
6422	2661
6423	4766
6424	3019
6425	4849
6426	608
6427	405
6428	3159
6429	1340
6430	3051
6431	1202
6432	4406
6433	2152
6434	2189
6435	1318
6436	3258
6437	2596
6438	230
6439	2435
6440	3326
6441	4000
6442	4866
6443	157
6444	4301
6445	35
6446	1907
6447	1986
6448	101
6449	4119
6450	2605
6451	4052
6452	1669
6453	558
6454	2884
6455	2296
6456	107
6457	4981
6458	2537
6459	1450
6460	4652
6461	1262
6462	1126
6463	1905
6464	1181
6465	3710
6466	458
6467	1622
6468	2558
6469	4530
6470	2195
6471	3777
6472	4838
6473	1007
6474	2853
6475	1797
6476	1327
6477	400
6478	3293
6479	2076
6480	4969
6481	2790
6482	3851
6483	3627
6484	680
6485	3192
6486	1319
6487	1976
6488	1123
6489	1298
6490	212
6491	2361
6492	1344
6493	2290
6494	967
6495	678
6496	447
6497	4069
6498	1875
6499	2484
6500	1223
6501	2461
6502	3078
6503	1540
6504	918
6505	4838
6506	1970
6507	3115
6508	2463
6509	2267
6510	4008
6511	4072
6512	3414
6513	473
6514	3735
6515	2384
6516	2497
6517	3844
6518	2880
6519	3012
6520	1411
6521	243
6522	2368
6523	4550
6524	3449
6525	4329
6526	198
6527	3419
6528	2686
6529	4245
6530	2555
6531	3574
6532	1784
6533	1094
6534	1725
6535	4755
6536	3647
6537	1687
6538	1711
6539	23
6540	4130
6541	2717
6542	4402
6543	4014
6544	4706
6545	4447
6546	8
6547	961
6548	2417
6549	3971
6550	1018
6551	576
6552	41
6553	1935
6554	1689
6555	3179
6556	1749
6557	2418
6558	1059
6559	732
6560	2628
6561	240
6562	1394
6563	3621
6564	1628
6565	2894
6566	514
6567	2640
6568	4493
6569	1165
6570	271
6571	940
6572	4140
6573	1578
6574	4494
6575	2990
6576	2549
6577	1529
6578	4325
6579	4807
6580	3322
6581	4806
6582	24
6583	1136
6584	2495
6585	3388
6586	3743
6587	1276
6588	3886
6589	1435
6590	4839
6591	3256
6592	537
6593	3136
6594	4570
6595	4378
6596	4425
6597	4098
6598	409
6599	2844
6600	3924
6601	305
6602	1303
6603	3035
6604	1070
6605	3480
6606	2235
6607	2455
6608	892
6609	4864
6610	2204
6611	4964
6612	2202
6613	2899
6614	1815
6615	1794
6616	4536
6617	2838
6618	4313
6619	205
6620	2371
6621	2357
6622	113
6623	1969
6624	4455
6625	1130
6626	1858
6627	4278
6628	147
6629	3149
6630	4839
6631	3360
6632	461
6633	2916
6634	2896
6635	3441
6636	1276
6637	1066
6638	3228
6639	3981
6640	235
6641	277
6642	2271
6643	3994
6644	749
6645	2094
6646	2446
6647	712
6648	79
6649	4638
6650	585
6651	4103
6652	2389
6653	950
6654	1329
6655	4298
6656	373
6657	3765
6658	1424
6659	4619
6660	1582
6661	4618
6662	994
6663	2552
6664	1525
6665	2767
6666	1380
6667	2926
6668	915
6669	2383
6670	573
6671	885
6672	3338
6673	1769
6674	2060
6675	1768
6676	1862
6677	2868
6678	2123
6679	4436
6680	2768
6681	4796
6682	3023
6683	617
6684	1814
6685	4233
6686	3378
6687	2932
6688	280
6689	1176
6690	3183
6691	4961
6692	1006
6693	2005
6694	4611
6695	83
6696	2753
6697	4524
6698	2472
6699	1183
6700	3700
6701	4564
6702	1390
6703	2107
6704	4029
6705	4273
6706	3607
6707	588
6708	3084
6709	4350
6710	4823
6711	2834
6712	2363
6713	3381
6714	3256
6715	4396
6716	4910
6717	1264
6718	1236
6719	1944
6720	2913
6721	2554
6722	4558
6723	4484
6724	3023
6725	4740
6726	2408
6727	4934
6728	4717
6729	2384
6730	3330
6731	3379
6732	3568
6733	937
6734	1433
6735	2814
6736	2354
6737	3165
6738	2539
6739	4012
6740	3780
6741	4027
6742	2896
6743	4631
6744	718
6745	4788
6746	387
6747	112
6748	952
6749	517
6750	3768
6751	4779
6752	1770
6753	4680
6754	4280
6755	1995
6756	1755
6757	4028
6758	316
6759	4950
6760	687
6761	1394
6762	687
6763	867
6764	2885
6765	1233
6766	2466
6767	639
6768	2026
6769	2477
6770	925
6771	1782
6772	2048
6773	1444
6774	3937
6775	881
6776	1938
6777	3224
6778	4036
6779	1804
6780	4072
6781	1290
6782	4071
6783	2948
6784	602
6785	2305
6786	271
6787	4488
6788	580
6789	92
6790	1638
6791	3483
6792	4988
6793	2274
6794	2585
6795	3485
6796	3673
6797	1
6798	1981
6799	1809
6800	2018
6801	4718
6802	4203
6803	2638
6804	2572
6805	4167
6806	1523
6807	2455
6808	3646
6809	4356
6810	3751
6811	522
6812	740
6813	458
6814	1020
6815	251
6816	3198
6817	729
6818	540
6819	4145
6820	4272
6821	1880
6822	3011
6823	1902
6824	3203
6825	4583
6826	467
6827	527
6828	3983
6829	3040
6830	3499
6831	1713
6832	2781
6833	945
6834	1490
6835	3817
6836	3416
6837	4320
6838	4976
6839	1839
6840	3177
6841	3219
6842	2178
6843	1140
6844	4228
6845	10
6846	2358
6847	1836
6848	1263
6849	2144
6850	3083
6851	4816
6852	4271
6853	1393
6854	4142
6855	4506
6856	3498
6857	4187
6858	4714
6859	4342
6860	2029
6861	651
6862	2950
6863	3101
6864	2188
6865	3461
6866	1522
6867	1249
6868	1883
6869	1637
6870	3725
6871	1032
6872	326
6873	1048
6874	1248
6875	14
6876	4253
6877	4919
6878	621
6879	4960
6880	2006
6881	4039
6882	47
6883	329
6884	2186
6885	800
6886	768
6887	4201
6888	278
6889	1371
6890	3766
6891	4766
6892	483
6893	4209
6894	1659
6895	2131
6896	4644
6897	407
6898	4539
6899	2516
6900	1684
6901	4677
6902	1620
6903	1070
6904	2046
6905	564
6906	4032
6907	4860
6908	4057
6909	3099
6910	4018
6911	1224
6912	4283
6913	1923
6914	3567
6915	851
6916	4966
6917	2352
6918	3055
6919	4443
6920	4349
6921	627
6922	2666
6923	4692
6924	2745
6925	1521
6926	2045
6927	808
6928	805
6929	3987
6930	3799
6931	3786
6932	4148
6933	3665
6934	1888
6935	4703
6936	2710
6937	3959
6938	575
6939	4439
6940	3541
6941	3411
6942	269
6943	1938
6944	2099
6945	2460
6946	1038
6947	1499
6948	2289
6949	1393
6950	156
6951	1639
6952	1893
6953	2368
6954	1658
6955	332
6956	2610
6957	4789
6958	393
6959	2583
6960	530
6961	1170
6962	3857
6963	3836
6964	464
6965	3041
6966	2607
6967	2514
6968	220
6969	2245
6970	4078
6971	2128
6972	2752
6973	874
6974	4089
6975	2955
6976	3610
6977	3894
6978	4855
6979	4323
6980	3103
6981	2306
6982	989
6983	4969
6984	3420
6985	552
6986	1183
6987	2922
6988	367
6989	2378
6990	4953
6991	2013
6992	980
6993	225
6994	2171
6995	2277
6996	4823
6997	152
6998	1604
6999	3260
7000	474
7001	3122
7002	4120
7003	325
7004	4063
7005	2814
7006	1435
7007	4044
7008	2132
7009	4412
7010	3907
7011	4336
7012	4811
7013	793
7014	4010
7015	4940
7016	3574
7017	4181
7018	3722
7019	1517
7020	215
7021	1278
7022	3103
7023	2084
7024	1080
7025	1738
7026	4853
7027	3572
7028	1668
7029	3708
7030	847
7031	1023
7032	471
7033	1033
7034	1311
7035	3106
7036	1538
7037	109
7038	3765
7039	4613
7040	3035
7041	2598
7042	761
7043	3737
7044	4377
7045	745
7046	2787
7047	1117
7048	217
7049	3649
7050	485
7051	2201
7052	3947
7053	979
7054	4543
7055	3749
7056	1975
7057	2957
7058	850
7059	177
7060	3300
7061	4893
7062	2418
7063	1347
7064	1230
7065	663
7066	743
7067	2946
7068	2867
7069	186
7070	2408
7071	656
7072	2410
7073	1683
7074	907
7075	1614
7076	3478
7077	253
7078	4700
7079	3839
7080	128
7081	4067
7082	1969
7083	4497
7084	1791
7085	2348
7086	233
7087	4042
7088	2525
7089	2963
7090	2915
7091	4725
7092	4545
7093	2369
7094	1875
7095	853
7096	1340
7097	4681
7098	3441
7099	4362
7100	3270
7101	1131
7102	4640
7103	511
7104	4753
7105	4635
7106	3909
7107	2295
7108	2506
7109	1071
7110	3455
7111	1412
7112	2137
7113	617
7114	856
7115	2254
7116	798
7117	4055
7118	608
7119	4923
7120	3446
7121	722
7122	3192
7123	1200
7124	690
7125	2448
7126	3458
7127	4781
7128	1487
7129	2773
7130	2326
7131	3354
7132	18
7133	2998
7134	4325
7135	3146
7136	1564
7137	2480
7138	4476
7139	3590
7140	4909
7141	1935
7142	3547
7143	1638
7144	3279
7145	973
7146	2691
7147	3400
7148	795
7149	2234
7150	386
7151	1796
7152	747
7153	3847
7154	426
7155	923
7156	2410
7157	2088
7158	2884
7159	3535
7160	2594
7161	2087
7162	2671
7163	4854
7164	4479
7165	2864
7166	1324
7167	1279
7168	97
7169	1152
7170	935
7171	889
7172	3876
7173	4684
7174	2531
7175	4566
7176	3652
7177	1050
7178	2316
7179	1086
7180	4144
7181	1906
7182	3688
7183	4253
7184	469
7185	3342
7186	4818
7187	2446
7188	569
7189	1641
7190	289
7191	1332
7192	360
7193	3040
7194	1323
7195	4237
7196	3647
7197	3979
7198	4783
7199	3699
7200	2900
7201	4895
7202	4549
7203	1577
7204	4644
7205	2252
7206	1196
7207	3466
7208	492
7209	229
7210	4793
7211	4567
7212	1392
7213	1856
7214	1459
7215	3043
7216	466
7217	1391
7218	1751
7219	4962
7220	33
7221	937
7222	2015
7223	2170
7224	1716
7225	2249
7226	3653
7227	187
7228	1429
7229	765
7230	1877
7231	2510
7232	421
7233	3450
7234	3563
7235	1877
7236	2399
7237	4250
7238	4368
7239	2934
7240	897
7241	4882
7242	3506
7243	1021
7244	2369
7245	2287
7246	4495
7247	4891
7248	4778
7249	2533
7250	266
7251	1765
7252	3996
7253	1780
7254	380
7255	4772
7256	999
7257	384
7258	4385
7259	86
7260	1348
7261	4211
7262	2253
7263	2396
7264	2636
7265	353
7266	723
7267	3241
7268	3002
7269	1208
7270	2440
7271	2119
7272	1190
7273	3202
7274	88
7275	1825
7276	3100
7277	2365
7278	4874
7279	3908
7280	2750
7281	296
7282	2693
7283	3691
7284	4577
7285	4888
7286	2052
7287	4119
7288	115
7289	321
7290	4993
7291	3866
7292	2926
7293	1974
7294	4344
7295	1637
7296	481
7297	1636
7298	1187
7299	3075
7300	3783
7301	1883
7302	4157
7303	2227
7304	2910
7305	272
7306	4101
7307	1116
7308	4588
7309	2403
7310	3645
7311	4468
7312	2550
7313	2712
7314	1833
7315	1760
7316	1668
7317	4893
7318	3965
7319	3442
7320	3019
7321	3115
7322	4342
7323	3579
7324	4980
7325	194
7326	991
7327	4495
7328	3842
7329	3710
7330	1286
7331	657
7332	623
7333	203
7334	352
7335	785
7336	4155
7337	730
7338	1509
7339	2208
7340	2925
7341	338
7342	2959
7343	3436
7344	4198
7345	1159
7346	398
7347	3840
7348	846
7349	4344
7350	2082
7351	3555
7352	1642
7353	733
7354	3013
7355	3575
7356	1782
7357	941
7358	4351
7359	1908
7360	966
7361	496
7362	2134
7363	2236
7364	3464
7365	3782
7366	3152
7367	3892
7368	1058
7369	34
7370	3569
7371	3215
7372	1850
7373	1755
7374	4711
7375	465
7376	2379
7377	916
7378	4714
7379	3403
7380	2561
7381	2897
7382	3279
7383	289
7384	325
7385	1694
7386	17
7387	2994
7388	3555
7389	4137
7390	1124
7391	2025
7392	2075
7393	1391
7394	1063
7395	3095
7396	3125
7397	2196
7398	1985
7399	3462
7400	2557
7401	2944
7402	3805
7403	49
7404	3413
7405	4386
7406	1234
7407	241
7408	3876
7409	3942
7410	665
7411	1519
7412	2718
7413	3631
7414	485
7415	621
7416	2608
7417	2224
7418	1265
7419	4792
7420	91
7421	2874
7422	1090
7423	1532
7424	1294
7425	2905
7426	53
7427	4346
7428	2977
7429	354
7430	3570
7431	762
7432	1621
7433	902
7434	1876
7435	2448
7436	3866
7437	2868
7438	2733
7439	1589
7440	4663
7441	2191
7442	1087
7443	1673
7444	3296
7445	2976
7446	1410
7447	517
7448	899
7449	1819
7450	2049
7451	4876
7452	1220
7453	4002
7454	4088
7455	851
7456	2850
7457	4089
7458	3662
7459	3839
7460	3092
7461	631
7462	4850
7463	2116
7464	4178
7465	4240
7466	2270
7467	3085
7468	819
7469	570
7470	3080
7471	4640
7472	2166
7473	3220
7474	2094
7475	3506
7476	4695
7477	2327
7478	3599
7479	1032
7480	4462
7481	2128
7482	3690
7483	2841
7484	4099
7485	1703
7486	4547
7487	1584
7488	3649
7489	2117
7490	1856
7491	1797
7492	2864
7493	976
7494	2562
7495	1436
7496	248
7497	176
7498	4498
7499	3135
7500	2979
7501	408
7502	4727
7503	3105
7504	3078
7505	1461
7506	4584
7507	199
7508	1132
7509	3681
7510	4129
7511	1700
7512	4806
7513	612
7514	892
7515	388
7516	4352
7517	1645
7518	4650
7519	1342
7520	2856
7521	1299
7522	2436
7523	4898
7524	3440
7525	736
7526	3561
7527	4125
7528	2034
7529	3146
7530	4299
7531	4300
7532	3639
7533	1108
7534	4886
7535	2149
7536	584
7537	3376
7538	3236
7539	1356
7540	924
7541	351
7542	880
7543	2360
7544	4630
7545	1139
7546	534
7547	1151
7548	4763
7549	3005
7550	3251
7551	4929
7552	1979
7553	3325
7554	38
7555	830
7556	2311
7557	4793
7558	2213
7559	321
7560	4182
7561	1137
7562	4547
7563	3455
7564	548
7565	4924
7566	4426
7567	646
7568	2271
7569	3852
7570	3745
7571	4077
7572	3328
7573	1296
7574	3280
7575	158
7576	4303
7577	1623
7578	2819
7579	1994
7580	3448
7581	3447
7582	4759
7583	1125
7584	2394
7585	801
7586	2543
7587	4769
7588	3097
7589	4767
7590	1279
7591	340
7592	207
7593	2536
7594	4128
7595	2934
7596	2832
7597	4287
7598	826
7599	518
7600	4046
7601	3544
7602	3916
7603	989
7604	1345
7605	4510
7606	3779
7607	2485
7608	3896
7609	2127
7610	4141
7611	2353
7612	1836
7613	2574
7614	650
7615	566
7616	247
7617	178
7618	1881
7619	1946
7620	966
7621	794
7622	4415
7623	825
7624	3516
7625	2570
7626	4363
7627	4384
7628	529
7629	2135
7630	4951
7631	2203
7632	1238
7633	2311
7634	252
7635	2306
7636	2199
7637	4786
7638	270
7639	3072
7640	1059
7641	3622
7642	1542
7643	3944
7644	636
7645	1691
7646	4143
7647	4206
7648	4779
7649	4369
7650	3311
7651	1944
7652	2949
7653	768
7654	4348
7655	4470
7656	3687
7657	3557
7658	4154
7659	29
7660	2628
7661	4653
7662	4333
7663	254
7664	2027
7665	2541
7666	3900
7667	1632
7668	2219
7669	2937
7670	1657
7671	1703
7672	97
7673	4524
7674	2018
7675	3661
7676	729
7677	2146
7678	4568
7679	4772
7680	2573
7681	520
7682	3157
7683	4050
7684	173
7685	4608
7686	4322
7687	949
7688	3691
7689	441
7690	1379
7691	4948
7692	1980
7693	4288
7694	2959
7695	1731
7696	219
7697	4453
7698	4954
7699	4139
7700	521
7701	287
7702	140
7703	1087
7704	1986
7705	3156
7706	3733
7707	3960
7708	4363
7709	1978
7710	2682
7711	3667
7712	2712
7713	2938
7714	759
7715	2609
7716	3623
7717	437
7718	2795
7719	1467
7720	3003
7721	4521
7722	240
7723	3960
7724	4354
7725	2363
7726	3440
7727	2535
7728	301
7729	2533
7730	2870
7731	3919
7732	3836
7733	3784
7734	4322
7735	2348
7736	2129
7737	2392
7738	662
7739	863
7740	2950
7741	4786
7742	4754
7743	2186
7744	3045
7745	4336
7746	3215
7747	2500
7748	3219
7749	2194
7750	4307
7751	1896
7752	3096
7753	3813
7754	2659
7755	1764
7756	1350
7757	4460
7758	466
7759	1262
7760	1336
7761	3789
7762	162
7763	533
7764	3994
7765	4445
7766	400
7767	1866
7768	3878
7769	373
7770	1500
7771	3151
7772	771
7773	567
7774	748
7775	1715
7776	5000
7777	4385
7778	3369
7779	4042
7780	507
7781	1868
7782	2713
7783	1302
7784	272
7785	214
7786	204
7787	829
7788	505
7789	4744
7790	153
7791	2288
7792	3553
7793	4868
7794	4769
7795	3247
7796	2809
7797	3093
7798	4670
7799	3185
7800	295
7801	182
7802	1284
7803	3653
7804	3074
7805	3728
7806	4995
7807	2158
7808	4413
7809	842
7810	2261
7811	2111
7812	1972
7813	995
7814	4960
7815	4164
7816	3323
7817	594
7818	1164
7819	4354
7820	2737
7821	3520
7822	1173
7823	1256
7824	162
7825	2112
7826	1308
7827	3895
7828	1597
7829	661
7830	2381
7831	3111
7832	2466
7833	2322
7834	2837
7835	2544
7836	829
7837	988
7838	4527
7839	3601
7840	4738
7841	1342
7842	4826
7843	2728
7844	2230
7845	638
7846	2293
7847	721
7848	3672
7849	4847
7850	4963
7851	2733
7852	1979
7853	3082
7854	2176
7855	3828
7856	307
7857	4610
7858	2566
7859	3167
7860	3171
7861	4101
7862	3668
7863	1334
7864	295
7865	3582
7866	78
7867	3884
7868	2336
7869	1567
7870	4293
7871	3604
7872	4761
7873	766
7874	3407
7875	143
7876	670
7877	3260
7878	761
7879	1176
7880	1565
7881	4295
7882	2759
7883	4194
7884	2815
7885	2920
7886	2927
7887	450
7888	2867
7889	577
7890	1188
7891	1915
7892	1762
7893	1769
7894	2630
7895	663
7896	32
7897	1842
7898	4267
7899	3395
7900	260
7901	2051
7902	2091
7903	548
7904	3417
7905	368
7906	2423
7907	44
7908	686
7909	4629
7910	2505
7911	522
7912	207
7913	156
7914	1388
7915	4226
7916	1838
7917	1803
7918	531
7919	1323
7920	1094
7921	1479
7922	2077
7923	2075
7924	879
7925	3488
7926	4738
7927	328
7928	2302
7929	1417
7930	3449
7931	1594
7932	379
7933	3480
7934	1825
7935	667
7936	962
7937	4918
7938	141
7939	4804
7940	4788
7941	1874
7942	3883
7943	193
7944	2490
7945	642
7946	3469
7947	2778
7948	2344
7949	1049
7950	2547
7951	109
7952	1357
7953	2809
7954	4430
7955	4490
7956	93
7957	1052
7958	1884
7959	577
7960	2745
7961	2767
7962	1621
7963	2030
7964	4808
7965	2693
7966	2513
7967	3904
7968	2357
7969	1516
7970	4066
7971	1215
7972	4033
7973	736
7974	4906
7975	4374
7976	2287
7977	822
7978	2301
7979	3363
7980	3119
7981	305
7982	1141
7983	4268
7984	3220
7985	2167
7986	3273
7987	2181
7988	4297
7989	1016
7990	2300
7991	1073
7992	3426
7993	424
7994	367
7995	4988
7996	2441
7997	3843
7998	3076
7999	378
8000	1477
8001	184
8002	2270
8003	3719
8004	1372
8005	1954
8006	3898
8007	2431
8008	593
8009	3277
8010	1770
8011	1378
8012	2340
8013	1531
8014	4866
8015	3310
8016	1328
8017	1379
8018	1863
8019	1765
8020	883
8021	3659
8022	3074
8023	3059
8024	4333
8025	4771
8026	1699
8027	4878
8028	3351
8029	313
8030	4223
8031	3322
8032	4680
8033	3788
8034	4822
8035	1281
8036	1007
8037	4398
8038	1671
8039	235
8040	414
8041	1073
8042	2415
8043	492
8044	2000
8045	2575
8046	311
8047	4940
8048	1454
8049	2490
8050	4279
8051	4961
8052	2746
8053	4341
8054	4977
8055	4818
8056	3160
8057	932
8058	379
8059	1335
8060	1759
8061	191
8062	3885
8063	4256
8064	2927
8065	4748
8066	2843
8067	3748
8068	4151
8069	366
8070	3548
8071	2731
8072	2931
8073	1646
8074	2309
8075	342
8076	3085
8077	3559
8078	3271
8079	1341
8080	3124
8081	2124
8082	834
8083	3248
8084	2197
8085	2519
8086	1068
8087	4092
8088	1467
8089	213
8090	2870
8091	3971
8092	1337
8093	1227
8094	1598
8095	456
8096	3113
8097	2036
8098	1959
8099	2535
8100	4165
8101	2342
8102	2050
8103	3166
8104	195
8105	486
8106	238
8107	1429
8108	3951
8109	2794
8110	1640
8111	3547
8112	4639
8113	909
8114	3954
8115	486
8116	2101
8117	776
8118	445
8119	2352
8120	2581
8121	3860
8122	2430
8123	3539
8124	125
8125	4676
8126	897
8127	4471
8128	4621
8129	597
8130	159
8131	1341
8132	1868
8133	322
8134	32
8135	1624
8136	3857
8137	4782
8138	1427
8139	1806
8140	2100
8141	704
8142	783
8143	4148
8144	3273
8145	3527
8146	2279
8147	3435
8148	2743
8149	1206
8150	1720
8151	817
8152	4696
8153	3316
8154	291
8155	3083
8156	4691
8157	1928
8158	1714
8159	2335
8160	4695
8161	3916
8162	1987
8163	4007
8164	2444
8165	4904
8166	1884
8167	4615
8168	225
8169	4669
8170	1749
8171	4045
8172	2971
8173	2200
8174	3239
8175	1659
8176	506
8177	2154
8178	4746
8179	1810
8180	4146
8181	1455
8182	1598
8183	3349
8184	444
8185	231
8186	4250
8187	3097
8188	2403
8189	4936
8190	419
8191	698
8192	4627
8193	3030
8194	798
8195	1488
8196	4842
8197	208
8198	3622
8199	820
8200	1773
8201	3227
8202	2677
8203	2744
8204	4415
8205	2519
8206	4399
8207	3255
8208	2617
8209	1162
8210	1243
8211	4549
8212	2092
8213	4641
8214	1760
8215	3447
8216	747
8217	2425
8218	861
8219	4942
8220	3413
8221	4932
8222	1727
8223	4627
8224	4604
8225	20
8226	2994
8227	2514
8228	710
8229	1973
8230	2420
8231	2163
8232	3636
8233	3144
8234	4111
8235	1904
8236	4912
8237	2264
8238	3188
8239	2635
8240	3336
8241	3231
8242	936
8243	1934
8244	1125
8245	656
8246	110
8247	927
8248	3773
8249	4731
8250	2493
8251	3491
8252	1076
8253	4372
8254	3623
8255	3158
8256	1928
8257	4329
8258	3181
8259	2359
8260	1364
8261	3180
8262	1348
8263	689
8264	4982
8265	978
8266	4052
8267	3199
8268	1462
8269	2116
8270	2062
8271	1992
8272	1590
8273	4748
8274	911
8275	3370
8276	2372
8277	1893
8278	1766
8279	2397
8280	3437
8281	2099
8282	4297
8283	3808
8284	1294
8285	532
8286	2741
8287	262
8288	355
8289	4221
8290	2088
8291	1926
8292	1009
8293	1963
8294	3834
8295	567
8296	2567
8297	4574
8298	4647
8299	2457
8300	2530
8301	430
8302	3105
8303	202
8304	66
8305	2544
8306	147
8307	3749
8308	3107
8309	1130
8310	4126
8311	1843
8312	4832
8313	2686
8314	2073
8315	4406
8316	2799
8317	4805
8318	4258
8319	3998
8320	3271
8321	1887
8322	4209
8323	3567
8324	3157
8325	4285
8326	4849
8327	2534
8328	3914
8329	4505
8330	905
8331	636
8332	563
8333	2591
8334	3503
8335	2893
8336	3508
8337	4902
8338	544
8339	993
8340	1473
8341	1495
8342	1803
8343	2931
8344	4856
8345	4953
8346	229
8347	627
8348	245
8349	3214
8350	3484
8351	3268
8352	4694
8353	1746
8354	34
8355	1171
8356	3252
8357	4179
8358	1675
8359	3565
8360	328
8361	2668
8362	4912
8363	924
8364	3943
8365	3316
8366	1414
8367	1742
8368	2100
8369	4194
8370	3620
8371	3914
8372	3368
8373	1919
8374	528
8375	712
8376	4233
8377	4728
8378	3343
8379	3437
8380	2966
8381	3198
8382	143
8383	2486
8384	1731
8385	2653
8386	3373
8387	3361
8388	2709
8389	1141
8390	2924
8391	3500
8392	102
8393	2553
8394	4025
8395	1808
8396	3194
8397	2820
8398	2877
8399	4190
8400	1256
8401	3715
8402	4991
8403	4503
8404	2545
8405	1321
8406	60
8407	3072
8408	1837
8409	3619
8410	4321
8411	2359
8412	2508
8413	3689
8414	4090
8415	954
8416	3427
8417	3076
8418	2276
8419	3473
8420	3997
8421	1998
8422	4686
8423	4138
8424	3941
8425	345
8426	258
8427	1289
8428	69
8429	4338
8430	3967
8431	336
8432	1533
8433	3251
8434	4425
8435	2893
8436	770
8437	1851
8438	3662
8439	4590
8440	3810
8441	2327
8442	1610
8443	71
8444	4749
8445	2518
8446	3611
8447	2547
8448	1538
8449	4624
8450	2912
8451	985
8452	772
8453	3124
8454	872
8455	4330
8456	31
8457	605
8458	4196
8459	964
8460	4323
8461	3496
8462	3742
8463	4079
8464	2729
8465	1550
8466	862
8467	437
8468	2208
8469	3457
8470	3490
8471	2082
8472	3067
8473	3687
8474	484
8475	4352
8476	2176
8477	678
8478	4620
8479	1671
8480	1365
8481	5000
8482	571
8483	3752
8484	160
8485	1522
8486	241
8487	3340
8488	59
8489	2212
8490	4975
8491	2017
8492	3851
8493	1343
8494	2999
8495	2118
8496	2683
8497	4464
8498	3734
8499	4053
8500	3199
8501	4687
8502	705
8503	1689
8504	3596
8505	2039
8506	221
8507	226
8508	1051
8509	3028
8510	2611
8511	700
8512	4300
8513	3094
8514	2652
8515	3650
8516	2267
8517	294
8518	2586
8519	703
8520	1610
8521	1548
8522	2702
8523	324
8524	4075
8525	2372
8526	3068
8527	3601
8528	4711
8529	3539
8530	4843
8531	929
8532	1529
8533	282
8534	696
8535	4303
8536	4631
8537	4367
8538	1388
8539	1409
8540	3459
8541	4666
8542	2468
8543	742
8544	3750
8545	1047
8546	4210
8547	4681
8548	3181
8549	2475
8550	1641
8551	1899
8552	3875
8553	4628
8554	3129
8555	1261
8556	1577
8557	157
8558	1337
8559	3979
8560	856
8561	1848
8562	1362
8563	3439
8564	2706
8565	4580
8566	1346
8567	1295
8568	1270
8569	3490
8570	4716
8571	297
8572	2611
8573	198
8574	1466
8575	3968
8576	2413
8577	4601
8578	4561
8579	2503
8580	1372
8581	1024
8582	2551
8583	4525
8584	3022
8585	297
8586	4896
8587	4092
8588	4555
8589	1733
8590	112
8591	3724
8592	176
8593	1455
8594	4519
8595	2707
8596	1662
8597	51
8598	504
8599	1414
8600	1459
8601	259
8602	3380
8603	4525
8604	2134
8605	4889
8606	3625
8607	1829
8608	4251
8609	3439
8610	4153
8611	2191
8612	2062
8613	1123
8614	359
8615	4062
8616	3320
8617	2722
8618	2380
8619	1008
8620	226
8621	3240
8622	1635
8623	4318
8624	2420
8625	1609
8626	670
8627	4258
8628	188
8629	3150
8630	149
8631	1975
8632	2341
8633	4442
8634	1016
8635	3546
8636	2878
8637	3138
8638	202
8639	3383
8640	3962
8641	94
8642	769
8643	2508
8644	2617
8645	1462
8646	276
8647	1082
8648	4055
8649	1531
8650	4498
8651	1439
8652	1712
8653	2279
8654	3816
8655	3789
8656	1657
8657	3309
8658	3671
8659	745
8660	119
8661	4998
8662	4610
8663	1317
8664	471
8665	4030
8666	1335
8667	174
8668	2206
8669	4364
8670	2091
8671	4817
8672	3059
8673	619
8674	1504
8675	3864
8676	3646
8677	3011
8678	4373
8679	3264
8680	2729
8681	1735
8682	2553
8683	984
8684	1767
8685	1055
8686	4758
8687	3134
8688	4972
8689	883
8690	4845
8691	3576
8692	2643
8693	2507
8694	3764
8695	3238
8696	4387
8697	24
8698	3883
8699	3810
8700	616
8701	2993
8702	388
8703	4688
8704	1956
8705	93
8706	4153
8707	1091
8708	4518
8709	3990
8710	4637
8711	2996
8712	1424
8713	1642
8714	3263
8715	348
8716	3552
8717	4371
8718	1719
8719	1209
8720	1682
8721	3374
8722	1876
8723	4734
8724	1083
8725	315
8726	4758
8727	2845
8728	1447
8729	3549
8730	3486
8731	1278
8732	3629
8733	3741
8734	79
8735	4898
8736	2941
8737	2572
8738	1317
8739	4069
8740	1484
8741	1211
8742	3673
8743	2379
8744	986
8745	1418
8746	58
8747	2155
8748	3779
8749	4106
8750	1479
8751	2256
8752	1449
8753	3769
8754	3407
8755	1399
8756	1212
8757	4395
8758	1994
8759	4124
8760	3723
8761	402
8762	3967
8763	4431
8764	327
8765	502
8766	4903
8767	4975
8768	1712
8769	504
8770	3257
8771	3827
8772	332
8773	61
8774	287
8775	171
8776	2044
8777	772
8778	4781
8779	4006
8780	4962
8781	1217
8782	1995
8783	705
8784	3863
8785	1277
8786	903
8787	2653
8788	1260
8789	3435
8790	833
8791	3617
8792	1733
8793	193
8794	413
8795	4580
8796	3432
8797	1651
8798	4564
8799	901
8800	4081
8801	3900
8802	3869
8803	1047
8804	3418
8805	3576
8806	2005
8807	3770
8808	1635
8809	4023
8810	25
8811	773
8812	881
8813	1984
8814	4899
8815	85
8816	4068
8817	2415
8818	3711
8819	2119
8820	1103
8821	2172
8822	4310
8823	946
8824	3164
8825	4639
8826	376
8827	4065
8828	1346
8829	3533
8830	2382
8831	31
8832	720
8833	410
8834	3616
8835	1739
8836	1965
8837	389
8838	1535
8839	3518
8840	1925
8841	3633
8842	893
8843	657
8844	2329
8845	2355
8846	1270
8847	3781
8848	660
8849	2722
8850	4066
8851	242
8852	1930
8853	4914
8854	4220
8855	3335
8856	1777
8857	1640
8858	376
8859	4373
8860	1309
8861	4504
8862	3022
8863	4210
8864	4131
8865	3741
8866	164
8867	3986
8868	45
8869	3901
8870	2594
8871	3469
8872	4341
8873	4076
8874	2243
8875	4081
8876	1403
8877	4536
8878	2866
8879	4840
8880	3210
8881	4087
8882	3961
8883	3217
8884	995
8885	2402
8886	871
8887	1834
8888	953
8889	1818
8890	3533
8891	224
8892	4035
8893	1144
8894	3712
8895	2530
8896	1175
8897	3869
8898	3456
8899	334
8900	3494
8901	4176
8902	1704
8903	195
8904	3268
8905	3112
8906	4022
8907	1167
8908	2974
8909	2367
8910	1108
8911	4286
8912	4990
8913	514
8914	65
8915	1137
8916	3579
8917	2380
8918	3661
8919	1242
8920	3167
8921	1791
8922	2360
8923	4690
8924	4423
8925	413
8926	2400
8927	3406
8928	4840
8929	2974
8930	455
8931	958
8932	2919
8933	3781
8934	3632
8935	2387
8936	2036
8937	2625
8938	2853
8939	3590
8940	3509
8941	2680
8942	1984
8943	4483
8944	3888
8945	3488
8946	742
8947	117
8948	629
8949	3509
8950	3370
8951	2847
8952	882
8953	2587
8954	3896
8955	1739
8956	4102
8957	3188
8958	303
8959	2889
8960	2999
8961	4448
8962	1131
8963	3769
8964	2996
8965	2603
8966	3608
8967	984
8968	4982
8969	221
8970	2089
8971	1937
8972	1044
8973	1436
8974	3277
8975	4315
8976	2872
8977	1956
8978	637
8979	3585
8980	3537
8981	1559
8982	2936
8983	990
8984	91
8985	4693
8986	52
8987	3842
8988	4143
8989	4202
8990	4828
8991	3739
8992	3497
8993	545
8994	4038
8995	1254
8996	774
8997	3739
8998	96
8999	2850
9000	4040
9001	3541
9002	4175
9003	4145
9004	3056
9005	833
9006	1212
9007	2355
9008	841
9009	455
9010	1508
9011	1371
9012	2431
9013	2857
9014	1867
9015	2697
9016	2313
9017	1065
9018	4979
9019	720
9020	1300
9021	3486
9022	3204
9023	4770
9024	1208
9025	1912
9026	4983
9027	392
9028	382
9029	3032
9030	3153
9031	2147
9032	4480
9033	4237
9034	1142
9035	2595
9036	4877
9037	39
9038	3893
9039	1575
9040	1266
9041	557
9042	1325
9043	1328
9044	778
9045	527
9046	3508
9047	1996
9048	3211
9049	4562
9050	1296
9051	525
9052	3786
9053	2148
9054	3868
9055	1159
9056	2515
9057	3503
9058	4213
9059	1395
9060	4709
9061	619
9062	216
9063	4497
9064	3190
9065	3384
9066	87
9067	4257
9068	3682
9069	179
9070	1672
9071	3711
9072	629
9073	4462
9074	4733
9075	2821
9076	3494
9077	1369
9078	2739
9079	3918
9080	1420
9081	1471
9082	1397
9083	4690
9084	4615
9085	1091
9086	296
9087	812
9088	1998
9089	4204
9090	3009
9091	2293
9092	395
9093	1602
9094	2696
9095	2196
9096	403
9097	1566
9098	4820
9099	2135
9100	4865
9101	946
9102	3294
9103	1547
9104	2862
9105	4774
9106	2221
9107	1023
9108	4999
9109	4612
9110	1468
9111	355
9112	1823
9113	121
9114	4011
9115	1540
9116	790
9117	462
9118	4672
9119	1571
9120	2067
9121	1471
9122	4398
9123	4175
9124	1361
9125	1336
9126	1473
9127	1468
9128	4795
9129	4474
9130	1448
9131	3468
9132	280
9133	3224
9134	4850
9135	4483
9136	3968
9137	1750
9138	4648
9139	2848
9140	3609
9141	3549
9142	2413
9143	2398
9144	4332
9145	572
9146	4048
9147	1597
9148	3983
9149	4226
9150	1676
9151	3017
9152	1466
9153	1380
9154	1211
9155	4065
9156	3984
9157	2442
9158	1505
9159	119
9160	3557
9161	669
9162	3819
9163	460
9164	208
9165	2300
9166	4311
9167	2512
9168	1699
9169	2085
9170	4242
9171	402
9172	870
9173	743
9174	1409
9175	2965
9176	3589
9177	2400
9178	1382
9179	667
9180	380
9181	1748
9182	2900
9183	4712
9184	2351
9185	1009
9186	4899
9187	2644
9188	737
9189	3963
9190	3432
9191	4411
9192	3123
9193	4736
9194	3140
9195	783
9196	4395
9197	935
9198	3822
9199	2033
9200	404
9201	1596
9202	214
9203	3018
9204	3054
9205	2614
9206	1448
9207	1624
9208	3101
9209	4036
9210	2972
9211	4038
9212	639
9213	3163
9214	4118
9215	4963
9216	2631
9217	1988
9218	2908
9219	515
9220	4276
9221	1014
9222	1648
9223	345
9224	4346
9225	1645
9226	3848
9227	2137
9228	1801
9229	1440
9230	4565
9231	3210
9232	293
9233	958
9234	4721
9235	43
9236	912
9237	2367
9238	11
9239	2202
9240	4024
9241	1140
9242	3123
9243	1630
9244	4251
9245	2347
9246	3163
9247	2891
9248	1851
9249	1730
9250	3095
9251	4996
9252	298
9253	3133
9254	2837
9255	728
9256	2504
9257	2404
9258	3043
9259	668
9260	335
9261	268
9262	4936
9263	2139
9264	445
9265	3193
9266	4075
9267	2251
9268	1476
9269	18
9270	3757
9271	4805
9272	4773
9273	2728
9274	3377
9275	4278
9276	428
9277	1783
9278	2815
9279	3822
9280	633
9281	597
9282	1502
9283	4728
9284	4348
9285	4177
9286	1011
9287	4024
9288	4753
9289	530
9290	669
9291	1885
9292	4321
9293	4053
9294	3704
9295	4173
9296	450
9297	1004
9298	2918
9299	4715
9300	1576
9301	2855
9302	1953
9303	3014
9304	1254
9305	773
9306	1615
9307	3752
9308	1905
9309	83
9310	1957
9311	506
9312	4279
9313	48
9314	273
9315	3025
9316	646
9317	1114
9318	2810
9319	347
9320	3359
9321	1649
9322	347
9323	4825
9324	3871
9325	1015
9326	3016
9327	3722
9328	4672
9329	576
9330	4636
9331	2781
9332	3657
9333	570
9334	1377
9335	4244
9336	2816
9337	1753
9338	1476
9339	3745
9340	3070
9341	884
9342	4423
9343	689
9344	949
9345	1088
9346	85
9347	1238
9348	2464
9349	668
9350	726
9351	4979
9352	3849
9353	4624
9354	2966
9355	2798
9356	4437
9357	3289
9358	4404
9359	239
9360	1228
9361	4390
9362	4694
9363	4686
9364	728
9365	382
9366	364
9367	1399
9368	127
9369	2982
9370	1973
9371	1427
9372	1148
9373	3724
9374	3893
9375	4833
9376	4202
9377	304
9378	1272
9379	1440
9380	44
9381	50
9382	3679
9383	1925
9384	304
9385	1571
9386	190
9387	3164
9388	171
9389	2738
9390	3098
9391	2890
9392	4160
9393	3317
9394	3032
9395	3589
9396	4378
9397	4252
9398	3153
9399	2502
9400	4458
9401	884
9402	149
9403	4825
9404	3159
9405	2190
9406	2570
9407	2244
9408	254
9409	3871
9410	515
9411	3140
9412	2442
9413	3264
9414	1232
9415	1885
9416	4754
9417	154
9418	841
9419	3546
9420	2918
9421	1192
9422	1089
9423	1593
9424	1845
9425	1929
9426	568
9427	3093
9428	4457
9429	1428
9430	262
9431	4759
9432	4361
9433	1691
9434	3238
9435	3811
9436	2053
9437	3158
9438	3139
9439	4653
9440	1681
9441	2830
9442	4060
9443	3856
9444	4448
9445	2967
9446	1177
9447	3664
9448	4749
9449	2242
9450	4073
9451	3285
9452	3723
9453	3493
9454	1405
9455	4230
9456	1174
9457	3363
9458	1076
9459	2155
9460	2114
9461	2672
9462	855
9463	1564
9464	3514
9465	2551
9466	1632
9467	3121
9468	1711
9469	1266
9470	1310
9471	2898
9472	2917
9473	4230
9474	2401
9475	1558
9476	3335
9477	4990
9478	4742
9479	2118
9480	293
9481	4472
9482	3303
9483	2266
9484	4774
9485	4214
9486	467
9487	1971
9488	3448
9489	2160
9490	1667
9491	1592
9492	4973
9493	692
9494	4948
9495	2286
9496	4387
9497	185
9498	4734
9499	4169
9500	1306
9501	1306
9502	2411
9503	3522
9504	550
9505	2456
9506	3625
9507	3771
9508	4205
9509	550
9510	3841
9511	2982
9512	161
9513	3144
9514	3815
9515	2932
9516	1217
9517	4800
9518	4033
9519	4102
9520	126
9521	1721
9522	870
9523	4605
9524	1575
9525	1015
9526	6
9527	1661
9528	478
9529	172
9530	1310
9531	2370
9532	524
9533	3984
9534	4512
9535	1127
9536	1382
9537	4877
9538	3899
9539	951
9540	2414
9541	1228
9542	3393
9543	108
9544	912
9545	4932
9546	261
9547	344
9548	2716
9549	607
9550	3180
9551	161
9552	2071
9553	2090
9554	452
9555	832
9556	2115
9557	1478
9558	4002
9559	164
9560	2166
9561	3909
9562	4480
9563	1680
9564	1151
9565	3218
9566	521
9567	3352
9568	1759
9569	2424
9570	1289
9571	4853
9572	2266
9573	1845
9574	1683
9575	2848
9576	2986
9577	554
9578	403
9579	1561
9580	469
9581	357
9582	2704
9583	4901
9584	4594
9585	1267
9586	4579
9587	133
9588	1532
9589	4172
9590	3864
9591	2881
9592	2623
9593	4582
9594	3757
9595	3805
9596	2830
9597	1513
9598	2738
9599	2294
9600	4628
9601	3131
9602	4310
9603	418
9604	2938
9605	2648
9606	692
9607	1397
9608	48
9609	256
9610	2821
9611	1537
9612	2081
9613	2247
9614	1082
9615	3069
9616	4512
9617	1367
9618	64
9619	2299
9620	837
9621	4214
9622	4165
9623	2957
9624	1714
9625	2253
9626	4800
9627	707
9628	637
9629	2503
9630	3671
9631	578
9632	2601
9633	2493
9634	392
9635	4887
9636	2148
9637	1783
9638	2704
9639	261
9640	84
9641	4315
9642	1004
9643	1207
9644	1633
9645	317
9646	3608
9647	2906
9648	2404
9649	1368
9650	524
9651	4597
9652	700
9653	2321
9654	809
9655	3934
9656	4887
9657	974
9658	4978
9659	4313
9660	2190
9661	3098
9662	1425
9663	2336
9664	64
9665	778
9666	3112
9667	4023
9668	1665
9669	3133
9670	4557
9671	2421
9672	3737
9673	4160
9674	3952
9675	1271
9676	4594
9677	227
9678	4263
9679	4978
9680	932
9681	3591
9682	3145
9683	4271
9684	4553
9685	2167
9686	1889
9687	4040
9688	4603
9689	3459
9690	389
9691	4709
9692	2541
9693	707
9694	3278
9695	1643
9696	277
9697	1908
9698	1271
9699	123
9700	3466
9701	420
9702	1548
9703	4732
9704	674
9705	4413
9706	3421
9707	3717
9708	4865
9709	1651
9710	244
9711	943
9712	878
9713	2139
9714	2696
9715	419
9716	17
9717	3899
9718	1696
9719	2126
9720	3972
9721	4777
9722	3571
9723	2071
9724	1134
9725	308
9726	1446
9727	1932
9728	3632
9729	1420
9730	4597
9731	3654
9732	3940
9733	2978
9734	4093
9735	815
9736	3472
9737	2343
9738	4010
9739	2041
9740	3352
9741	1112
9742	1408
9743	19
9744	2917
9745	1112
9746	3919
9747	4188
9748	308
9749	317
9750	2039
9751	335
9752	4276
9753	4720
9754	6
9755	2020
9756	420
9757	127
9758	191
9759	3806
9760	4353
9761	2387
9762	2885
9763	1362
9764	152
9765	1923
9766	769
9767	2595
9768	1308
9769	525
9770	4732
9771	3327
9772	3358
9773	4169
9774	1301
9775	1343
9776	4986
9777	3655
9778	1421
9779	2280
9780	1693
9781	2685
9782	2697
9783	4172
9784	2488
9785	4048
9786	1947
9787	2414
9788	4739
9789	4612
9790	2909
9791	2802
9792	1693
9793	1132
9794	2502
9795	3945
9796	1464
9797	4277
9798	1932
9799	1519
9800	136
9801	4984
9802	2401
9803	4833
9804	4412
9805	1449
9806	3358
9807	2347
9808	344
9809	1345
9810	244
9811	1730
9812	96
9813	3394
9814	2339
9815	2802
9816	2160
9817	3227
9818	3910
9819	1428
9820	4090
9821	2846
9822	1003
9823	1069
9824	4317
9825	1122
9826	3090
9827	546
9828	4570
9829	878
9830	2343
9831	2752
9832	4410
9833	4410
9834	3349
9835	3734
9836	1815
9837	303
9838	2320
9839	3029
9840	1605
9841	3693
9842	4553
9843	867
9844	2339
9845	2283
9846	3771
9847	2374
9848	1497
9849	2015
9850	674
9851	454
9852	4176
9853	443
9854	1537
9855	3837
9856	4161
9857	4317
9858	2407
9859	3472
9860	4128
9861	721
9862	3945
9863	3829
9864	1192
9865	4901
9866	4689
9867	1721
9868	311
9869	4242
9870	2929
9871	3754
9872	1109
9873	2890
9874	454
9875	3182
9876	1224
9877	4510
9878	4205
9879	2256
9880	3110
9881	3130
9882	3585
9883	1842
9884	951
9885	529
9886	3186
9887	2644
9888	1069
9889	1446
9890	3934
9891	1030
9892	3314
9893	1974
9894	2212
9895	3154
9896	4721
9897	2614
9898	2123
9899	2115
9900	3664
9901	4388
9902	2316
9903	1095
9904	3958
9905	3717
9906	1245
9907	2053
9908	2846
9909	600
9910	2320
9911	108
9912	633
9913	1778
9914	1381
9915	4830
9916	3849
9917	1848
9918	2206
9919	3110
9920	3571
9921	4951
9922	3067
9923	1939
9924	2631
9925	1245
9926	418
9927	2067
9928	1929
9929	2871
9930	815
9931	238
9932	3314
9933	3655
9934	4263
9935	2769
9936	2564
9937	385
9938	4590
9939	4739
9940	1368
9941	3806
9942	2108
9943	1991
9944	385
9945	357
9946	3704
9947	832
9948	4836
9949	3218
9950	4388
9951	2069
9952	205
9953	3952
9954	3910
9955	3383
9956	3186
9957	837
9958	2108
9959	4836
9960	2769
9961	3069
9962	1056
9963	4609
9964	3154
9965	4311
9966	2810
9967	4103
9968	4093
9969	1542
9970	3829
9971	3940
9972	612
9973	751
9974	1056
9975	2421
9976	4443
9977	4027
9978	2210
9979	734
9980	4371
9981	123
9982	4255
9983	2210
9984	4255
9985	2462
9986	734
9987	606
9988	751
9989	3764
9990	1841
9991	2847
9992	227
9993	606
9994	399
9995	2079
9996	2079
9997	2723
9998	3399
9999	1790
10000	406
