Students	4000
1	5540 3062 3074 59
2	9794 2741 4989 2543
3	6178 9428 9486 9767
4	1231 3874 6942 2984
5	4937 2033 4496 5690
6	3068 9160 9566 9249
7	2570 5555 5237 5211
8	8323 9859 6752 5242
9	9057 9586 3237 3805
10	493 4136 9199 4289
11	1147 5972 7847 7868
12	8172 3852 654 1922
13	2731 1450 251 1264
14	5000 7805 4315 944
15	9520 3385 1056 5651
16	7160 5502 702 3280
17	1141 7780 7946 1101
18	296 1411 2836 2890
19	2751 7442 9445 6798
20	603 3030 4627 2672
21	9582 4760 2189 6733
22	4402 5311 9277 2298
23	8168 7943 2056 689
24	4177 6030 1990 3212
25	7452 1742 4011 6511
26	6745 1543 5275 1659
27	1437 3719 1568 5728
28	997 28 5776 541
29	2620 4922 4429 875
30	8483 9818 8683 6113
31	2018 9473 2009 9545
32	6 3680 9506 6140
33	7323 1027 1347 7175
34	5338 6030 3297 1958
35	5400 5305 195 7804
36	1195 8990 8217 8082
37	9202 6989 9956 9673
38	4692 4887 3787 9508
39	1977 6154 8591 414
40	5635 7386 4112 8645
41	3622 4084 605 4779
42	1200 762 2901 942
43	4973 876 9797 6423
44	857 6999 212 704
45	5915 7504 574 4049
46	7674 3379 509 6337
47	2277 3189 5341 1394
48	4569 9019 7816 7312
49	4659 4855 8692 8
50	513 7414 6571 3525
51	9583 9207 3990 3536
52	2220 3455 6105 1378
53	9645 9544 4255 2300
54	1413 7633 2578 9950
55	4716 8802 7256 7400
56	6433 7165 4699 4871
57	660 7532 4180 4237
58	9634 3650 8554 7193
59	5525 498 2317 6413
60	8792 9503 2496 9445
61	5709 8441 4852 2274
62	1575 927 5185 1310
63	6223 2151 5015 8046
64	7017 3438 8603 2924
65	9823 4477 7594 3439
66	6909 7097 3138 4673
67	9565 2118 8164 7901
68	3005 2488 3689 8527
69	8074 3159 9215 8275
70	3050 5229 4148 7456
71	4739 8156 2833 1512
72	9774 6336 2577 6286
73	8935 2315 1585 9322
74	2188 8121 945 9447
75	3356 3769 2812 5143
76	7799 458 1388 8537
77	6626 8339 6672 7680
78	7681 239 5579 5329
79	8422 4238 4959 9378
80	3753 7638 5076 3922
81	3557 1177 5988 2695
82	9027 6387 8231 9124
83	3675 7054 616 1784
84	7163 1702 3651 6798
85	6527 2008 5903 2300
86	7198 8720 1062 5934
87	3167 3977 5795 7444
88	2986 6335 7927 1486
89	2790 2121 2754 4061
90	4590 6204 4188 1661
91	3481 4465 322 8648
92	615 4328 8109 3252
93	4635 3945 4199 9456
94	6335 3113 3337 3867
95	3454 2677 8651 7521
96	2318 5103 1042 460
97	3603 7710 5777 6432
98	2248 5671 1263 9434
99	8800 2789 7514 7896
100	6629 879 4436 4781
101	7987 9726 4092 7783
102	1156 8448 7495 7190
103	1510 9854 8139 5199
104	4680 4314 8898 8901
105	9729 751 594 5374
106	1871 4598 3476 6165
107	6415 5917 3195 5656
108	5 2992 1080 3622
109	9367 5417 2380 2767
110	7567 6544 2678 2648
111	9792 3630 1191 8594
112	4806 8589 3770 8780
113	145 6206 8973 1278
114	2812 6225 7752 1693
115	7394 2076 3500 8133
116	8192 1090 1248 4890
117	4937 7939 6526 7002
118	5024 6486 9288 1254
119	1795 2045 1717 3066
120	4405 885 720 4932
121	2105 1262 3382 8856
122	4593 7729 3256 9606
123	1425 472 5543 6193
124	1542 4117 3156 8197
125	8931 6101 3450 172
126	443 6412 6700 9214
127	6176 6282 3889 6925
128	3766 9123 9350 599
129	3753 8566 6340 8870
130	281 4517 3742 2718
131	6976 2349 4396 3426
132	2528 4313 9528 8376
133	435 7285 5691 3771
134	7296 1566 6491 9203
135	9196 810 9065 3098
136	4813 360 7309 4583
137	1309 7625 9654 7073
138	7563 3309 7901 1399
139	2281 1458 6199 2684
140	8890 2024 1362 306
141	7223 4807 9961 5534
142	4910 3661 6169 7002
143	492 5432 1340 1787
144	611 7492 557 4994
145	5816 9366 8536 5398
146	2512 9015 2728 9756
147	2134 8944 2409 6095
148	5736 5555 945 2837
149	1672 939 3080 8609
150	2957 6514 8415 8477
151	7157 4257 6734 9093
152	6309 3501 5386 4600
153	4465 8869 5600 351
154	1056 391 4885 4670
155	5513 7646 171 3557
156	1588 1058 9133 6818
157	3744 587 292 443
158	6142 2981 828 1915
159	1150 6577 1007 6622
160	6532 8241 7207 2785
161	1485 1254 9754 3647
162	3130 9496 5080 2676
163	9024 810 3836 4704
164	3366 7465 1881 2227
165	6038 645 963 6405
166	4081 8178 1181 707
167	5021 4670 1116 7069
168	4217 2761 1082 9100
169	3611 5738 4956 66
170	4537 9925 454 9706
171	1158 214 2596 9350
172	5331 1455 1044 9399
173	5915 4 6668 3127
174	1384 3988 3187 1392
175	958 3502 5298 772
176	5898 6167 9026 3421
177	5111 2854 3870 7535
178	1495 8847 9968 8670
179	2376 8717 9268 1412
180	6957 7461 4418 9364
181	9687 5233 6652 6581
182	2923 9864 7766 2036
183	8156 7355 6782 8248
184	8431 27 9055 7709
185	7395 9835 1395 4438
186	2882 7815 7806 9901
187	6012 2207 5196 1308
188	4760 7717 54 8274
189	3888 6914 5680 9871
190	9301 4909 4827 5983
191	3502 8365 6148 3704
192	2170 5310 1004 4366
193	8186 9163 3079 9155
194	5177 7378 9782 9446
195	4993 5977 6297 1830
196	3068 7343 9822 943
197	8601 1650 9269 5761
198	7516 6263 554 5940
199	584 1973 7304 4527
200	5580 6867 4095 6199
201	5264 5277 3421 6821
202	5096 476 7757 206
203	9385 503 5234 2494
204	8736 9473 7235 8484
205	7867 4736 1301 8929
206	1820 8760 5198 3422
207	2020 4291 2101 1743
208	6307 450 1262 2981
209	9781 4453 9043 8317
210	4922 9625 7061 933
211	9754 1650 4721 7371
212	4810 5415 4531 5044
213	2155 8484 9018 2938
214	9769 887 6385 8550
215	105 6381 8588 6463
216	3682 7272 5240 9617
217	4148 2842 1762 6490
218	5533 2891 1922 8073
219	1351 276 6967 1388
220	8130 4855 4014 8649
221	7913 1231 403 6946
222	8478 2030 2918 5195
223	782 453 7887 7297
224	7676 1101 1408 910
225	9486 7673 6529 4589
226	2125 3656 3911 5468
227	4115 6262 4245 107
228	5884 1102 8645 1141
229	9180 1989 8944 7135
230	6060 5999 4103 6478
231	5927 2968 4708 3749
232	9301 2901 2388 7927
233	7655 6622 9262 1940
234	7624 9167 8384 6903
235	3500 1954 5602 7988
236	6103 6365 6905 2226
237	6269 5777 776 7869
238	3268 5861 9570 5617
239	8964 9665 6501 588
240	7455 8004 9405 967
241	2849 346 9555 1837
242	8803 2881 3937 6503
243	7115 14 4693 118
244	7107 2074 6903 2615
245	6528 4609 9210 7577
246	331 5042 4606 7133
247	8790 7493 6230 8192
248	7210 825 5404 4137
249	7760 3174 3274 6669
250	88 5592 9869 1993
251	2191 690 3754 2422
252	889 9241 4749 1271
253	2164 9143 1645 4366
254	3982 9733 6002 3400
255	7028 8466 3789 3878
256	4549 2120 4925 6517
257	9317 6972 32 5265
258	61 355 6656 5795
259	8870 3497 8706 5350
260	5452 3858 2179 1759
261	139 6005 3858 6354
262	9687 7575 3393 1550
263	3595 423 1045 9193
264	2546 3772 5735 4939
265	8992 3165 551 7474
266	5659 6191 4422 8986
267	4303 8316 394 6042
268	1082 2332 8448 2693
269	9137 5765 6685 1740
270	4061 7641 1125 5730
271	5595 9711 5521 8199
272	3993 6129 7216 3362
273	2675 7927 8904 960
274	9067 5587 4431 3106
275	2583 904 6953 3966
276	5577 1963 1464 7291
277	8602 6583 77 3587
278	2489 6701 5613 9707
279	4529 772 7700 1722
280	5469 2870 518 3844
281	5123 5530 4640 5239
282	2305 782 8578 4815
283	5486 7814 2312 5035
284	3414 1461 3201 7022
285	4844 8521 9544 4345
286	6936 6780 3216 4833
287	6826 7657 6976 2583
288	7859 8418 5461 4127
289	3981 4864 9793 7929
290	4518 3845 1889 8403
291	9041 5743 5832 9200
292	3861 6497 4351 4364
293	9220 3513 9977 5093
294	8952 9002 3617 8351
295	2696 2438 1225 6803
296	8318 2889 9197 6812
297	8362 4116 5774 8231
298	6949 5537 3036 1152
299	916 273 8068 6521
300	3041 5299 3244 9661
301	3378 6007 1857 4506
302	2877 8725 3710 7056
303	8298 5552 5019 5788
304	8670 9579 1637 5145
305	7014 8614 5143 2641
306	618 7966 7847 6549
307	3621 9050 7676 6711
308	4934 9285 4024 7075
309	6577 9261 4846 2555
310	4237 6966 7001 1315
311	6238 3041 1466 4486
312	5273 9992 2627 393
313	1040 6836 3266 7883
314	1689 6033 835 354
315	8542 4355 4445 7161
316	6328 3732 9081 4651
317	79 2313 3762 3929
318	8338 3113 3504 4429
319	9378 5722 2685 527
320	5304 1403 5883 5839
321	6205 9584 4858 6071
322	9539 2659 9733 4508
323	5786 104 3461 4436
324	713 3491 743 3473
325	3600 2608 1929 6183
326	4051 3925 5161 2349
327	2968 5260 3915 9329
328	4511 1970 4690 2357
329	9800 7319 401 7093
330	2518 2811 8027 3911
331	4846 8256 5410 4256
332	6126 8731 7224 928
333	8850 9296 6922 7620
334	7801 3826 1754 8747
335	103 2160 6255 196
336	1400 8372 4354 609
337	7083 662 7450 3234
338	6402 1310 514 1035
339	1093 9635 8007 4944
340	1934 5733 7831 3071
341	5124 2183 3686 9885
342	2740 1482 2339 433
343	5493 672 3037 8376
344	2865 995 6408 4830
345	2288 9059 1824 1010
346	547 9433 6850 3396
347	3085 4170 3563 9357
348	9564 7718 2429 1086
349	1975 1360 40 302
350	8125 7670 7174 8133
351	2557 5612 4836 8106
352	6273 1655 9587 3218
353	9209 2611 3676 5236
354	6737 5296 8118 8877
355	5692 5542 7684 289
356	2185 708 160 6856
357	3956 2482 9565 8926
358	3885 9441 5170 7606
359	8841 6091 8104 1634
360	2982 8858 2548 9930
361	6344 2065 3442 326
362	5725 3039 1401 3905
363	4051 5253 4098 4359
364	8324 9440 2429 2631
365	2427 2724 6875 5329
366	5388 5559 1834 6120
367	4746 1167 2446 9207
368	8316 5602 3359 3673
369	1620 1974 2684 3806
370	6466 5785 7357 9471
371	3329 1103 620 9363
372	4439 8305 5136 9797
373	9440 2393 269 105
374	3399 8245 2735 9283
375	590 2403 1523 5053
376	2978 4715 739 7902
377	1686 2015 4807 7069
378	3057 7402 5812 12
379	9318 5084 1251 115
380	1429 2336 5176 1747
381	8688 7206 6765 6105
382	4236 6196 7461 3216
383	6977 8344 2589 4320
384	912 6737 2054 7613
385	767 1476 658 8341
386	4360 8044 4351 139
387	4844 5688 9403 7752
388	91 3228 6189 5855
389	8524 6229 4521 4407
390	5121 3903 9105 7083
391	3494 5906 9664 6007
392	8604 5332 3080 7748
393	4104 1903 4015 2891
394	1329 8486 4924 4213
395	6997 9627 7263 7530
396	525 5404 8573 9551
397	2059 491 7636 9996
398	9726 2253 4236 976
399	732 3679 5336 6862
400	840 5253 4516 8191
401	951 2917 1953 5448
402	7023 8248 3453 3785
403	182 7972 6286 85
404	483 7114 8754 5495
405	9319 7245 8334 2183
406	8913 5421 8395 4145
407	611 2147 6196 1266
408	7897 7828 255 371
409	2149 6189 5096 9863
410	4326 2503 7457 7872
411	9988 1698 3827 1174
412	7663 1574 2711 857
413	6480 4911 1530 4748
414	1673 9055 2092 8582
415	48 5815 6908 2079
416	9185 9005 2418 463
417	7269 2581 2746 982
418	6352 2784 6672 1097
419	2884 1651 895 4894
420	946 3151 8763 5694
421	7168 3668 6779 806
422	1256 4739 2309 2956
423	2926 2261 7911 7480
424	8338 4920 8140 4199
425	6322 7452 7906 3761
426	4553 6468 1690 4671
427	6727 7924 6051 5377
428	5584 3574 4608 5433
429	837 6719 2613 7404
430	1497 5760 4516 1905
431	5395 3088 1753 8769
432	4743 9 3118 8268
433	1047 9129 7172 4590
434	9515 59 5598 5237
435	7096 3649 431 1960
436	7328 3199 3627 2450
437	3208 7220 8251 4841
438	8342 9154 190 5670
439	9484 1806 3058 4155
440	6518 2665 6916 3328
441	760 5539 521 9861
442	9456 1255 3629 6555
443	4445 8206 8906 2836
444	502 2301 5440 1759
445	3784 5865 7699 5718
446	1564 9043 4845 5087
447	47 3615 7127 3516
448	9935 3427 5024 3615
449	7783 4006 5970 6749
450	1416 4806 5821 9044
451	7071 4837 2375 2173
452	5028 7411 5724 5793
453	5436 4146 1235 8711
454	1676 6262 1568 6930
455	12 2106 2170 9135
456	287 709 2681 8153
457	7433 9215 4129 1229
458	142 7159 7683 2179
459	4915 7685 6187 5720
460	7387 7690 284 3293
461	1053 8268 9265 2073
462	7039 9274 5066 4604
463	8965 7883 174 7415
464	9207 9071 5453 8569
465	7588 4336 7626 8310
466	9671 4893 3864 4729
467	9168 3240 9698 9881
468	532 6345 8386 7295
469	2272 8737 3578 1862
470	6167 1379 1212 9191
471	47 4085 1398 6573
472	3418 5026 1563 8504
473	2825 315 424 9510
474	2603 1945 9839 7859
475	2707 1202 1963 9271
476	7745 2081 348 7223
477	5269 598 968 9895
478	226 9203 7114 5846
479	171 3836 7507 5302
480	9946 5389 993 9634
481	8121 8326 2014 2538
482	2075 623 6597 6073
483	6353 9755 8558 7747
484	5441 5591 4384 78
485	8625 9356 4253 6430
486	726 7483 6675 546
487	8565 4603 8337 7419
488	2763 3163 6328 9280
489	7130 392 1495 8223
490	1430 1410 3336 1016
491	5938 262 4536 7911
492	9908 6091 7713 5733
493	8265 7543 5665 2571
494	7414 5139 6673 2186
495	8627 4464 7288 7483
496	5886 5965 366 4636
497	31 3164 6537 9651
498	6575 6551 3169 3123
499	5206 6362 8514 4099
500	3009 2885 6916 1326
501	4457 6964 7630 7406
502	1358 7636 8344 5039
503	8108 5299 358 2392
504	7912 1989 5490 8584
505	5939 9869 2222 8547
506	6042 2439 6835 6122
507	9523 2497 2895 3839
508	1811 6981 2564 9760
509	5897 1594 5927 4864
510	8226 633 9472 6551
511	2609 7889 3805 3959
512	3011 8510 9786 2114
513	4896 5420 4774 3865
514	3739 5781 9424 9390
515	5418 6836 5222 2788
516	7174 7732 3090 7295
517	5846 6147 237 5304
518	6763 9923 1990 5499
519	7407 3928 5439 7459
520	3350 7931 4929 8357
521	4426 9690 5167 7618
522	9400 8559 5098 3152
523	931 3628 5668 8143
524	6277 9529 2931 5253
525	5357 5310 7061 6828
526	7462 2660 85 5497
527	2587 9955 4556 1159
528	7971 6357 822 3198
529	5663 3948 7620 2930
530	1727 6778 4832 1546
531	1796 9960 5649 5535
532	4092 3522 9915 818
533	8553 8636 36 1323
534	6428 4880 3816 8852
535	6512 8195 5493 1817
536	3116 9725 1995 7514
537	4046 5467 7968 9313
538	9230 7999 2157 8526
539	8432 1930 2582 4395
540	8803 9392 6921 1937
541	4990 6103 2624 227
542	9445 301 3231 5778
543	2598 9315 9828 1166
544	8986 2456 761 5997
545	9588 5285 6927 176
546	3762 2672 1909 1624
547	8763 5239 5770 6793
548	6170 2149 2783 1323
549	4083 9338 8186 5019
550	1226 5426 8005 3950
551	4419 2096 2201 8368
552	7962 3658 2126 7581
553	1715 4137 3229 7549
554	1745 4244 6992 8561
555	1853 5191 8416 4762
556	7839 8982 7460 4565
557	6604 3506 2441 7446
558	4869 5922 7571 3422
559	4128 5017 4776 3448
560	9254 5865 5466 2482
561	3673 1550 1650 9050
562	8101 3067 8142 1711
563	7363 1113 779 1092
564	8597 1134 6459 7334
565	8253 4860 3308 4465
566	6506 9297 6770 1888
567	9198 4754 5336 6700
568	5011 1311 7953 823
569	1506 3103 915 2065
570	7865 9091 1702 5414
571	5828 180 9454 8604
572	7573 5832 9522 6687
573	290 8954 3125 2915
574	142 8859 2006 5300
575	2486 6595 4004 9081
576	2861 749 4742 7875
577	2607 848 6487 161
578	507 8346 410 1146
579	4757 5668 7791 2898
580	8382 3240 8563 1486
581	2254 4531 8259 8920
582	7695 3973 2904 8833
583	615 1761 3603 8564
584	9912 9804 915 886
585	8835 1895 3243 6721
586	1937 8211 2182 5533
587	5550 4605 2443 3581
588	3217 3465 9871 6903
589	1733 8056 1092 7015
590	9231 1597 4482 3203
591	5680 6655 8645 7485
592	3186 7870 190 2528
593	9206 166 3023 816
594	9215 6479 1914 6222
595	6233 9851 1049 8966
596	5883 8593 5562 8036
597	6219 3932 9394 3997
598	8390 4114 4826 1339
599	5266 9011 7958 5853
600	1504 4540 5371 5928
601	7152 6310 2076 286
602	2954 9200 1290 601
603	5022 1580 6048 9255
604	8783 4766 9297 7624
605	2025 5369 8079 2503
606	8011 8452 3279 406
607	5797 5965 5940 5646
608	3815 8583 5576 6312
609	7353 778 3373 7066
610	2409 2326 1594 2375
611	9700 3183 9627 3191
612	8840 9301 1251 2866
613	5281 919 8339 9322
614	954 1490 4130 4175
615	4198 9040 7447 1080
616	8970 4450 5208 4252
617	7132 5071 8815 9727
618	8280 2136 4531 986
619	7814 6584 4803 3192
620	7374 7845 7347 6335
621	9985 1678 9165 3422
622	1110 6755 818 750
623	2878 1040 1320 9850
624	1942 1330 9689 5501
625	7433 6143 6321 8245
626	8188 9451 6058 8890
627	2697 1968 7636 3962
628	8914 6572 7742 6001
629	8144 4149 6252 8710
630	9615 7412 5638 644
631	3038 9864 7532 357
632	1494 9736 2955 2446
633	8359 8973 6791 6002
634	9868 2640 8222 1686
635	307 6927 5573 9571
636	3964 4413 9570 9352
637	6967 3769 3282 6520
638	1252 532 9957 206
639	1294 4230 2984 9904
640	4284 635 1701 2154
641	4280 2303 5967 4008
642	7038 4419 4002 6093
643	1888 12 6931 4020
644	712 335 8950 6614
645	8143 4105 594 2822
646	6055 7665 9942 5404
647	4622 6316 920 8874
648	425 2115 1393 6016
649	3521 2533 6159 2352
650	2980 7428 169 779
651	7451 3711 6503 279
652	680 648 7245 8080
653	4179 6705 6238 5164
654	1103 6685 2789 953
655	8626 6312 8982 5875
656	5484 8594 9031 6003
657	7609 788 2868 3879
658	6804 3611 3137 5047
659	5071 1831 2311 2804
660	3325 1360 6580 534
661	6813 6622 4401 4336
662	7513 9938 8461 9797
663	4120 3887 895 8876
664	3930 7565 7669 2515
665	5097 8143 1286 5091
666	7412 2371 2842 367
667	1014 6296 8475 8523
668	4585 564 9622 7778
669	2496 8597 6232 5761
670	7623 3673 1940 7946
671	7038 1572 6790 7309
672	9022 8877 7703 8836
673	4959 4014 7679 9283
674	158 2526 9610 9757
675	5674 8365 9230 1311
676	4363 5872 8612 263
677	9947 8910 8041 5612
678	7377 3758 981 9662
679	6661 5058 7150 145
680	4152 1565 9903 7187
681	4549 2717 652 6895
682	1207 3047 9048 25
683	337 9258 9065 4928
684	7966 1879 8658 8815
685	4774 7888 1875 6665
686	8901 2697 4372 7993
687	7159 5399 5398 4963
688	622 3212 5213 1384
689	7135 3183 7300 8096
690	4575 7589 9931 1856
691	9761 5194 3999 9446
692	6483 2675 286 7477
693	6167 8085 3492 8858
694	8278 2920 5711 5665
695	7463 8144 4112 2974
696	6874 6847 6303 1096
697	4005 6845 9236 2597
698	6883 7805 105 2750
699	5582 1854 8994 6143
700	1111 4388 6250 430
701	664 3121 2703 9601
702	3512 1378 7679 1322
703	4453 4367 9880 5037
704	4162 389 5883 2703
705	6141 8685 3511 1681
706	4795 459 5393 7813
707	5532 3246 6491 5878
708	6426 2772 7593 8042
709	7984 2188 1104 8794
710	7692 417 1830 6117
711	4462 8628 1777 3647
712	3670 3629 6772 1761
713	458 6443 3408 7474
714	151 3315 6513 3404
715	3487 9988 1089 5944
716	7596 829 3977 6993
717	3930 5217 2195 3580
718	2353 9942 8884 5658
719	8105 8828 8484 5897
720	78 7747 8728 2060
721	5624 2997 4122 4428
722	7802 4831 8999 8623
723	5325 2012 5347 391
724	6548 1477 3258 9521
725	5365 3713 8868 7822
726	6027 5875 4532 2299
727	3431 3000 9036 2419
728	6567 2370 7027 6292
729	2445 6899 8326 8041
730	1135 2627 1134 9664
731	5616 670 1731 8835
732	2067 251 5331 6762
733	2257 2251 3295 1310
734	2994 9898 5741 2791
735	2388 7995 2204 7305
736	6278 5172 7815 3317
737	3815 6083 6613 5798
738	292 5750 4885 2008
739	119 5262 5681 8737
740	8855 3044 5224 1187
741	1795 5635 4183 3688
742	7226 5484 2579 6280
743	5615 5095 9509 3994
744	5205 9008 5201 7027
745	9245 9728 7827 5342
746	8093 5728 4858 5471
747	9112 8979 4817 6158
748	523 3889 456 3148
749	9573 6726 6425 8117
750	6525 5222 534 7652
751	549 7534 6866 2150
752	1546 1590 5124 1817
753	8962 3296 4275 4865
754	8641 1410 243 7111
755	6534 9253 9282 9994
756	1536 7778 7645 6526
757	2845 9930 8125 9652
758	1860 4427 8351 1243
759	7856 4933 9871 503
760	6490 2704 962 9660
761	2566 1722 6819 737
762	3638 2598 4785 6974
763	9950 7528 8209 4689
764	3100 3524 3384 8471
765	856 5351 7 3358
766	6897 6039 6372 9884
767	1180 9651 7705 676
768	1452 3960 5912 3770
769	7276 5778 4855 7351
770	1380 7466 9746 1699
771	6336 3443 7326 6416
772	7994 1657 4366 8254
773	7233 8606 2212 7148
774	2723 1814 388 4309
775	5215 51 687 6982
776	6756 6089 7120 3884
777	730 6597 6172 4199
778	3461 8768 4891 977
779	8685 8426 2694 7745
780	9353 2362 1772 218
781	9456 1312 3473 4342
782	2769 4802 5993 7912
783	7096 5678 6446 7206
784	6759 8771 6571 8132
785	3367 3360 1695 5174
786	4162 3838 2469 1854
787	8435 3707 5575 5784
788	8383 8455 4914 5823
789	390 7224 7675 959
790	2928 8114 8447 1853
791	6106 9348 9737 9351
792	6423 8008 3739 6519
793	5370 9148 112 5100
794	7546 3375 9209 5890
795	8710 7741 3435 8790
796	6040 8397 9136 9807
797	6901 9051 2793 2737
798	1859 4978 3057 5518
799	6714 1162 882 9376
800	4333 6033 4990 998
801	3185 9961 7380 8486
802	7236 4019 1318 4172
803	3392 8047 2082 6267
804	3637 4352 2979 5432
805	525 926 7222 6874
806	6503 5084 1046 7331
807	9919 9419 7849 4894
808	7154 8760 4749 7152
809	612 1896 6117 5506
810	3897 9718 7497 5173
811	7003 2461 3930 7533
812	7407 280 9590 3846
813	5221 1542 8483 3496
814	7781 2223 5951 913
815	7929 3454 6958 9861
816	547 5772 3418 2479
817	9458 1491 9876 211
818	5413 6881 4949 464
819	415 4804 7402 3769
820	2007 5064 7405 2536
821	7188 2958 9310 1858
822	1490 8205 5513 1601
823	7147 3391 7228 5234
824	1514 7847 7058 6269
825	4771 4238 7303 5962
826	4753 8319 3415 3284
827	7379 9961 2464 8537
828	7968 5691 5080 7889
829	1753 61 6128 6265
830	9398 8073 4083 8309
831	4489 1796 3349 605
832	7197 7027 3825 6093
833	9633 6251 1175 3092
834	542 981 2195 4949
835	6867 3376 7290 1784
836	8091 5454 5677 6855
837	2334 5698 4906 6721
838	5532 1607 536 5747
839	2014 2266 2289 1816
840	5126 4217 2163 5888
841	4535 4103 7322 3793
842	5316 2474 5198 4127
843	6246 9962 1064 2317
844	7788 2207 5122 2701
845	6464 6469 9398 9305
846	2663 6115 6684 1990
847	4877 9908 8539 9547
848	9902 9339 5760 645
849	6313 7830 8435 9229
850	6480 1370 8986 3952
851	263 7423 7910 3752
852	4369 1654 9902 9886
853	3892 4182 6763 1278
854	3979 5509 1212 6397
855	7602 8755 2982 3881
856	1333 9006 258 2699
857	1659 2093 7751 3883
858	4962 6311 8831 1998
859	854 8994 6958 8949
860	271 672 9038 3014
861	1757 7980 5567 5905
862	4967 678 4105 2885
863	3680 1077 402 9850
864	9016 6750 6719 4616
865	200 510 7626 2118
866	6557 8895 7778 8102
867	2775 589 3541 7910
868	5237 5685 5300 4912
869	1823 2124 1179 2018
870	477 6143 6596 3549
871	3477 3618 624 8949
872	8355 783 6852 3692
873	2150 8144 7987 1976
874	970 5352 3720 5035
875	47 7365 6525 4169
876	2437 1063 692 8788
877	4793 4443 3529 3296
878	1987 8008 1615 7641
879	5474 5743 8283 1634
880	3038 4294 4998 3043
881	5531 7164 9671 1196
882	3554 2012 9474 7031
883	8231 4705 6777 4645
884	3537 2574 1187 9510
885	6689 448 2271 2272
886	65 8191 9749 893
887	5818 4500 6233 5793
888	8945 3295 1873 4300
889	7962 666 7639 462
890	4740 9562 869 1162
891	7514 8613 1754 7980
892	7710 862 5726 8971
893	2303 8113 4313 4071
894	7024 9954 5704 196
895	1197 1593 7578 6197
896	4516 6994 5063 6908
897	8021 9656 9086 8878
898	2170 1087 7845 6567
899	1621 512 1239 6351
900	9594 9976 4467 565
901	716 8310 8740 4874
902	4773 9713 285 8631
903	39 7271 1351 9922
904	2549 5713 1285 9025
905	1179 8202 1420 6669
906	513 8910 3551 6536
907	7545 1479 9197 5754
908	1199 5926 1298 7759
909	7897 5926 4108 102
910	2858 146 2875 5848
911	7025 6138 6812 2751
912	8457 1351 5402 5020
913	5299 1744 5129 103
914	3991 5207 6460 8436
915	1097 867 6774 9777
916	2748 291 5610 1773
917	1358 6623 3138 7334
918	1714 9581 9425 8801
919	5923 9863 1382 1555
920	9963 5372 1196 4579
921	709 3574 6538 3653
922	6590 1425 485 6499
923	3278 4364 1423 1835
924	7481 3853 8316 3354
925	1889 4278 9774 8949
926	6088 2681 951 7830
927	5751 1813 7220 7644
928	3239 9344 8897 8403
929	9848 4476 5436 4370
930	4967 1481 8106 2455
931	2472 6455 7164 888
932	5385 5282 7145 3657
933	7362 4083 3638 9496
934	3683 7411 7541 3100
935	5245 8605 1415 6103
936	495 3016 4473 5517
937	1474 532 2594 3493
938	9058 3752 1506 9020
939	7455 2297 977 5642
940	885 9853 6176 9226
941	3602 6300 6860 2784
942	3977 3300 2867 6383
943	662 3556 4829 6094
944	4011 4922 5675 7176
945	4448 4094 2166 281
946	5375 6854 6712 1233
947	6229 4010 328 2211
948	9471 3199 4644 6074
949	7332 5695 8297 3710
950	2252 5990 4206 3204
951	1896 7066 4558 7146
952	1616 545 9846 2371
953	6093 2911 3968 3076
954	8004 4210 5743 646
955	5672 6390 6831 275
956	8275 5116 9997 7872
957	6187 1627 127 9802
958	3804 3072 2971 325
959	1915 8900 5036 6413
960	8609 2996 8477 9942
961	111 2433 644 2584
962	2294 2407 1772 7365
963	7014 7019 1032 2694
964	5590 8392 209 3226
965	795 3799 1830 7496
966	3363 6215 745 3592
967	4518 7392 2767 1912
968	1127 1256 3529 2286
969	9081 6272 4715 2392
970	6243 8346 2288 4945
971	2129 5809 3341 3616
972	4335 7685 358 7075
973	3937 8682 6558 8138
974	4701 4577 5827 1125
975	5415 560 9689 6739
976	5960 937 513 5671
977	6523 9824 506 1709
978	4578 170 5272 3132
979	5646 8940 6087 54
980	4469 3435 8456 1168
981	1764 1594 4872 8709
982	5429 4518 5282 6867
983	1623 4138 176 9256
984	1809 2592 3323 2152
985	3531 2062 5959 5326
986	532 6994 3376 3459
987	7886 2231 1704 1936
988	9346 5819 5537 8665
989	2099 9448 882 2284
990	2006 585 7505 9477
991	4189 1519 6667 4262
992	6991 2565 5830 8084
993	4982 488 9334 5816
994	319 2420 1112 2696
995	3614 8912 2060 5638
996	1018 3741 5005 7819
997	4801 9163 5749 3208
998	9924 2802 287 1581
999	9224 613 8929 136
1000	8588 1377 5234 4243
1001	307 4256 5782 2946
1002	5295 6833 52 9147
1003	1614 6813 3909 5992
1004	9479 3866 6241 9777
1005	9195 6739 3588 2006
1006	4105 5238 9389 4369
1007	2267 2621 1958 6955
1008	8039 4649 2169 2540
1009	3839 444 8809 5329
1010	6826 3497 7029 6800
1011	82 9971 5478 1769
1012	860 4686 7462 5471
1013	3585 1999 4742 5018
1014	4482 871 2628 2552
1015	961 7716 7506 594
1016	8187 1570 2577 4348
1017	9730 8513 1619 9294
1018	8842 3437 351 2332
1019	2843 9647 9193 9638
1020	9568 633 2848 6614
1021	1826 3985 1444 3757
1022	1780 7734 4469 4659
1023	1057 2652 4244 7799
1024	6757 5898 6326 5419
1025	6435 7905 3343 9982
1026	3091 4105 9022 9961
1027	1387 9760 5529 1605
1028	9366 1224 8911 5800
1029	1974 2032 859 8998
1030	8492 1360 6121 3693
1031	730 5271 1557 7236
1032	1290 4504 7595 2409
1033	5773 3825 5148 9679
1034	2089 6841 9967 9151
1035	7720 1730 2999 924
1036	8401 252 5141 702
1037	1997 7496 514 4594
1038	51 8506 6146 3141
1039	8222 936 1974 1517
1040	521 8454 2016 6006
1041	1546 6177 1230 8358
1042	4761 8120 8274 172
1043	3046 3743 9273 1490
1044	3184 8 3895 7375
1045	7570 1152 1101 6010
1046	1194 7171 6573 3328
1047	7804 5868 7229 5206
1048	7197 1630 5566 5653
1049	2745 6665 9689 1468
1050	9781 9590 5430 2502
1051	7257 9423 8429 5701
1052	6500 5551 4547 7655
1053	6925 1248 1675 8597
1054	2525 7904 9523 3127
1055	9056 2413 2953 3795
1056	7343 1889 232 879
1057	6313 9064 8285 9930
1058	1608 1897 579 1096
1059	4254 920 9343 5807
1060	4279 4009 6903 5668
1061	7784 7236 2226 579
1062	2273 1399 9336 2020
1063	4468 1200 7000 8666
1064	981 9763 1414 4228
1065	4485 7643 86 7376
1066	4212 7300 9778 5489
1067	8081 1415 199 3723
1068	6402 3924 8867 8431
1069	1355 4151 8637 5780
1070	8241 7379 5212 7510
1071	363 5236 6412 3018
1072	9276 9697 2107 791
1073	1693 8766 3986 9602
1074	7501 6075 8264 6766
1075	4887 2035 4150 4332
1076	6460 9635 3362 5562
1077	8400 2671 5023 1064
1078	4957 9769 9354 2887
1079	6140 899 8005 3780
1080	3149 8826 8823 9338
1081	6047 648 5111 1256
1082	1443 1711 731 7371
1083	5694 8186 1094 7253
1084	5448 5697 9518 3091
1085	2376 9827 8457 3512
1086	1016 3162 5627 340
1087	6833 854 7598 4494
1088	8320 8289 4278 55
1089	387 6278 116 4749
1090	2876 9886 4611 8778
1091	5005 294 593 2090
1092	4417 6348 3114 6365
1093	4639 5384 1074 2320
1094	1614 5565 3712 4429
1095	4000 3878 2869 4182
1096	1800 2091 1844 3877
1097	7894 4506 2348 6393
1098	26 6247 1367 2008
1099	216 3969 924 2164
1100	1060 5001 1270 7065
1101	6732 8886 4559 428
1102	1288 2446 3785 898
1103	9919 6602 4846 7182
1104	4835 8489 6742 8429
1105	7288 4293 1910 4763
1106	9707 7962 787 5994
1107	6854 4574 9257 1706
1108	5252 8788 6411 9315
1109	4724 2363 2024 869
1110	1841 7060 6686 5850
1111	117 2165 3033 8965
1112	7282 8929 9012 5564
1113	2582 7127 5590 6293
1114	2224 4074 3293 8809
1115	4641 1215 7977 1544
1116	8528 3138 4478 9903
1117	640 3701 2253 2850
1118	466 2069 4607 265
1119	9212 786 9163 2925
1120	8446 9522 3222 5503
1121	2417 2602 1692 3088
1122	8973 9638 5258 6733
1123	9367 5139 2124 8256
1124	2514 1389 2397 7593
1125	5945 5683 1349 2561
1126	3067 7450 7287 4878
1127	5077 7243 4590 3152
1128	9350 49 9953 2578
1129	3956 2157 4730 7973
1130	7730 8649 2321 6181
1131	5591 7553 2978 1801
1132	1294 4452 9819 6544
1133	2104 5683 6747 3701
1134	7772 9694 8711 397
1135	6323 274 6309 8174
1136	1454 5516 4026 7579
1137	6362 5991 5022 1761
1138	638 760 5722 3474
1139	5163 1850 2773 6628
1140	2731 5497 95 8830
1141	3220 1034 8622 2743
1142	3645 7288 9318 8088
1143	8106 8887 6612 680
1144	6824 5243 4498 1694
1145	8833 8125 8154 7754
1146	9891 6786 6638 7473
1147	6563 5255 5540 1262
1148	3729 4697 5532 1066
1149	5728 5055 3671 3918
1150	9590 7493 8718 5695
1151	1253 584 1374 8219
1152	4739 4492 1409 7061
1153	8219 4646 9336 8460
1154	6111 7997 3529 50
1155	57 4880 9089 1367
1156	4443 8992 1891 121
1157	167 8743 6284 8925
1158	8450 9409 3916 3726
1159	9703 6502 1977 9875
1160	9749 3633 4291 8915
1161	1198 97 7634 9552
1162	4423 4206 7487 9425
1163	3685 3199 3120 1281
1164	6426 1908 7151 2954
1165	29 3130 2092 6372
1166	1308 8327 8044 7079
1167	1278 8467 5860 3917
1168	6174 9856 7433 4336
1169	6031 7050 5089 6038
1170	3222 5639 604 1344
1171	5054 7927 8468 9035
1172	9736 8404 9526 5530
1173	2661 7303 8905 5943
1174	6972 6369 4602 7028
1175	6762 2961 706 1430
1176	4052 6412 6904 2608
1177	8886 3826 5718 5668
1178	639 3597 2333 3115
1179	3966 1329 2478 9840
1180	3974 9767 9743 5855
1181	7255 7087 28 2284
1182	1667 4425 2204 8558
1183	2317 7003 7261 918
1184	1530 4399 4332 2162
1185	9726 5387 9398 4565
1186	3696 4909 8872 5492
1187	854 3925 5519 3061
1188	8275 3537 2578 6103
1189	4899 9395 4959 3629
1190	3912 369 4834 8047
1191	200 944 5787 8887
1192	8701 2089 2446 9140
1193	2778 2398 5628 78
1194	5164 5169 542 7409
1195	6049 7623 3625 7654
1196	5246 3476 2644 8842
1197	5699 7242 2473 139
1198	9604 8571 2609 6306
1199	2817 3180 1143 1399
1200	7886 6786 7369 2547
1201	6559 3439 2184 5872
1202	3115 5768 2183 8573
1203	4856 3258 2272 1095
1204	3838 4581 9448 2375
1205	7972 417 1087 6976
1206	2281 5694 8051 1969
1207	5086 1773 1507 1613
1208	5362 4234 2676 1012
1209	8487 5390 3646 4229
1210	8159 9712 1552 4901
1211	3462 7551 6286 6773
1212	6181 8123 6693 168
1213	4511 6827 1908 7102
1214	3600 7783 2863 231
1215	126 7990 5723 8288
1216	9534 553 201 6142
1217	9049 6985 4816 591
1218	3396 1224 732 1812
1219	655 4474 882 4865
1220	3347 1739 849 9385
1221	919 9503 8865 8801
1222	8992 3641 222 1941
1223	3266 6754 4284 278
1224	556 1722 2612 7492
1225	549 515 4013 5321
1226	2040 4150 5548 369
1227	371 6039 8846 1687
1228	5070 9552 3973 3530
1229	1013 4265 1322 2934
1230	3526 9494 7566 8048
1231	9370 9011 8950 1993
1232	6392 5599 2736 4119
1233	5420 6709 1253 7694
1234	7759 4135 7989 1274
1235	50 7495 8834 2523
1236	8404 7340 5791 4179
1237	4299 3058 4074 4915
1238	2957 9949 4901 4391
1239	8489 1011 5995 4837
1240	323 1477 4645 7753
1241	9111 7772 6315 7109
1242	2697 9603 6638 1716
1243	9830 1936 9815 2928
1244	333 7733 42 6827
1245	516 7945 9728 6413
1246	4984 234 3608 1852
1247	4829 5498 8087 9631
1248	4906 2182 1499 2559
1249	2540 3590 1684 6536
1250	8198 6518 116 63
1251	7541 9333 6646 3507
1252	9320 461 67 5824
1253	6253 774 8465 1786
1254	5684 4735 766 6850
1255	4038 9825 9805 5003
1256	7371 3714 5148 6505
1257	9121 6099 5382 3185
1258	3221 1937 8522 3419
1259	4536 4970 1775 3175
1260	807 2630 8674 3422
1261	8633 3496 183 4240
1262	6159 6813 3972 7191
1263	3818 5970 1786 6759
1264	1466 7414 2490 9334
1265	1360 6812 8675 1396
1266	5453 1354 7895 3018
1267	7332 2301 8080 5888
1268	1654 4046 7240 7917
1269	1068 4161 4027 6708
1270	4369 4922 1678 8273
1271	2853 7474 8501 3231
1272	745 9687 3589 2132
1273	2018 2523 3675 2772
1274	117 4826 2669 2479
1275	78 5216 7841 5857
1276	8529 2571 9092 5899
1277	6090 3565 301 2465
1278	7161 1 4030 4635
1279	3060 8296 4673 1600
1280	8307 4250 6547 3498
1281	4854 4159 5809 8517
1282	1476 6897 1151 3911
1283	2836 4727 2842 6228
1284	5241 4525 2128 3595
1285	241 7571 9757 464
1286	7497 9172 9220 1865
1287	159 8569 5318 194
1288	7975 1930 4141 7323
1289	9923 3809 6183 9018
1290	2030 5304 8992 6864
1291	691 5059 610 6255
1292	4018 5118 5707 2323
1293	6047 90 5276 398
1294	1872 710 342 3852
1295	7564 2287 4426 1769
1296	1921 2989 7208 7163
1297	8459 4914 8827 5646
1298	4409 3478 5676 5143
1299	8673 4166 1786 1931
1300	5729 3931 6793 3043
1301	6046 1723 923 2493
1302	2934 5318 7755 399
1303	8594 1892 7272 2759
1304	9740 7003 9795 2213
1305	2323 613 7814 9784
1306	963 1827 9017 6460
1307	7507 3652 3622 5109
1308	4058 432 353 5004
1309	3907 9076 3395 7024
1310	2291 8676 1958 178
1311	2004 4781 1356 3507
1312	3964 5264 1068 9890
1313	3014 5265 9274 4080
1314	6048 2814 2653 9945
1315	5175 3112 4624 6095
1316	8610 4524 9023 3505
1317	7596 9729 838 8558
1318	8522 294 1969 4043
1319	5836 6732 987 4471
1320	7027 735 8971 11
1321	5266 4127 3284 933
1322	6000 4824 1562 6513
1323	9306 3884 5313 4718
1324	1981 7148 7021 1748
1325	9634 7873 4059 9924
1326	5378 3641 4213 3691
1327	4593 7232 486 3407
1328	4667 536 648 5573
1329	198 6200 641 3199
1330	1817 9814 577 7071
1331	5384 7215 129 4872
1332	5753 5906 3324 1795
1333	9408 5617 5119 910
1334	5179 2571 6921 677
1335	4728 1729 1030 8529
1336	784 5969 4625 5139
1337	3049 5237 9517 2126
1338	9524 9759 910 3585
1339	5771 1842 5466 7545
1340	452 739 9101 9628
1341	2565 4948 8299 6685
1342	2406 9034 5028 779
1343	3460 5795 6129 2642
1344	8737 5090 9747 1821
1345	472 3913 7005 7515
1346	3240 6883 9684 7996
1347	4560 5989 8837 7314
1348	4438 4639 4402 9307
1349	2468 5362 8464 953
1350	2490 7081 592 8718
1351	5905 6204 734 3260
1352	4085 2806 5869 3867
1353	2406 6166 532 5110
1354	5939 2683 7478 3991
1355	3237 8772 4174 7321
1356	6751 4391 9111 1234
1357	8727 2160 1793 8821
1358	798 8152 3707 8220
1359	5530 3920 8975 3692
1360	3775 3528 1313 1846
1361	3515 2697 4173 6209
1362	2908 734 8871 6616
1363	2177 6026 8258 7729
1364	8891 6369 3150 9519
1365	7795 404 3911 4412
1366	6806 2657 8935 2444
1367	2925 4004 5537 108
1368	6781 1347 2074 7444
1369	9199 4631 4835 4509
1370	2893 8293 998 4754
1371	2944 5541 3287 2647
1372	556 2364 941 3439
1373	646 9540 385 8185
1374	8479 2844 2238 9747
1375	7899 7432 5664 9578
1376	1176 2764 7795 8846
1377	1169 350 3328 5171
1378	1952 1688 5119 1442
1379	6428 6712 574 539
1380	4313 444 5135 8010
1381	2506 3681 4614 8999
1382	1837 1959 3423 9813
1383	9892 9833 8802 4100
1384	2664 6942 9486 7737
1385	7606 486 5317 1116
1386	4993 490 6185 7050
1387	1788 9605 375 3100
1388	4226 5868 4584 8654
1389	9670 2560 8101 5889
1390	720 4690 9091 5123
1391	1710 2128 869 5584
1392	9542 8517 4012 2889
1393	2872 6076 7164 1544
1394	14 5486 5421 301
1395	1227 8437 2852 7625
1396	3417 7027 1586 4968
1397	8379 8146 8102 4578
1398	1750 3907 1097 2787
1399	1582 8097 157 6834
1400	9122 7928 335 5363
1401	1811 4881 1640 7683
1402	33 5431 914 2153
1403	5576 4467 5174 7834
1404	5585 1430 3374 8594
1405	776 1915 7667 3715
1406	9483 8684 5516 1715
1407	8532 3855 1875 3490
1408	587 4305 2510 300
1409	3603 879 8535 762
1410	7717 7595 1203 7527
1411	5710 3307 9742 8190
1412	5459 6724 2877 195
1413	2920 7801 3054 5833
1414	6764 8614 7116 153
1415	6075 4237 6316 1955
1416	9299 5879 4447 325
1417	197 1906 5136 7213
1418	7707 7092 6891 9885
1419	4775 1641 8550 6684
1420	3205 1762 3723 530
1421	9887 5794 3530 8038
1422	5268 9415 4343 8562
1423	9235 1106 5662 8299
1424	7548 2943 1424 5544
1425	4316 472 1597 6096
1426	1634 10 5248 3665
1427	6238 8360 8685 1104
1428	7773 2698 4514 625
1429	2925 1217 8560 7429
1430	1246 4817 9806 2848
1431	9877 8568 4417 3131
1432	6751 8346 3359 5147
1433	2027 2742 6192 3752
1434	836 5318 2833 9562
1435	2762 5116 3948 3771
1436	4189 9132 7354 6056
1437	3689 4655 7369 6235
1438	1457 9749 1279 2951
1439	5368 104 8481 7464
1440	6092 530 4841 5611
1441	4885 670 5446 687
1442	1763 568 1120 7666
1443	896 1278 7620 9762
1444	9801 5288 5626 325
1445	546 7559 5895 1685
1446	4304 9807 8206 1778
1447	5549 2617 7846 4534
1448	2608 4102 6922 507
1449	6644 2314 4152 5676
1450	9086 6386 133 3444
1451	6584 8318 1350 3603
1452	4455 1233 6043 2343
1453	1942 8504 6119 5604
1454	1159 2012 8710 9490
1455	3037 2391 7937 2619
1456	7724 2949 5660 6903
1457	9540 5295 267 2095
1458	1493 4748 5087 1582
1459	6500 8598 5186 9439
1460	9632 9131 9944 3011
1461	1853 5117 2782 8735
1462	2887 1863 2121 8142
1463	1836 7963 4572 3817
1464	5228 888 2422 3375
1465	5150 8441 9700 1486
1466	5188 6055 1041 2675
1467	201 3575 3729 9683
1468	1517 9548 8852 5904
1469	2294 6667 2483 4783
1470	6562 1669 1997 1675
1471	9280 4914 7568 3808
1472	5696 4860 951 4615
1473	4808 6574 5971 9336
1474	79 9982 549 7766
1475	8095 6425 3429 7139
1476	3028 2778 9292 7056
1477	7903 2323 161 9195
1478	7379 5182 4668 6254
1479	6288 7570 7972 7594
1480	2357 5656 6183 7644
1481	4604 3483 9760 8097
1482	3662 5129 9334 5740
1483	242 4075 6004 5606
1484	9771 226 1864 8848
1485	7599 68 7955 7658
1486	768 3507 8276 5968
1487	944 2616 3926 6210
1488	3413 1192 9823 4622
1489	9950 8041 3340 2422
1490	7608 2457 4955 8568
1491	958 3649 3004 3952
1492	4962 815 9573 2998
1493	8301 1284 1456 9330
1494	9693 7311 7328 8866
1495	394 9630 166 9418
1496	5788 7312 7684 7267
1497	4708 8497 4885 1632
1498	2033 7510 3492 9405
1499	4257 8334 6496 8669
1500	8276 7445 421 7647
1501	5729 6001 8333 9789
1502	2151 317 7756 8365
1503	6064 3522 6154 9370
1504	5343 1139 3778 7864
1505	9904 9934 7670 4406
1506	2474 6429 9232 8533
1507	5100 7653 886 9905
1508	3652 8482 9253 3553
1509	7264 3804 4346 8720
1510	3868 9082 7489 4988
1511	7203 3898 7842 258
1512	8518 1961 6168 1891
1513	6995 9882 9149 707
1514	4555 755 2369 2167
1515	1469 7157 881 5969
1516	1038 9288 3861 4387
1517	1889 5411 1740 7319
1518	1190 4075 7520 3472
1519	7739 6327 8070 8929
1520	428 4655 9576 7230
1521	722 7102 4914 5919
1522	1347 6021 9708 9097
1523	2267 2528 569 1318
1524	7088 8792 350 6122
1525	2188 9909 5026 426
1526	9165 7035 8500 214
1527	1457 531 593 1482
1528	4406 653 9752 4994
1529	6520 8533 2542 2228
1530	8430 9133 3372 200
1531	6026 3099 8648 3012
1532	9795 6102 2755 535
1533	3430 2662 9139 8391
1534	9826 9623 7820 6075
1535	506 483 2746 847
1536	7986 1445 4596 6943
1537	7510 9399 321 2214
1538	1642 9537 2533 5786
1539	5447 9785 4775 657
1540	2074 2150 1921 7802
1541	4710 8873 4981 3654
1542	5664 8360 2218 9538
1543	2212 1425 1739 328
1544	333 9623 7043 4515
1545	6050 1488 5861 9680
1546	2530 9182 3129 5807
1547	2751 2431 2053 4812
1548	9296 1378 8639 3197
1549	7168 7818 7352 7066
1550	3301 854 880 5211
1551	9223 8791 9586 8137
1552	6123 2461 4699 4444
1553	4868 4587 9584 2703
1554	6493 6264 608 7912
1555	862 1571 655 8885
1556	5754 8471 6043 2895
1557	4275 2743 251 8924
1558	2355 8322 4058 2685
1559	7968 4054 1664 7891
1560	859 3039 1243 5993
1561	2753 6083 8103 3916
1562	8619 7766 666 8358
1563	5396 9602 7572 9495
1564	5088 5113 6255 3874
1565	9193 1418 4576 9740
1566	4504 9389 2192 745
1567	440 2482 3908 94
1568	2641 3898 4583 4778
1569	9829 3735 2478 3006
1570	2222 5781 3002 769
1571	2482 6377 7500 318
1572	9647 1801 6304 2918
1573	4198 2366 3196 5734
1574	7740 193 540 1926
1575	4296 7808 3640 9595
1576	5379 8245 6767 8201
1577	7387 6599 6358 6451
1578	5069 2630 3079 7747
1579	7394 4201 9859 4405
1580	3799 9682 8286 9727
1581	7185 1747 8405 4054
1582	822 5762 4316 2435
1583	6280 8813 9025 4017
1584	8447 3685 654 7479
1585	7298 9124 9005 9480
1586	8309 9764 6884 335
1587	9015 7254 6942 9980
1588	6183 7437 8791 9116
1589	230 5913 6769 2726
1590	2924 7689 9338 2404
1591	3964 2828 2164 8173
1592	7787 3503 8347 1280
1593	5989 3412 8201 5253
1594	3086 5458 3711 333
1595	5109 419 8199 4708
1596	5917 8206 2589 7334
1597	5231 4618 6342 319
1598	3479 3098 3179 1512
1599	813 1146 821 9445
1600	3458 480 6378 5953
1601	7992 4640 8036 6273
1602	9863 6294 1938 464
1603	3420 2526 5658 3451
1604	7734 1543 5569 7466
1605	1620 9904 1278 353
1606	7213 9893 1831 4952
1607	9565 1348 3780 9150
1608	8627 8242 2651 7372
1609	4066 4646 6583 3029
1610	5427 7430 2823 7391
1611	3590 9014 5466 4489
1612	1080 5421 1938 8950
1613	1138 5641 8818 5423
1614	9384 3299 6873 4748
1615	8936 1545 4837 4880
1616	5012 5165 148 9365
1617	8881 8680 8452 4855
1618	2595 6663 7295 2587
1619	4900 9001 578 9226
1620	8146 3270 677 6189
1621	4686 2736 3659 6047
1622	6207 8695 8149 1423
1623	8643 1531 418 8815
1624	9759 5797 2388 3759
1625	3284 321 7228 8024
1626	7621 7276 768 6055
1627	4823 1774 9572 365
1628	5853 1050 6255 1267
1629	6245 5003 4713 9253
1630	5480 5726 6954 1027
1631	7747 5856 5845 7018
1632	8776 4840 5645 7020
1633	6124 9552 2790 6064
1634	286 4680 949 7904
1635	3409 7687 6591 3566
1636	6775 9377 8604 5763
1637	8870 703 9240 1879
1638	2401 8718 4724 2505
1639	1319 3805 5216 4703
1640	1508 8655 2924 8494
1641	656 9006 8520 7304
1642	1693 1837 3666 2770
1643	8481 8478 7430 7580
1644	4015 5669 7346 6674
1645	7742 4740 9370 3609
1646	5585 8373 2241 423
1647	424 1300 9934 2478
1648	2154 9317 4696 5253
1649	510 3372 3383 4645
1650	4757 8479 1690 2091
1651	6654 2000 6745 7853
1652	5018 1348 5283 1429
1653	5309 6527 6007 4731
1654	8274 9753 4337 8046
1655	423 9705 855 8573
1656	2332 6200 1388 8538
1657	234 6966 3901 2554
1658	2382 9117 1578 9236
1659	5178 6361 1403 8616
1660	9339 9074 6142 7015
1661	3480 8515 5113 3621
1662	9740 1558 5115 5764
1663	2601 6559 9083 2030
1664	192 113 2637 6810
1665	5400 4467 1003 6293
1666	8343 4827 3518 2485
1667	9594 8483 4958 8441
1668	5347 5015 1577 8200
1669	7899 383 1377 8958
1670	1890 1689 8670 9876
1671	4112 3208 386 1887
1672	972 4958 8291 394
1673	7295 9815 6760 8365
1674	5860 3843 9179 857
1675	2219 2074 8263 4288
1676	880 1159 2432 9854
1677	9288 3893 4267 1663
1678	6056 4100 320 6713
1679	1245 4364 8250 7323
1680	3994 1945 6178 2734
1681	7163 8275 6004 7193
1682	8863 5924 2574 7792
1683	6443 13 1217 9012
1684	2843 2670 9260 8376
1685	6857 3418 1462 1559
1686	4992 1943 3349 7130
1687	1008 4570 565 3789
1688	1115 1336 1629 3242
1689	5034 6665 7827 3024
1690	958 5520 8930 7686
1691	1854 6150 642 7357
1692	753 5274 7098 7226
1693	8788 7115 4672 3770
1694	5056 2000 6255 6333
1695	6034 6583 4944 113
1696	1620 6727 3758 6750
1697	8115 6747 1964 6059
1698	7087 8719 6562 277
1699	5175 1518 9290 5427
1700	9228 7692 9506 1549
1701	4787 3785 2836 9836
1702	3596 5398 5500 4070
1703	7813 6668 7675 1580
1704	8552 6874 3500 4571
1705	3752 6779 5063 1809
1706	2880 8990 6757 7877
1707	2028 9964 990 8626
1708	4420 4103 6856 6906
1709	5707 374 7704 8556
1710	6523 9624 8780 164
1711	3233 1810 1307 3992
1712	1503 58 8410 2149
1713	1964 6242 1829 8679
1714	6710 6669 466 4520
1715	8188 6924 3083 9398
1716	1660 3880 7112 5244
1717	5162 6804 1565 1089
1718	6824 3793 406 9448
1719	3834 5865 3700 833
1720	5983 9214 8320 2545
1721	8717 6058 2777 9432
1722	7484 218 3626 9636
1723	5200 8032 5547 3471
1724	8028 1486 6163 8695
1725	1591 8789 8627 8848
1726	3387 7514 7792 2069
1727	5449 8700 8618 8352
1728	221 3124 1172 1741
1729	7935 6552 4952 6825
1730	4251 1996 4339 3472
1731	6190 8557 6763 458
1732	3976 7816 9276 3798
1733	7781 6170 7662 3825
1734	5823 991 4120 1669
1735	3194 7974 5207 9429
1736	6190 8903 5506 3492
1737	1989 2917 5056 9732
1738	8182 9184 9623 6271
1739	5810 5718 3323 908
1740	5999 3575 8022 8634
1741	6690 425 4497 871
1742	7929 4629 6926 3612
1743	2307 4775 6442 1562
1744	9675 8702 6897 247
1745	711 6242 8434 6887
1746	3363 6476 3032 3289
1747	5876 516 2992 3254
1748	3983 6610 4569 1600
1749	1953 4503 7346 9218
1750	4247 9001 6786 6203
1751	8506 8864 5752 4386
1752	885 1634 7363 8350
1753	1207 9660 9637 5441
1754	271 9007 3998 6478
1755	2477 4680 8514 8927
1756	8907 749 20 8458
1757	4373 7696 1009 6229
1758	4802 6153 9963 2151
1759	1679 3059 1937 6123
1760	9051 4126 7625 2990
1761	6568 3798 8371 4189
1762	3036 8298 5031 1992
1763	7502 8729 4890 6404
1764	5584 3902 1856 1445
1765	4090 7907 5808 6340
1766	6140 6423 1397 8367
1767	6499 1247 62 1488
1768	4563 2017 977 7736
1769	2731 2106 2661 4479
1770	5497 6197 1767 8507
1771	9580 6189 5138 9205
1772	5446 411 5474 5465
1773	3396 6291 6244 202
1774	3648 5768 3067 9067
1775	4937 5034 3326 6028
1776	3644 9417 3757 3622
1777	8517 1062 4249 3832
1778	1039 1836 868 1370
1779	9437 8924 9524 2836
1780	4360 2666 4841 6338
1781	5235 9285 4376 9015
1782	165 8595 2681 7203
1783	5709 4019 913 1913
1784	568 9323 7417 2822
1785	3824 273 1216 7244
1786	1226 6595 779 7562
1787	4658 8610 3274 5678
1788	489 6975 7232 6131
1789	2345 3020 2941 9059
1790	5883 1107 7738 9215
1791	5616 4716 6810 176
1792	2409 994 7190 1881
1793	985 7450 2830 1193
1794	8223 2068 324 6482
1795	8876 9339 7762 8818
1796	7191 8693 7083 555
1797	2084 5110 3180 1417
1798	4536 147 9926 8099
1799	7818 3089 4613 4389
1800	1338 9087 2373 9524
1801	4299 3267 1624 5336
1802	5999 6045 168 1556
1803	367 6355 170 9829
1804	5954 1606 3937 3427
1805	1908 8835 2413 1902
1806	878 2558 4885 9798
1807	2005 5737 3299 791
1808	9453 9541 3192 4031
1809	2711 1104 7694 6901
1810	5332 1499 2120 7658
1811	5057 5923 6629 5492
1812	4374 6579 9500 3212
1813	514 4692 6319 6165
1814	4450 45 2306 7916
1815	1493 4705 8981 9857
1816	1149 7228 9289 5187
1817	671 6674 232 2777
1818	7589 3573 1294 9361
1819	8951 1336 3840 8467
1820	4172 4454 8788 6628
1821	9655 4344 962 5013
1822	4639 4554 1398 1745
1823	2230 923 7639 4319
1824	8031 360 4793 5797
1825	2147 2530 1279 4299
1826	2306 9590 6117 5000
1827	4967 44 4159 2905
1828	4244 8213 384 4326
1829	1607 1941 9528 4915
1830	2019 9144 6696 2619
1831	8720 1290 3822 8623
1832	1359 6652 5001 7779
1833	2808 2456 6705 9729
1834	3555 7054 1193 1562
1835	9196 6927 9173 4012
1836	3760 9391 795 3635
1837	7312 7830 8796 8701
1838	991 9381 9221 3587
1839	1850 4376 337 4842
1840	7040 6240 9665 7813
1841	5363 742 9423 9426
1842	91 4677 8014 5387
1843	1561 8694 6745 6548
1844	290 3758 7906 3382
1845	175 9643 340 1463
1846	8702 233 8000 7402
1847	3646 9769 3906 23
1848	8151 6368 7868 7579
1849	3079 1340 9816 8720
1850	4302 1392 8526 3705
1851	5902 4414 6534 7281
1852	7984 1247 8544 5782
1853	533 5770 1444 6644
1854	5260 3473 6924 7837
1855	3934 6051 1798 9988
1856	11 2816 9512 3551
1857	6443 1904 8407 3477
1858	4940 8398 6545 1974
1859	4471 7190 8998 6382
1860	777 5145 5131 395
1861	5784 6220 758 7332
1862	235 588 1971 9314
1863	3916 2400 4449 4577
1864	2780 3100 8406 1367
1865	8007 7711 5737 3359
1866	8638 9189 2024 2054
1867	1840 1951 2867 2766
1868	5637 5546 6453 5156
1869	1181 5851 3671 7738
1870	451 6206 3772 9861
1871	1660 8839 9045 9334
1872	6608 6426 1951 9769
1873	384 471 4491 7781
1874	5227 2614 3173 6194
1875	3222 4386 6098 8377
1876	862 2052 7521 9476
1877	6286 5001 2416 9877
1878	4064 7017 533 2384
1879	4509 102 9091 8646
1880	4315 5396 2430 9113
1881	2417 7008 8830 9560
1882	1829 3923 1433 1840
1883	2214 6013 5302 6420
1884	4399 742 3535 4409
1885	2098 2486 5898 441
1886	5932 1208 6304 9262
1887	3395 8147 4951 5316
1888	6615 4480 4898 9446
1889	8503 2836 5962 1267
1890	748 8836 4294 2263
1891	2942 372 8649 8540
1892	7217 394 2953 4896
1893	3835 5990 4249 2872
1894	9276 3410 9606 5256
1895	4077 8289 371 1594
1896	4881 241 6677 3164
1897	6090 5612 4937 9263
1898	6152 5616 969 8011
1899	1629 5358 7252 5942
1900	6711 2960 4655 9073
1901	4385 4835 3113 9620
1902	8619 146 7400 3751
1903	286 3976 9970 6641
1904	6437 8316 3451 7223
1905	6331 3469 7667 440
1906	4531 146 5925 4178
1907	2575 6682 28 9456
1908	5146 3309 4220 9652
1909	3420 132 2654 9611
1910	9031 789 9423 1306
1911	3785 5194 2713 5446
1912	7408 2164 6955 9938
1913	2909 3241 7173 6653
1914	3961 9017 5256 8491
1915	3550 7472 7025 3555
1916	8144 3223 4290 2373
1917	7174 7320 6292 5896
1918	6649 9033 7855 5529
1919	6347 5503 6360 4189
1920	8090 8561 9278 7341
1921	4016 3560 8061 1846
1922	7141 5622 912 5222
1923	5599 8998 6243 9310
1924	8205 4646 4048 6528
1925	3886 6081 4162 8503
1926	5494 9858 7358 1275
1927	8644 2707 7894 7042
1928	5874 4858 8763 4111
1929	2511 7843 4218 6880
1930	3233 4265 7780 9922
1931	2267 7535 8918 1295
1932	8268 7198 2791 2545
1933	9905 2645 6309 7487
1934	5571 7022 450 159
1935	1049 8160 4917 9425
1936	697 2996 2501 4082
1937	9224 2162 8743 7046
1938	3484 7263 8618 9965
1939	3232 2357 8288 3432
1940	318 4946 2603 1662
1941	1461 9469 599 1167
1942	7265 6046 3244 8395
1943	1354 9699 3032 2699
1944	8045 5282 438 5307
1945	4440 2988 1101 7282
1946	5634 72 1833 5926
1947	7356 9866 6831 8790
1948	4019 7427 5139 2647
1949	7100 7310 359 4562
1950	7022 7710 6527 7947
1951	4404 3215 4198 5309
1952	4480 6915 6077 4708
1953	2537 9833 6501 85
1954	2121 9409 7124 8766
1955	148 8852 6989 8322
1956	400 9934 7499 610
1957	5782 4670 6753 3026
1958	9315 7062 7198 6014
1959	8639 7854 1060 5369
1960	723 279 8783 7286
1961	4794 7759 2502 1107
1962	7069 9391 3962 7849
1963	642 1884 360 3547
1964	5570 8062 2211 2873
1965	5642 9632 869 6075
1966	9910 2930 5058 7817
1967	4557 9852 2256 9697
1968	7258 5986 2688 4901
1969	5357 4782 7850 7465
1970	7068 671 7929 4772
1971	2690 7841 367 8185
1972	9477 1503 6311 6911
1973	8419 9073 545 6407
1974	5410 2942 9942 7725
1975	86 9999 3705 4294
1976	7491 5683 7203 9634
1977	5376 9148 8533 3728
1978	741 7594 9913 8017
1979	5665 564 3409 3730
1980	4702 2108 4532 5371
1981	4545 262 6915 9121
1982	4096 9056 4219 3687
1983	7872 9747 863 1259
1984	3437 1613 4123 6702
1985	301 1505 6074 614
1986	2104 8349 3143 3426
1987	9583 8653 3483 3968
1988	300 1200 1583 3151
1989	3901 9844 5687 6131
1990	3050 8597 5625 9993
1991	9481 935 6966 7168
1992	8953 7934 6342 1956
1993	5346 6944 3036 1370
1994	2709 3140 3084 5489
1995	9638 1387 5288 3448
1996	5668 1152 8540 1557
1997	7235 5200 8140 775
1998	6575 5798 5464 3350
1999	1518 4158 2241 7879
2000	5506 8798 3162 8948
2001	4109 1934 767 857
2002	7581 5357 5184 4464
2003	5146 5787 798 4888
2004	9467 6213 8336 4526
2005	3242 3198 6854 7615
2006	898 8860 7147 7281
2007	8651 765 9096 4795
2008	5481 8186 7213 560
2009	5369 1131 4368 2325
2010	9941 757 5467 4305
2011	7914 9799 4320 536
2012	8568 7603 5345 1924
2013	6319 1316 1166 2442
2014	161 7503 93 9845
2015	8560 3492 8289 7567
2016	8032 6501 7963 216
2017	3036 9076 9877 6886
2018	9725 9652 8980 6419
2019	5007 6623 1022 2468
2020	2045 7856 4082 4908
2021	9966 6163 7347 7463
2022	8709 6040 3977 9676
2023	3796 726 1074 8243
2024	2461 8920 6840 7650
2025	4270 1775 8697 678
2026	876 7108 1096 4240
2027	947 5165 3942 6838
2028	5212 9428 1988 8363
2029	867 4365 8515 6699
2030	4660 6951 8328 5340
2031	5548 9398 2315 1866
2032	4152 502 8946 4259
2033	760 3158 4239 4732
2034	2448 6149 6662 3623
2035	4312 1625 4470 7069
2036	8684 2558 1331 5410
2037	8630 850 9262 6564
2038	9766 9966 2482 3019
2039	4333 1518 9591 8508
2040	8031 3055 6384 3014
2041	8177 1422 5792 2525
2042	8475 8970 1999 4058
2043	3756 7223 1310 992
2044	7495 7389 5200 8976
2045	6184 9505 21 6645
2046	563 1658 884 7505
2047	2598 9336 3261 1762
2048	4570 8762 8176 7948
2049	8776 264 4626 236
2050	1651 1154 4762 5707
2051	8441 7046 2916 6926
2052	5240 5347 2601 5449
2053	5854 1221 6152 5685
2054	5810 540 8743 1527
2055	4229 4135 2522 8667
2056	3331 5561 1786 8213
2057	2178 9985 7313 4694
2058	5782 3905 6639 7259
2059	7885 5041 8403 3711
2060	8264 4777 7662 5387
2061	6085 4318 6750 7743
2062	5219 2673 3039 8389
2063	5987 3665 2431 6089
2064	9048 9286 1250 1708
2065	9301 3487 1283 4018
2066	2035 9280 3912 9605
2067	6221 132 1943 9678
2068	4890 5837 7928 6311
2069	3843 2354 8195 3570
2070	4470 2780 3881 2927
2071	5843 3195 6910 8540
2072	5246 7566 6897 3274
2073	4469 2143 7600 5963
2074	3977 3435 864 336
2075	5871 8472 5625 5568
2076	4684 9650 6768 2559
2077	7671 4321 7411 2166
2078	1520 5873 1212 5799
2079	3240 5218 2723 2442
2080	402 481 1682 2462
2081	672 6562 5970 8948
2082	6400 2876 1039 4058
2083	5637 6830 5801 6401
2084	2757 6714 4876 7216
2085	6414 2213 9863 7536
2086	9196 4376 1877 6077
2087	6260 2769 9439 1846
2088	1647 2974 9113 5874
2089	3003 7225 6968 788
2090	2935 8717 1355 3526
2091	8202 2107 7908 7278
2092	4112 9569 5881 1110
2093	8605 989 7275 5645
2094	9082 5769 2029 7177
2095	713 1387 356 580
2096	997 4021 7785 9067
2097	5247 15 6504 118
2098	7459 3949 4064 6608
2099	2047 1989 4758 8144
2100	3024 4724 1047 3882
2101	7519 5913 81 6564
2102	1692 5732 9897 1095
2103	6131 4710 9418 5862
2104	9138 7568 7512 3034
2105	4643 1614 7497 5515
2106	4285 8714 1572 4058
2107	2782 1731 3317 2482
2108	2464 8836 8092 2124
2109	6887 2272 9592 6813
2110	7929 1799 3899 5974
2111	3686 8697 9096 8337
2112	1738 206 2059 253
2113	9806 9802 3799 7312
2114	2143 8587 9100 3111
2115	8891 2071 4953 4961
2116	8556 4157 9089 9589
2117	2275 2490 4900 6900
2118	6844 2520 1111 1985
2119	1012 9488 4255 3581
2120	3301 628 3485 5305
2121	6811 3627 1321 7108
2122	6959 869 204 1908
2123	6893 3281 4156 3027
2124	5083 8227 2485 4469
2125	3130 5610 9504 9052
2126	4671 7130 1085 530
2127	8949 9892 6989 31
2128	3566 5823 3074 5065
2129	8449 8456 1408 9976
2130	8405 3885 145 9729
2131	911 349 750 7442
2132	3018 2835 4209 8745
2133	485 4170 2661 147
2134	157 726 18 1766
2135	5199 9514 7440 8372
2136	1437 9041 3876 3461
2137	1637 918 1421 4364
2138	5257 4285 2110 8054
2139	1661 4294 565 6757
2140	110 7230 2891 4608
2141	5333 3453 465 4836
2142	1185 9954 276 5450
2143	9890 3510 5586 7368
2144	1455 4510 9853 5803
2145	8001 8723 7561 4690
2146	4528 7366 1284 7439
2147	9855 4616 9595 750
2148	5494 597 4178 2947
2149	2663 8130 1656 3863
2150	7680 4200 265 99
2151	8067 4975 9017 1133
2152	7812 3910 6614 7686
2153	2614 365 4913 1638
2154	9399 5389 1774 5220
2155	9013 7872 6629 7788
2156	4352 8782 9152 8915
2157	6160 1276 3151 2580
2158	5804 7291 9660 5480
2159	4082 5967 1673 2855
2160	900 9613 8762 3458
2161	5908 9710 9712 5139
2162	933 8908 1385 9030
2163	2697 7392 9363 1152
2164	7606 286 1848 9551
2165	8565 774 303 4657
2166	8444 4705 4975 3410
2167	2910 2162 8571 9957
2168	1401 9667 8844 9263
2169	3741 463 8846 5061
2170	8582 6112 9247 1138
2171	1148 9127 8980 9295
2172	1653 6505 878 8490
2173	2712 8100 6884 5985
2174	6989 1284 497 1885
2175	3372 6137 1499 5709
2176	6916 9552 2890 5652
2177	638 5524 1574 4581
2178	4483 5166 1294 8609
2179	2348 8624 8217 5052
2180	3135 1236 152 2730
2181	8209 4493 9803 3780
2182	9390 4463 9562 7522
2183	8275 4297 698 2283
2184	6133 5684 7570 4766
2185	1182 6219 8483 1262
2186	6539 4565 8596 4289
2187	2490 4143 7900 8793
2188	3759 4440 3707 6474
2189	8804 9506 3541 5880
2190	9517 7999 1189 1327
2191	6468 2426 7505 257
2192	5532 5681 3936 7083
2193	4585 6420 2661 819
2194	5293 6495 3536 3599
2195	865 895 6959 524
2196	138 5258 9625 7044
2197	5401 6939 9314 5229
2198	2800 1210 7060 2778
2199	1806 4871 2990 9558
2200	3632 386 2782 2746
2201	7409 6543 8102 8587
2202	9591 8204 8850 2164
2203	4160 1428 923 5926
2204	3692 9289 8067 7861
2205	9742 3157 3972 4572
2206	3160 8725 3855 7238
2207	4031 2362 7553 6854
2208	7780 2646 6591 2455
2209	9464 2435 334 3676
2210	6033 6375 4508 9245
2211	5171 7129 3883 1348
2212	5568 5126 8402 3501
2213	3762 2789 3611 6334
2214	6232 5737 5939 1672
2215	6572 3465 6510 4394
2216	8466 7857 3095 2926
2217	7857 4138 4279 825
2218	7211 9514 7450 2012
2219	934 5872 8942 2742
2220	1616 5145 435 1815
2221	9596 6811 6920 2693
2222	3869 3770 3400 3702
2223	6254 4666 6651 5285
2224	6196 1251 5428 1927
2225	4216 9539 4335 4956
2226	3739 3337 9179 5614
2227	5262 792 2132 3540
2228	2393 5561 4739 8124
2229	5255 8011 3254 859
2230	4948 1946 434 8971
2231	9917 4087 8772 227
2232	5887 6959 3884 7882
2233	72 7900 1684 3419
2234	5072 4175 6195 4091
2235	706 5196 4812 6482
2236	3209 731 7094 6482
2237	974 8839 431 8539
2238	7453 8765 9090 1829
2239	2960 3837 1188 677
2240	3811 3816 4281 9044
2241	5407 8274 3833 927
2242	4113 5381 8289 7094
2243	4921 8602 9546 4385
2244	9215 6722 2015 3012
2245	1206 6636 7256 4598
2246	6850 9393 3360 4345
2247	4787 5997 9219 3475
2248	2076 2937 7916 7241
2249	5364 7801 1371 2197
2250	610 1742 9687 7424
2251	6453 8915 4450 4861
2252	527 9137 395 6308
2253	7301 1248 5773 9921
2254	5760 3456 8624 8631
2255	6181 7233 5657 1903
2256	5644 2039 8134 1186
2257	125 4893 6964 7280
2258	8339 6906 8042 4402
2259	4933 5733 1022 3974
2260	2390 191 6243 9909
2261	5833 24 8245 3466
2262	9906 8342 1442 7495
2263	3576 7043 7202 8195
2264	6889 1533 8487 4365
2265	2952 2290 1567 4586
2266	1079 8812 6282 8047
2267	696 9787 442 3852
2268	5379 56 7519 1848
2269	7595 5192 3854 8512
2270	5363 3009 4704 8403
2271	5254 4645 1884 2493
2272	2696 7361 7504 2496
2273	1387 5011 2869 6608
2274	2379 8130 2306 9082
2275	8798 3517 3360 9233
2276	645 7456 6082 6263
2277	2267 8628 135 4102
2278	2087 7309 3129 5777
2279	4457 9484 2456 3244
2280	9099 5599 5056 5544
2281	6623 8180 964 3336
2282	4106 4705 1534 9761
2283	2464 7771 8145 7968
2284	5192 4520 1732 2086
2285	3737 8993 4133 6686
2286	8738 1805 4111 6596
2287	4403 385 761 4045
2288	8450 3820 5326 9329
2289	6033 9740 6241 8373
2290	8789 7015 7308 508
2291	938 9651 2624 459
2292	2201 899 5349 3796
2293	1086 6267 8287 6955
2294	3794 3113 8924 4331
2295	227 8326 8083 1933
2296	4141 4205 1379 1682
2297	3872 3043 4512 2739
2298	749 9632 4144 7387
2299	6756 6480 4290 3048
2300	1384 2135 6147 9248
2301	250 8657 6040 6871
2302	7946 9740 9274 6194
2303	2829 7859 6469 2124
2304	7855 3420 6336 8187
2305	5131 4334 4359 1377
2306	1019 3692 8836 5384
2307	7421 906 3990 352
2308	4387 7287 8019 9565
2309	1330 6891 2178 1891
2310	2794 3429 4201 8707
2311	9639 2148 6027 4189
2312	4358 4249 6146 2487
2313	7563 102 1708 7349
2314	1054 5373 4409 2515
2315	6505 2139 8088 1537
2316	227 820 9986 6113
2317	6576 894 2892 3390
2318	817 1023 2342 6595
2319	7296 6653 3209 4683
2320	8830 3986 8960 6160
2321	6873 9333 6634 8732
2322	225 7383 1930 9749
2323	9161 8324 4104 5546
2324	5765 3750 5748 9528
2325	4032 3847 568 6278
2326	1648 1827 4530 9994
2327	1242 6435 5055 1212
2328	1740 4576 6113 3165
2329	70 5625 7388 3206
2330	2111 8449 5163 1758
2331	7041 5038 4831 269
2332	6224 9042 7337 5831
2333	1847 8632 8305 6809
2334	9628 5478 1760 4984
2335	7225 2108 4431 2958
2336	6252 9530 9695 3864
2337	1981 4204 6650 5336
2338	4570 5824 3083 3479
2339	7641 4930 5930 649
2340	743 6274 7871 4605
2341	8245 1651 9161 5590
2342	7647 5330 3497 2441
2343	9722 9407 1231 2632
2344	3175 2582 1739 3604
2345	9934 8814 5015 1554
2346	8610 5794 5234 7504
2347	3050 3486 1997 753
2348	7972 552 8412 4238
2349	2166 9038 5117 782
2350	2286 2339 1338 210
2351	2274 7404 4562 4888
2352	8453 3111 9995 881
2353	1602 3486 6700 7834
2354	1036 7194 4941 7286
2355	3121 5934 6110 4768
2356	6700 685 3920 9249
2357	9564 249 778 6498
2358	5237 4460 3028 3594
2359	4733 347 902 6169
2360	8188 3326 5319 65
2361	1011 4201 2476 5061
2362	5899 2933 5380 1165
2363	8045 271 7852 1956
2364	6532 1621 3313 4668
2365	376 4034 6795 1395
2366	6013 6550 1824 9168
2367	2429 8138 3235 1013
2368	6211 2195 5655 3700
2369	7712 5427 4834 7098
2370	9726 4531 3491 2220
2371	5352 1436 4811 548
2372	3599 6134 8629 2504
2373	1150 1792 8017 2466
2374	956 5784 6213 6912
2375	2242 436 6167 9790
2376	9185 1146 1622 9373
2377	4121 6540 368 6544
2378	5541 4653 6746 8932
2379	6319 1607 2555 5584
2380	6303 777 8286 5268
2381	8340 3314 1361 9016
2382	3523 7566 4977 5667
2383	595 9404 2015 2891
2384	4248 6516 8699 6154
2385	6015 3133 4394 3193
2386	675 2662 7769 1676
2387	6789 1633 8084 5701
2388	6112 1086 9446 1574
2389	7261 9899 8422 1850
2390	866 6966 2622 6903
2391	8362 6078 2867 6366
2392	4201 3765 1020 5605
2393	1200 8199 2789 184
2394	3368 8176 1807 26
2395	7415 8598 1761 3865
2396	8384 1043 4481 8812
2397	1715 9863 7798 2637
2398	1705 647 139 1816
2399	7680 5375 3631 4000
2400	5224 8440 1760 2360
2401	1341 8207 6058 2848
2402	3153 7626 2051 5890
2403	8305 4521 2714 7044
2404	8236 1803 6541 7885
2405	9273 1424 2148 8489
2406	481 4315 6135 6744
2407	5691 4732 1051 836
2408	2142 8906 5129 9279
2409	1952 9052 632 5250
2410	39 8835 7813 7451
2411	3089 1186 2723 9836
2412	6449 4670 9218 5019
2413	7227 7974 4974 6719
2414	2806 663 3305 1896
2415	183 1380 3702 3149
2416	6226 5825 4968 2162
2417	5553 6893 2383 9427
2418	7474 8594 551 8944
2419	7400 6104 3576 7029
2420	413 3335 5319 5648
2421	4206 728 2130 4805
2422	7199 2834 5259 8412
2423	2153 3245 7964 9857
2424	529 3402 4940 9046
2425	2995 8872 7376 2321
2426	4100 8249 2743 1242
2427	6766 4611 2901 121
2428	5112 375 9737 5363
2429	2448 3764 3056 543
2430	8111 8387 8700 8737
2431	284 8487 4968 385
2432	7768 7381 5333 9064
2433	7940 8716 4841 5403
2434	9301 2298 4619 8268
2435	8918 3096 3485 2774
2436	9148 3002 1425 2930
2437	5750 6440 6743 7397
2438	5239 8768 5953 5312
2439	2332 8675 3523 3968
2440	5741 4807 1454 5877
2441	9515 2223 7373 2002
2442	7534 4993 3743 4223
2443	5511 8363 1056 219
2444	800 3078 9468 388
2445	8068 8195 7420 49
2446	4127 9298 2847 2597
2447	8432 582 4016 5403
2448	5283 534 8631 675
2449	8122 7629 3362 7321
2450	6453 9951 2439 6640
2451	8260 8126 5553 7603
2452	9130 6382 8260 5209
2453	7791 732 4972 5134
2454	3064 4655 6947 7399
2455	1311 1629 8292 2245
2456	5762 5507 8818 9753
2457	9416 5857 6644 6150
2458	3823 7773 8082 253
2459	4488 7637 864 2284
2460	5119 6137 6782 9528
2461	2674 2588 5078 2185
2462	1261 4878 1140 2537
2463	8428 3948 509 8451
2464	3115 1784 3790 1647
2465	1448 5652 8379 3277
2466	8215 6671 1226 6691
2467	7092 7445 8043 5072
2468	7849 5796 6983 1447
2469	436 1081 4081 9757
2470	3322 6870 7569 8810
2471	1011 2088 3966 9463
2472	5423 9333 9959 8854
2473	9969 8598 6164 1592
2474	8502 1102 6595 4984
2475	3921 7291 7011 5411
2476	723 6085 6257 3412
2477	24 6644 3584 1756
2478	5005 6411 6920 300
2479	5021 9347 8916 3743
2480	1018 9570 9771 9111
2481	6899 9015 5362 2884
2482	7137 3409 1921 7903
2483	1565 1131 1718 5508
2484	2718 1300 9028 2649
2485	8537 4539 9771 8966
2486	5270 5680 8063 7987
2487	9027 7740 6345 5750
2488	4146 670 4720 1250
2489	6963 3742 7661 6344
2490	2219 3473 9631 9107
2491	8562 8298 3801 8414
2492	9686 9867 2433 8686
2493	8821 8957 2455 763
2494	9615 1282 3041 6687
2495	3989 6598 2739 5363
2496	3146 9627 4956 622
2497	7486 6803 1864 9744
2498	3350 1367 6391 6116
2499	3020 5791 9699 5037
2500	688 4161 1109 2930
2501	2719 4499 8853 2026
2502	9708 7788 2413 307
2503	9967 4805 815 8747
2504	6190 6072 494 9091
2505	6356 3949 1900 8335
2506	6286 8029 5498 4107
2507	9649 6703 6260 5115
2508	4370 4575 6077 5326
2509	4992 37 7087 252
2510	4296 1777 5947 431
2511	4731 1660 1242 5672
2512	9547 2853 9030 4596
2513	3150 2095 7062 6419
2514	1365 8927 7125 5524
2515	1209 9772 9816 7122
2516	373 2854 2733 3079
2517	2903 9965 4411 7854
2518	6414 1386 3667 3208
2519	9292 1374 325 8267
2520	3393 8369 5356 5291
2521	8425 8629 9477 6628
2522	739 5744 1415 515
2523	9373 5077 3737 2126
2524	791 9685 2938 6451
2525	6459 7824 5168 4662
2526	1879 6377 2244 9580
2527	5350 6207 8680 6224
2528	160 5664 7371 3246
2529	6166 5609 3795 1899
2530	9383 1069 9432 3183
2531	2 858 9463 6592
2532	6662 1542 6207 6623
2533	4331 7318 3468 5618
2534	4072 3699 1755 3815
2535	9649 3229 5868 3452
2536	419 3280 3703 2725
2537	4414 3843 4110 5136
2538	4898 1090 6957 8661
2539	7837 6472 6008 9128
2540	4495 1793 5008 635
2541	418 5706 5598 8666
2542	8 3565 7770 5370
2543	249 9716 6027 1166
2544	1309 2861 7927 8029
2545	9039 1846 3106 1578
2546	1103 1301 6138 6008
2547	5601 6482 2949 6178
2548	7844 1062 9150 8391
2549	6095 4582 7154 7835
2550	2702 1038 3815 9068
2551	9714 2181 9457 2431
2552	2498 8526 4384 5914
2553	5691 4690 8430 8849
2554	416 215 9999 1922
2555	2521 878 1881 1660
2556	8918 1851 4284 6730
2557	3112 3037 9903 6521
2558	4816 8118 9168 8601
2559	211 4038 5204 3148
2560	4692 2988 607 7578
2561	4908 7728 1287 9719
2562	24 6081 4783 278
2563	7256 6430 1356 5548
2564	5226 2416 9500 5579
2565	2160 8197 3370 5962
2566	8598 1345 7015 8348
2567	5526 6895 9603 4480
2568	5673 5439 1339 5216
2569	5390 203 2271 2548
2570	6841 1616 5168 2478
2571	246 4175 298 6399
2572	6265 4906 9026 1169
2573	2106 8156 6150 3910
2574	7112 9907 7959 8516
2575	4991 485 5809 1735
2576	8883 6192 9164 8146
2577	442 3743 9413 4430
2578	6256 1737 7317 3635
2579	472 8041 4889 2832
2580	5248 2754 3028 1318
2581	4887 2279 1953 8496
2582	1753 9248 3873 8604
2583	4326 6224 9297 4679
2584	9545 3076 6731 3512
2585	2568 737 3463 2033
2586	9672 9310 4790 9562
2587	1633 9591 3940 8942
2588	869 2332 2516 7791
2589	1067 3901 5365 2291
2590	1058 5199 7114 4180
2591	8401 9408 4344 4311
2592	3321 4590 5580 6544
2593	1246 7591 5390 5131
2594	5828 3896 2301 9592
2595	2730 3918 7730 8666
2596	4108 3860 3344 729
2597	1063 395 2345 1566
2598	5795 3602 80 1984
2599	898 5036 6485 1069
2600	2513 4825 6579 5401
2601	8852 7868 1119 7836
2602	915 8514 2333 213
2603	8072 1655 5328 4093
2604	5071 6570 4319 147
2605	7033 5632 447 5741
2606	5354 453 127 8351
2607	5902 2274 5945 9490
2608	4803 5125 6949 5579
2609	9757 319 8489 2523
2610	2486 9405 9599 4527
2611	1692 2131 5391 2718
2612	4877 3139 4407 9499
2613	425 9823 3759 2033
2614	417 7543 4825 5953
2615	6400 2544 7049 4313
2616	9524 7523 8899 8886
2617	7588 6781 1433 1449
2618	2140 3810 8358 2525
2619	1179 2652 5431 8643
2620	7578 8363 4042 6321
2621	194 1742 7586 301
2622	6920 8619 2584 3862
2623	4690 6251 8609 3023
2624	6483 4928 4862 1997
2625	5647 4972 6394 1067
2626	2010 754 7580 7189
2627	5919 8920 4570 2722
2628	7120 7104 5538 4938
2629	6682 8328 7841 3082
2630	6307 1037 3613 5931
2631	9711 3139 284 9850
2632	2311 3064 4331 9565
2633	5499 1161 5963 4039
2634	35 9829 8966 1405
2635	4760 1581 4763 6654
2636	4342 6490 7597 6241
2637	6162 6680 178 5824
2638	7072 7938 6242 2498
2639	6282 1285 9922 6205
2640	9363 9182 7296 6919
2641	8722 7728 4739 3943
2642	9015 3003 2815 703
2643	8081 3905 5503 6014
2644	9016 7364 8926 9543
2645	1045 3423 3840 2317
2646	2584 5924 3591 410
2647	1259 9719 6876 2560
2648	2143 2510 9281 7318
2649	6824 593 2427 7673
2650	4467 4416 6745 6818
2651	9278 5606 6994 7243
2652	1923 7 5953 1494
2653	751 6466 5242 317
2654	211 3241 5593 6368
2655	1605 9682 6292 6784
2656	6286 1481 2992 8784
2657	4321 1546 9149 533
2658	6258 3203 2268 7066
2659	671 7786 6815 3565
2660	1973 9104 9641 7070
2661	8249 4138 6273 2362
2662	6725 3474 1366 8588
2663	9368 9516 9382 3914
2664	5064 2702 1551 5500
2665	9979 446 7993 9034
2666	9036 4310 4214 4544
2667	8812 4015 5047 4865
2668	3359 2980 6406 7639
2669	7252 6709 2333 6791
2670	5000 9746 6941 1788
2671	8586 8185 4670 2373
2672	8436 6693 8347 8783
2673	1221 2307 9782 6380
2674	6445 2323 8003 4151
2675	4219 2549 2880 6508
2676	7752 2080 8140 1088
2677	5082 5290 5089 3952
2678	7000 4428 3333 491
2679	9090 2431 5210 1638
2680	9640 5374 8475 2626
2681	6700 4270 5070 5647
2682	4133 3312 9776 9427
2683	519 4671 9705 2097
2684	6537 1721 6329 9025
2685	6203 3124 4962 2606
2686	8049 9357 9975 5653
2687	2238 2558 6787 6351
2688	4322 6319 6791 8805
2689	2032 7455 8370 5668
2690	6541 9669 4373 5212
2691	8003 4175 3667 5182
2692	8085 4096 5280 6052
2693	1406 4250 8339 1529
2694	7401 1555 8493 9605
2695	3545 1859 2092 1871
2696	7203 8761 7554 6565
2697	3697 8691 9600 4597
2698	2494 2966 6162 1129
2699	6601 2971 713 4916
2700	5063 4529 9440 6103
2701	7672 4553 4511 1311
2702	91 9466 1840 4319
2703	7246 4663 5875 6277
2704	1284 6357 680 1870
2705	6101 7141 7761 6187
2706	4569 9812 7722 882
2707	3263 7840 7099 654
2708	6790 7000 9827 863
2709	3686 206 7339 1341
2710	5076 4694 3776 7998
2711	7758 8024 6069 3817
2712	4594 1713 9592 1227
2713	6804 797 1844 3748
2714	7260 5726 1376 2380
2715	8764 3299 385 492
2716	1626 3919 4556 5242
2717	6027 8477 6646 6999
2718	4670 4248 3706 4976
2719	3061 2041 5900 4796
2720	9476 7662 5674 5075
2721	4911 7866 3957 6808
2722	8925 2010 8579 3677
2723	8914 5623 3903 8761
2724	4397 5163 8466 4934
2725	1013 5937 4336 2034
2726	259 8305 1863 3949
2727	4997 3806 1964 6914
2728	9409 305 4327 5752
2729	7629 8035 9681 5467
2730	2532 635 2149 9733
2731	5186 2981 9702 7460
2732	3872 1365 6855 1039
2733	7215 9037 236 1144
2734	9318 8463 9847 9524
2735	1479 9992 3289 3048
2736	8371 8806 7624 5027
2737	9983 8622 657 7448
2738	180 2132 6360 4998
2739	9758 6712 4967 6638
2740	5262 6467 8308 6755
2741	3632 2077 2674 7748
2742	8703 1520 1511 2078
2743	5613 3071 6365 481
2744	7741 6948 8570 6203
2745	2704 604 4393 2842
2746	6426 1494 9878 6812
2747	9971 8739 6919 8714
2748	2772 4530 1635 1141
2749	8533 7552 8770 1953
2750	9242 3750 9207 954
2751	6738 6158 1160 6574
2752	5743 1443 1959 5789
2753	3273 9536 6300 1547
2754	5387 7083 6559 4630
2755	7197 105 1189 1753
2756	7187 5795 1904 4954
2757	3963 3884 9463 3717
2758	6611 689 372 5966
2759	8376 1503 3101 5884
2760	4425 2002 6838 9750
2761	5135 6346 8958 8405
2762	6635 7542 9081 65
2763	5122 5651 8668 6680
2764	3491 7011 577 3552
2765	908 5535 4267 6208
2766	3499 7432 9476 2224
2767	8099 7598 6047 3727
2768	9174 8165 5569 9313
2769	74 3014 3602 1034
2770	4888 1726 450 2750
2771	2446 9820 5835 3440
2772	3540 1012 4752 1867
2773	132 504 742 4359
2774	8065 4431 316 3288
2775	4311 9932 1221 1190
2776	5782 7884 4490 1362
2777	8754 8138 8841 5352
2778	8479 6624 8338 7021
2779	4996 8600 3561 1107
2780	8756 565 499 6453
2781	3670 210 3702 3614
2782	3680 3811 3661 7633
2783	4939 370 7133 6580
2784	38 2869 1187 8384
2785	4421 7378 1599 3801
2786	1622 8306 7284 4423
2787	2249 2595 9390 6934
2788	7875 1455 5307 9598
2789	1992 6746 9145 3876
2790	4962 1181 5254 3439
2791	3041 166 5472 8327
2792	4866 5685 3357 3000
2793	4770 3786 5285 1263
2794	5465 866 3742 7033
2795	3273 6232 8295 9348
2796	4726 9853 4621 513
2797	1826 2533 7912 3643
2798	5096 7967 9159 6701
2799	4333 1613 7976 4331
2800	10000 3615 4278 2058
2801	6982 3015 188 3671
2802	2930 8377 8983 6606
2803	7085 8098 6912 9899
2804	1050 8918 7492 8585
2805	9649 7342 4069 9347
2806	9446 9240 1462 7658
2807	1619 3320 9279 2744
2808	9201 4274 9883 5300
2809	915 8417 1102 4321
2810	2344 4853 4846 4538
2811	2414 7412 6252 9140
2812	9362 9675 6320 3705
2813	5840 7706 3018 4880
2814	454 2060 9327 544
2815	1148 4126 736 9214
2816	8 7987 2425 3600
2817	5466 1016 7169 2870
2818	4861 7221 7341 7651
2819	1887 1628 7886 1467
2820	846 1139 5706 8665
2821	4492 3717 4337 6324
2822	8833 9323 398 1658
2823	5872 646 222 5563
2824	1033 1917 5757 1767
2825	3098 9371 8963 2038
2826	668 6297 3107 4804
2827	5626 176 8609 3892
2828	3295 4703 5397 8621
2829	3903 8196 4339 6869
2830	6041 4122 7557 753
2831	628 3447 2908 4910
2832	1791 957 7206 926
2833	7523 4319 7785 6999
2834	8982 775 3718 9308
2835	9254 9325 8577 3769
2836	4085 7783 2338 2636
2837	2711 3259 3367 6931
2838	3051 9608 4030 750
2839	4232 6862 8015 8245
2840	71 381 1047 5463
2841	9557 3596 2193 2471
2842	6843 9216 2839 2184
2843	1325 3190 7932 464
2844	3195 1720 6827 2283
2845	6712 9253 2809 4460
2846	406 9364 3847 769
2847	3481 7433 6545 7447
2848	1847 5244 8586 9542
2849	6138 1352 6760 2501
2850	1681 5054 1240 1222
2851	5160 5867 6884 5967
2852	1253 8936 7769 2325
2853	1328 1085 6839 453
2854	4565 3286 2654 7476
2855	4080 5987 4986 9743
2856	8728 1551 9837 8196
2857	7504 7537 8055 7944
2858	2690 9603 4654 869
2859	100 9701 4289 9454
2860	7641 4356 2028 8463
2861	4746 6926 3891 4652
2862	5538 3970 3874 9760
2863	3470 8343 9993 8616
2864	7943 4176 1801 7982
2865	7539 2178 2848 6636
2866	5975 8075 9495 7939
2867	7172 4685 9691 789
2868	3615 6082 2889 7151
2869	6720 4306 2854 6441
2870	812 8609 5221 1726
2871	581 9662 9052 6160
2872	9872 6539 8358 2211
2873	2281 9532 3548 1268
2874	8500 3604 1415 8137
2875	4172 3996 3848 7978
2876	5489 325 2614 2492
2877	8036 8583 8995 5941
2878	556 1396 565 9001
2879	7496 7414 2113 1875
2880	8106 7050 6740 5747
2881	1594 7131 5864 9948
2882	5817 4280 1730 8408
2883	5159 661 2726 3561
2884	2837 5597 4103 5189
2885	5644 8800 4609 298
2886	9133 1437 2152 3375
2887	8023 7991 9202 2912
2888	7062 7295 5627 4377
2889	9006 4700 3693 4464
2890	8590 8189 6679 107
2891	9362 354 9982 4956
2892	6745 1159 6658 8579
2893	8447 5926 9394 165
2894	7881 1170 8170 747
2895	8191 1945 9013 760
2896	2118 6997 9830 3748
2897	4710 7966 6233 1239
2898	2903 1462 4549 7982
2899	4507 5334 2909 3741
2900	3102 4729 844 6733
2901	8764 8474 5557 1381
2902	4202 290 669 7403
2903	3653 2862 3472 9382
2904	7300 719 6580 2878
2905	6727 2340 2327 9983
2906	9361 4328 5645 9990
2907	9549 4502 6872 8891
2908	5926 4446 7453 9622
2909	4450 510 2640 6848
2910	1924 190 8834 9610
2911	9004 4872 3277 9791
2912	5508 1339 8423 7240
2913	5237 1496 7028 5038
2914	5977 185 110 2919
2915	1831 4608 3208 8951
2916	5733 91 5577 364
2917	6678 7035 7077 3596
2918	7962 3897 2609 1527
2919	4016 3783 9423 6078
2920	6270 5272 7706 6405
2921	5069 5819 5394 4423
2922	9852 2664 8604 8842
2923	3638 7572 5612 8159
2924	7938 8568 4769 9525
2925	8396 1761 1477 50
2926	265 6526 1671 6442
2927	1786 6855 5692 7879
2928	6051 4455 7679 1269
2929	1363 5740 8510 1570
2930	2638 5712 823 7385
2931	3188 8955 9993 1512
2932	6309 8641 6316 1511
2933	8437 2258 8635 8491
2934	2051 1239 4754 6324
2935	3794 6207 7125 4293
2936	6084 88 5183 5840
2937	3387 4963 6733 4756
2938	4799 1683 6882 8816
2939	5018 2552 2811 3784
2940	6441 9932 8612 8010
2941	6296 7493 5262 7708
2942	7334 5712 4333 4703
2943	6883 852 9476 4239
2944	2757 3136 9952 8602
2945	1522 8560 5170 9231
2946	3650 2428 6543 2956
2947	4792 6121 2887 7477
2948	4287 1172 1629 3519
2949	2577 2749 454 853
2950	2737 4106 1646 7859
2951	7143 2368 4629 8264
2952	5524 6584 5511 8448
2953	2415 957 6373 7043
2954	194 8397 1293 8912
2955	3527 3245 1696 4729
2956	4716 2714 5489 7933
2957	93 6924 3876 3484
2958	597 9552 7084 9345
2959	5721 9202 7008 6794
2960	7368 4452 6674 176
2961	7287 8805 5271 9555
2962	9743 758 4276 622
2963	6222 6329 7124 8161
2964	5117 8299 8146 1209
2965	641 7219 8681 6806
2966	8352 2140 915 2814
2967	1531 4605 5949 9828
2968	2791 2572 8649 4568
2969	8416 3729 1321 7658
2970	1334 1508 3079 3231
2971	9915 5723 5718 5672
2972	9039 1087 7161 5099
2973	2435 6198 4146 1110
2974	9231 7416 9375 8185
2975	5893 3204 9057 3084
2976	8353 6113 2740 8030
2977	8775 9958 2888 4685
2978	924 6602 366 5282
2979	6140 9987 8398 4179
2980	4867 8941 577 6948
2981	3205 6246 3048 4403
2982	9217 387 1098 6112
2983	4073 1198 1539 5581
2984	744 8873 3650 6803
2985	9837 1847 8854 7009
2986	3386 7088 7364 1726
2987	2809 2281 4654 7297
2988	4546 3965 1907 575
2989	3958 6396 8753 1235
2990	5311 36 8909 5784
2991	8749 5198 6510 3676
2992	7399 9325 3391 748
2993	2545 6273 2449 7346
2994	8282 3248 5202 2755
2995	501 7891 217 1976
2996	7335 1311 4212 9208
2997	8406 6547 7042 6724
2998	80 9342 1961 1045
2999	376 4692 1275 6537
3000	4647 8423 6791 1702
3001	6450 4914 2311 5754
3002	4438 6749 9098 3454
3003	8171 7891 3209 9069
3004	3606 2233 8284 5505
3005	3054 4061 7656 770
3006	7491 5809 3223 9825
3007	9483 3145 4596 8069
3008	8406 4158 3602 1399
3009	2001 1420 5774 3315
3010	8295 5801 405 9276
3011	3266 3931 3761 2860
3012	3676 6403 9937 3633
3013	2961 7743 572 7471
3014	5043 7503 7325 1903
3015	5868 2733 9927 283
3016	2411 7887 2214 3962
3017	1012 8454 9382 3528
3018	1059 8322 1502 2330
3019	1264 9162 2122 4524
3020	6686 8487 1386 8424
3021	8150 4208 2004 4732
3022	7181 9595 3751 9985
3023	9720 7706 9624 3106
3024	8984 7403 9966 7973
3025	288 9627 1623 6388
3026	9636 8109 8536 3499
3027	9617 295 230 4540
3028	4513 3975 1742 6603
3029	5700 1626 5131 9065
3030	4999 6416 384 9099
3031	9644 1392 5143 5643
3032	7342 1773 5059 3105
3033	3410 1309 2901 162
3034	6354 9023 7021 5374
3035	1116 5790 1769 9047
3036	5724 9270 1600 5076
3037	2483 5849 551 593
3038	7236 4014 2402 9317
3039	2608 1823 8203 3880
3040	4445 2933 5075 6325
3041	5697 9324 7727 5858
3042	2480 2179 5285 1002
3043	1667 5177 5700 5150
3044	4564 1038 6731 1301
3045	3585 3929 1463 3239
3046	7558 8225 1529 6794
3047	799 1002 7928 9832
3048	3381 9038 7094 2675
3049	7314 5532 4137 9398
3050	519 1136 768 3468
3051	7479 4515 8267 160
3052	9993 9808 5873 722
3053	1373 6 8575 5122
3054	3130 3247 631 8125
3055	398 2798 8973 7141
3056	4294 4570 4411 5612
3057	9563 9285 5338 6477
3058	311 110 4173 1284
3059	6674 2978 8478 9792
3060	9754 2841 7630 6273
3061	240 8591 9734 4136
3062	9480 5722 8671 3028
3063	7265 4481 5616 8114
3064	2849 2205 4858 1927
3065	9323 8777 8582 5120
3066	3903 179 6469 4606
3067	298 5576 2073 301
3068	4478 1245 1466 4958
3069	2004 226 9291 3734
3070	6645 9332 1010 342
3071	4540 6877 6836 7208
3072	1231 1439 5725 6231
3073	6666 7267 6264 935
3074	4229 8511 3745 7270
3075	7757 7013 8952 9564
3076	6840 6357 7801 6495
3077	6975 4527 2189 3903
3078	1611 4893 63 2346
3079	7155 8168 7357 5962
3080	6693 8969 287 12
3081	623 9193 4246 65
3082	2559 5583 4915 9645
3083	1665 1668 9094 2110
3084	738 380 2215 9032
3085	5692 5608 7771 2334
3086	2046 967 1302 2404
3087	8267 6322 9682 4372
3088	2636 5833 926 261
3089	8131 1160 2413 4825
3090	9755 5426 7274 7313
3091	7103 4718 1946 3092
3092	5526 6273 8746 6937
3093	6310 4895 8327 789
3094	6309 9970 9620 922
3095	2594 5150 2089 3715
3096	7230 6311 3857 2671
3097	1129 2818 2446 7048
3098	6303 3862 4907 559
3099	291 9391 4288 6210
3100	276 1906 7293 5654
3101	2666 6311 7356 1663
3102	4766 4804 1032 4631
3103	1681 9001 7618 5811
3104	4572 3576 462 4402
3105	6829 2621 7833 4115
3106	6140 9759 4950 9695
3107	1684 5351 1577 569
3108	3085 3469 122 8629
3109	8000 8860 2563 9739
3110	7378 977 4744 4189
3111	6061 1091 9020 3738
3112	3388 7110 213 1422
3113	6142 3468 1096 2685
3114	9271 4290 6701 1190
3115	8464 3215 7766 1493
3116	414 3141 2468 1313
3117	9342 1576 8574 4143
3118	2590 9252 559 5101
3119	9347 460 4696 8990
3120	8271 6879 208 5413
3121	5276 3225 3254 5120
3122	8169 3197 8584 9630
3123	1469 202 8602 280
3124	1476 6013 2247 7223
3125	7564 5869 4390 5490
3126	2501 3782 6646 6964
3127	9225 2565 603 78
3128	8455 9254 6305 5251
3129	5495 5133 501 3608
3130	2974 7073 7961 498
3131	1513 1923 3397 7901
3132	2655 1270 3862 1089
3133	8097 244 555 3225
3134	9331 773 2651 6027
3135	374 8507 3143 7578
3136	9134 9707 851 8054
3137	6037 3099 3126 6973
3138	469 4635 8801 8765
3139	137 5292 277 7644
3140	6965 2639 1113 4057
3141	7309 2410 1055 8166
3142	8169 2641 3167 6077
3143	4284 7885 8021 624
3144	317 7250 2024 4801
3145	5206 6867 1645 5191
3146	1858 4023 2199 8316
3147	9768 7578 9910 1709
3148	3555 3078 4212 5971
3149	9547 3769 4948 5231
3150	1016 2683 6553 2638
3151	1007 292 89 9848
3152	8222 5639 9770 5523
3153	4621 2073 5166 6592
3154	4317 7095 4741 7182
3155	8289 6585 2707 6740
3156	2243 8741 5893 9723
3157	9850 1287 2715 1375
3158	7113 5253 4101 5498
3159	7803 433 9159 1762
3160	4209 6335 3338 9060
3161	1628 183 6984 2767
3162	1356 1733 9729 3602
3163	3030 6969 4500 3310
3164	8095 7187 1629 2670
3165	7317 1745 2338 3704
3166	4565 6449 4562 4550
3167	9716 1886 6795 9590
3168	6253 8224 5426 2395
3169	4884 3315 2393 6157
3170	6944 7158 6252 7900
3171	9163 7686 5702 4345
3172	1045 4854 8951 128
3173	4145 3382 108 2804
3174	8240 304 9016 3959
3175	7051 4489 9084 5538
3176	7955 9090 7921 4552
3177	8097 8943 3735 5352
3178	8448 7250 1110 5187
3179	7526 5572 8931 7497
3180	5545 8791 861 5931
3181	5325 9911 1158 6250
3182	8975 5488 1099 9646
3183	4778 361 380 9519
3184	92 3850 4245 66
3185	6933 9481 7670 3074
3186	3343 6881 8590 3878
3187	6844 53 129 6463
3188	5268 7642 8356 5061
3189	4012 1925 4720 7316
3190	9057 7517 7579 5089
3191	8839 3562 3027 9314
3192	9710 4549 3296 7026
3193	4087 1754 9671 1862
3194	4718 6248 3094 5032
3195	5377 3999 8137 6246
3196	7836 6895 7047 3351
3197	7549 681 9111 3885
3198	9000 1468 4283 454
3199	4373 8372 8054 7183
3200	1749 7102 2 4686
3201	7520 1350 749 2449
3202	575 8223 9617 7514
3203	6977 5696 7766 7363
3204	4595 3384 2884 9255
3205	9159 9265 1446 2544
3206	609 204 2376 34
3207	858 1221 1857 7923
3208	8211 9811 7463 5646
3209	6856 1406 9836 1908
3210	3703 7076 3976 6559
3211	6961 1329 4000 428
3212	4051 1980 2692 306
3213	6151 7079 2883 1334
3214	3105 9997 3022 9163
3215	1234 3842 3368 9870
3216	8622 5706 7604 2946
3217	8973 7808 2061 4579
3218	9972 9495 2653 9985
3219	2387 3657 1109 8608
3220	3962 9536 5955 8709
3221	6129 3763 6986 4909
3222	309 4236 2588 5517
3223	4423 62 8333 5515
3224	4152 2036 9679 5597
3225	9519 5193 6659 9976
3226	7067 37 9990 3366
3227	4717 5593 5452 5683
3228	8591 2868 1695 7030
3229	3625 5546 9117 3290
3230	7459 8469 8295 7389
3231	6504 7815 3010 3736
3232	5470 7987 8304 4461
3233	5311 3494 9827 9471
3234	7161 2887 9080 6774
3235	1360 961 5592 1411
3236	5346 3541 2977 7222
3237	3398 1389 603 4868
3238	5961 49 6818 6283
3239	9347 6228 6802 2246
3240	5635 7880 7686 8092
3241	1933 207 3276 7652
3242	1940 7994 8929 7373
3243	7030 2003 5827 8727
3244	9367 3592 396 5542
3245	3626 3510 4909 3985
3246	3741 3337 5995 2450
3247	6061 7816 8604 9749
3248	3991 3977 9845 6164
3249	2381 5463 3779 9359
3250	3001 3652 9532 6954
3251	7522 8311 9069 8748
3252	8577 870 1277 3226
3253	6370 454 7913 6728
3254	1522 3095 7192 6513
3255	9717 6015 8534 5338
3256	223 3241 9212 9858
3257	5601 4345 419 5498
3258	247 1947 7783 8899
3259	9623 4214 3668 5825
3260	2987 8465 5936 7830
3261	420 9897 8374 8019
3262	9602 3225 992 3000
3263	687 3694 6106 437
3264	5169 696 6804 5404
3265	9896 1421 4529 2647
3266	3298 2042 9191 9545
3267	2153 9663 9188 7623
3268	3262 3245 6015 236
3269	1529 6165 3590 4992
3270	137 5861 1204 800
3271	7639 9844 8280 3389
3272	4386 8972 5800 6232
3273	2509 7326 1457 907
3274	6325 429 8970 3137
3275	9573 6116 5249 3548
3276	8494 9883 2320 5027
3277	7485 5265 1658 9939
3278	5814 2188 5527 7144
3279	4024 3349 5936 2493
3280	6940 5710 5680 6409
3281	8665 243 8836 3381
3282	4401 7693 6193 8114
3283	6655 4529 8416 3551
3284	5648 117 285 5813
3285	7968 554 9860 8778
3286	5366 4506 8803 6929
3287	9847 2807 3860 4226
3288	8734 3544 4361 1133
3289	7402 2958 8920 3014
3290	9936 5885 3782 4579
3291	2719 6695 645 4877
3292	138 8040 8657 742
3293	9309 3319 1516 8191
3294	4415 3888 9448 7757
3295	5345 945 7995 2315
3296	7661 7986 2040 2955
3297	6127 4112 7840 7524
3298	5360 3623 6884 7552
3299	3454 8631 9506 6629
3300	6330 342 9946 8380
3301	7220 571 7155 5800
3302	980 8527 1591 8942
3303	2396 2427 9407 2064
3304	493 558 4170 9103
3305	2816 9728 7274 1503
3306	9411 9058 1662 1285
3307	1686 5595 6904 5264
3308	6568 2762 4974 1154
3309	7587 9106 5736 139
3310	7042 9681 4692 2494
3311	3882 5699 6463 6716
3312	855 5389 8985 9193
3313	8909 4321 1787 868
3314	2538 1524 8154 2101
3315	4113 6531 4390 3701
3316	9322 5846 8860 4876
3317	7353 7347 759 985
3318	4751 607 477 901
3319	9036 6283 4541 5572
3320	8792 382 3198 2824
3321	9428 9711 4962 5328
3322	5153 4000 2535 7367
3323	6510 2455 8530 4698
3324	1429 7771 7674 660
3325	5130 7368 7670 202
3326	7979 8813 1790 3542
3327	9774 6510 8287 8863
3328	6945 7949 865 2052
3329	5330 6520 9324 3850
3330	3734 1395 3805 5594
3331	2424 3791 1298 3476
3332	9446 9244 757 4206
3333	6536 2125 7542 8089
3334	4224 6622 8358 6731
3335	2983 6699 1408 4380
3336	8320 318 402 3753
3337	3082 3374 5041 8138
3338	9783 9657 9882 2677
3339	330 1646 513 4606
3340	5096 5468 3699 7485
3341	9260 2872 2063 238
3342	1862 5070 4465 2395
3343	3808 2786 9003 871
3344	668 4409 4781 6867
3345	6463 8795 2429 9121
3346	6629 694 8116 9263
3347	4274 8036 5316 8157
3348	9821 178 6986 7795
3349	2849 1780 4795 9898
3350	7763 6109 3551 386
3351	4899 5393 7434 3182
3352	2457 1284 9878 9519
3353	5590 792 3235 1445
3354	9090 8124 5207 4254
3355	2990 55 1690 90
3356	3436 6750 5310 9200
3357	8227 4748 3735 846
3358	242 8148 4714 9425
3359	6643 5348 6734 4167
3360	5456 5163 5990 1030
3361	8178 9140 5714 974
3362	981 8838 1554 9444
3363	2493 2986 3006 1925
3364	1878 1378 2540 1361
3365	1940 9413 160 5771
3366	2376 9894 6134 1679
3367	3372 642 561 8350
3368	8910 7009 7514 3808
3369	8017 5368 8495 302
3370	5476 5392 4998 284
3371	7147 7366 623 4657
3372	9067 3324 7361 738
3373	123 3344 8761 5158
3374	662 7534 404 5969
3375	542 9841 8681 2348
3376	324 7695 5796 123
3377	5684 5426 8233 7266
3378	3322 4208 8993 7786
3379	4213 4988 9519 1927
3380	7863 7231 4576 9182
3381	7198 7450 4065 1689
3382	4034 220 6781 4614
3383	7894 6935 6998 7048
3384	7848 5721 136 8763
3385	6473 59 6055 1475
3386	3903 4606 188 6553
3387	6871 8848 3962 7462
3388	5121 2520 7073 4911
3389	4297 9564 8152 5142
3390	8228 8885 5350 8906
3391	3594 2639 118 6546
3392	9255 4522 1960 6570
3393	565 7872 7789 3842
3394	4157 3649 420 3952
3395	718 2049 8222 1760
3396	5855 4840 3450 861
3397	2415 3236 4652 2807
3398	497 3373 8100 8215
3399	4339 7133 1457 8839
3400	2536 4333 7160 9871
3401	406 6089 2987 4120
3402	342 1813 8123 5404
3403	8747 633 7319 3043
3404	1497 4607 6312 5429
3405	5277 6715 4039 401
3406	9682 2897 1913 7736
3407	6452 9255 5885 3284
3408	3082 3630 1593 774
3409	328 4015 7736 1459
3410	7658 4474 4152 826
3411	9798 5372 2812 7460
3412	7267 7593 6230 594
3413	6954 7129 5210 8500
3414	6631 4809 8473 9856
3415	2942 7130 9907 9800
3416	2474 5139 4745 3361
3417	3388 4177 6258 2952
3418	2718 4215 7019 7190
3419	5485 7500 8631 3554
3420	3628 2606 6362 2419
3421	9179 4857 8353 9471
3422	9973 6692 6081 4164
3423	1552 5252 4387 4843
3424	3875 1415 6561 4759
3425	438 6183 6295 5209
3426	3867 8961 2547 2220
3427	605 3386 1938 5985
3428	6863 1224 2735 8941
3429	3414 3100 4107 9915
3430	2237 6780 8392 1090
3431	8776 3007 4810 9129
3432	9023 4997 2439 6092
3433	6415 8253 3289 3922
3434	4360 921 2931 4227
3435	2017 3162 4036 3506
3436	3736 4608 5201 440
3437	2626 7644 4008 3619
3438	1330 7687 5059 4176
3439	4850 9645 4081 2119
3440	1824 8122 1384 8317
3441	8864 1464 8350 6447
3442	3386 1362 219 3072
3443	1003 8283 6315 6204
3444	5264 2381 4049 7090
3445	7798 1824 7223 14
3446	2365 8464 9298 5982
3447	4732 693 2868 8261
3448	3548 7023 2332 7946
3449	3688 1679 5009 2390
3450	9946 6198 9208 7258
3451	4103 3045 6236 6998
3452	4592 8582 7279 8999
3453	4166 1673 8580 3143
3454	4836 9975 7359 2622
3455	43 815 2476 9989
3456	4626 5784 3635 7646
3457	3116 4177 9764 7206
3458	4580 7399 4749 2161
3459	7425 5044 8351 2385
3460	3959 9686 3552 3625
3461	2176 6278 2878 6131
3462	147 8589 4918 1936
3463	6998 8120 5269 2479
3464	8049 4778 707 6724
3465	910 5973 1413 3799
3466	3951 5225 8466 4395
3467	9436 9575 5371 7459
3468	5780 9696 5789 5576
3469	8182 8325 492 6171
3470	4496 3201 5382 293
3471	5304 4913 7623 5166
3472	9369 8663 6842 6495
3473	9787 842 4179 7132
3474	3273 6271 9898 7304
3475	7224 2982 4260 175
3476	2815 7304 445 3796
3477	9853 9838 9265 5012
3478	2107 561 5103 3028
3479	3038 9887 428 5019
3480	8298 8958 2189 5535
3481	6076 2027 9618 6848
3482	1595 2343 7041 2588
3483	1242 9955 2385 9880
3484	2451 127 7444 1132
3485	1317 8117 7693 9958
3486	3813 3938 513 3506
3487	2504 6770 2113 6567
3488	6915 6187 5890 9808
3489	6596 7653 2325 2898
3490	4941 5149 1320 3065
3491	3526 9767 8684 5094
3492	83 1005 5775 1283
3493	3033 6872 4386 372
3494	5993 91 2167 5832
3495	2066 4411 9233 3690
3496	9469 6586 6394 2689
3497	2764 3828 4419 9169
3498	2290 1809 1959 1567
3499	4388 6458 4897 5554
3500	6588 1379 9756 8133
3501	1382 7544 8841 4688
3502	4859 9567 705 6179
3503	8948 3308 9568 8168
3504	8786 8392 4917 9861
3505	6928 446 3827 133
3506	9417 6187 4777 959
3507	2587 7964 1811 3514
3508	4915 6729 959 2467
3509	2989 5836 8477 2937
3510	1096 5321 9724 7756
3511	8029 3591 2789 9980
3512	4279 2695 7083 4093
3513	5925 4679 1349 5495
3514	5585 1045 394 307
3515	3980 9198 5568 9306
3516	762 9094 804 1067
3517	8775 8425 6984 9770
3518	9849 4650 567 4412
3519	1597 9442 3637 4371
3520	6552 3860 7717 4911
3521	6872 7170 1514 7847
3522	8082 6016 6849 2158
3523	3642 4064 8994 6152
3524	2367 1649 8811 3195
3525	2725 4874 8943 2998
3526	1069 9453 4026 7866
3527	5087 4964 2662 669
3528	3618 4524 3810 8140
3529	175 5919 2230 8339
3530	9617 6393 1635 5977
3531	6472 1426 2974 9239
3532	4393 368 1519 9457
3533	397 9748 5744 2637
3534	5208 9809 3953 3571
3535	3799 6494 9487 7862
3536	3708 159 642 336
3537	4768 2861 8218 5350
3538	3563 7750 8147 2695
3539	1263 18 2870 4052
3540	914 7739 7068 8049
3541	2144 9907 7790 5458
3542	9256 5874 7799 218
3543	5586 6362 3622 1938
3544	9686 8206 6074 3102
3545	584 8145 3235 1167
3546	2055 1365 1545 5401
3547	3265 7302 4970 8961
3548	2510 3567 449 3386
3549	6070 2017 7993 47
3550	8149 3103 9048 7863
3551	4519 3097 7803 9973
3552	67 6782 7999 2277
3553	3243 7108 6089 1678
3554	1934 5486 9029 1168
3555	209 7268 7982 7072
3556	2454 7834 4412 2114
3557	5713 5234 1554 7377
3558	6508 5784 6585 9693
3559	538 3072 8889 5985
3560	1629 7954 9965 7022
3561	5971 4934 5441 4068
3562	3550 7396 9528 9005
3563	6816 2185 4564 2327
3564	7010 638 1042 1507
3565	7449 4100 7040 1879
3566	5744 3904 5959 2420
3567	66 8606 1277 3543
3568	8639 586 9952 3779
3569	3752 4026 8398 7521
3570	7410 1310 7809 8948
3571	2781 3287 7894 4871
3572	4824 4198 9000 5244
3573	2629 6624 3738 8029
3574	1508 8323 7577 318
3575	2606 7495 7876 132
3576	3670 7755 7320 112
3577	4692 9058 7889 1934
3578	3681 7093 7989 7279
3579	9234 5415 8281 672
3580	421 1928 1420 1567
3581	9440 2568 312 7435
3582	6494 9276 6800 7876
3583	8319 9005 3604 8280
3584	5020 3734 2922 3439
3585	3624 4729 3843 9639
3586	9544 4793 1473 2883
3587	8676 601 4813 397
3588	6804 9586 9485 8830
3589	9489 6915 9738 1442
3590	3594 3196 958 6103
3591	1572 1299 6434 8439
3592	5745 5556 7372 9638
3593	2932 1212 3137 5128
3594	9401 9994 4297 9730
3595	3391 5595 7039 2551
3596	2156 3493 6651 3419
3597	4119 3548 5533 4236
3598	4403 2849 8281 7450
3599	5462 5315 976 8623
3600	9274 4131 2490 6542
3601	5599 2296 3356 7792
3602	2927 4998 8890 501
3603	7338 8335 1705 5870
3604	5633 812 8546 5068
3605	5448 4108 4276 1455
3606	8079 5803 3738 4371
3607	2323 86 9595 5812
3608	6642 9955 898 7315
3609	5493 1229 5319 2661
3610	5986 813 5249 6335
3611	6519 8373 9511 5972
3612	7277 6916 3527 4544
3613	7141 7064 9408 9321
3614	5550 6200 6796 6522
3615	5205 4505 6075 4102
3616	317 8366 8793 8709
3617	9867 9245 9413 4161
3618	9383 4977 6526 7718
3619	2817 6235 6920 1270
3620	7012 4808 8908 8727
3621	9893 1962 1334 9261
3622	4076 4865 6091 1583
3623	5329 541 6816 4620
3624	9629 9391 6871 9205
3625	9092 1803 701 7867
3626	482 192 4032 1498
3627	6320 6730 7999 3134
3628	7755 1623 7841 8066
3629	6662 3884 8802 3049
3630	7161 2724 6012 4719
3631	519 2894 4570 2199
3632	2804 7149 4427 2037
3633	8615 7503 7834 5274
3634	2665 8780 6654 9041
3635	1115 1208 1304 5323
3636	7619 7194 1872 1417
3637	2604 3091 6583 3456
3638	4818 2548 197 1672
3639	9617 97 9724 3801
3640	594 3832 1610 8100
3641	8145 4711 737 6571
3642	7652 7960 9687 507
3643	9563 3758 6800 7662
3644	6227 9693 4158 3271
3645	4754 4867 4426 5395
3646	9182 4016 6952 489
3647	7861 2065 4110 3711
3648	6515 3254 4847 3740
3649	3063 875 2096 6426
3650	5658 949 8074 274
3651	46 6353 7824 8988
3652	116 3338 8340 8354
3653	6422 4559 2317 2591
3654	480 7096 1574 6875
3655	8255 9089 2363 475
3656	8678 8967 430 8424
3657	3061 9532 7628 7772
3658	8423 8877 9070 8484
3659	3194 7945 3079 4346
3660	2257 3175 8094 8622
3661	1320 2808 7015 4747
3662	8350 8749 592 8186
3663	3902 7273 5815 609
3664	8235 1954 1267 7296
3665	3007 18 137 8608
3666	70 8526 9316 3725
3667	1586 2495 3682 1444
3668	660 1924 2335 7630
3669	2415 5977 4883 221
3670	3505 7951 2922 1055
3671	6325 5416 3930 4056
3672	9409 2890 1796 3618
3673	1034 4866 2374 6807
3674	834 890 1319 1846
3675	7932 960 234 1373
3676	1097 3903 1091 7283
3677	508 6780 6009 9211
3678	4766 4043 2939 7646
3679	4757 8348 8274 6404
3680	6143 3966 6063 6086
3681	8861 9908 3662 7926
3682	8630 5552 4361 5906
3683	6727 2217 4941 8573
3684	8912 1014 7035 1979
3685	7543 97 4612 2449
3686	6423 3386 456 5542
3687	1408 1695 4028 2863
3688	338 5296 3967 6038
3689	9332 2060 5336 1032
3690	3482 5885 4809 2254
3691	4381 7934 3767 5068
3692	4946 5808 7689 5127
3693	9632 8988 740 403
3694	968 9352 2625 6270
3695	7715 3108 4039 9001
3696	6696 885 667 9537
3697	6195 9815 9950 7528
3698	9792 70 850 7742
3699	2832 6393 3635 3951
3700	548 6612 3289 3047
3701	4824 5907 8253 7981
3702	2170 627 2746 7454
3703	6557 4922 406 3231
3704	9171 9168 4152 9344
3705	1089 1423 9290 7993
3706	1471 2937 6626 3072
3707	1627 244 9654 7128
3708	6707 9735 5308 1261
3709	583 4106 9752 3502
3710	2834 993 3603 5463
3711	3268 8615 6067 4011
3712	3126 5975 1766 2778
3713	5769 6162 2026 4921
3714	3625 799 7276 3487
3715	3223 7397 2328 2267
3716	3733 653 8157 6004
3717	4231 3903 669 6920
3718	8483 2054 532 5777
3719	8629 9202 1124 4409
3720	4963 156 3395 3596
3721	949 4983 6099 4859
3722	4064 4518 8324 8344
3723	796 5212 4357 6254
3724	758 6517 1042 3749
3725	1127 8759 7299 6996
3726	231 4685 8415 2819
3727	2843 1961 2889 1754
3728	363 5242 2723 8122
3729	5535 6146 4420 8002
3730	3271 3808 4873 855
3731	9765 1572 5623 9302
3732	9962 904 9577 6716
3733	5820 8438 4564 5398
3734	2473 8175 8469 2005
3735	7544 7690 6242 8479
3736	7307 4535 1641 9090
3737	7540 9190 7799 9601
3738	2477 1367 4143 6396
3739	1808 2470 906 9182
3740	7989 3810 1593 4428
3741	7709 5784 2992 728
3742	6245 731 8277 5959
3743	9060 2477 2736 7521
3744	4471 9485 1829 5515
3745	6080 9745 5525 7828
3746	6065 2781 926 529
3747	5969 3841 1401 5429
3748	1521 4074 6290 4152
3749	1948 7445 1465 8706
3750	2452 4770 737 7588
3751	4745 9522 8637 3369
3752	4182 1242 1013 8050
3753	723 5274 5252 1005
3754	3334 2149 2731 6945
3755	5094 4037 3005 8074
3756	6901 6887 9822 1745
3757	7020 5881 489 7705
3758	8414 4134 1648 4144
3759	5766 3502 9721 9725
3760	4960 5382 4124 6570
3761	3545 4602 5889 2702
3762	6078 2129 6058 8887
3763	1209 1334 3868 5477
3764	1832 6972 8258 7225
3765	7513 7658 963 4645
3766	2736 8208 924 7259
3767	1325 2473 7824 8762
3768	8613 4782 4321 4983
3769	8871 6235 8503 9671
3770	6990 3393 8811 9048
3771	4847 1473 6203 6260
3772	4135 2423 2937 69
3773	7083 3045 3455 6229
3774	3492 7962 2449 3951
3775	9336 2309 4160 6980
3776	6919 5674 8909 8263
3777	5718 468 223 7636
3778	3888 8494 3832 2944
3779	3317 255 7351 341
3780	2586 4210 3192 9239
3781	6625 1882 2995 538
3782	4734 8900 7556 3619
3783	8543 8686 4388 2674
3784	2863 1856 5139 6717
3785	7928 277 6158 9941
3786	4752 5151 8585 766
3787	2921 6156 5103 4073
3788	4818 6347 1468 2929
3789	2622 752 4362 3972
3790	6322 5931 7147 6000
3791	7081 1597 438 9987
3792	1455 2064 885 2472
3793	7002 6008 4319 4040
3794	8590 3951 5953 2707
3795	115 7999 2286 4483
3796	7299 1727 5818 3051
3797	708 6430 2892 8550
3798	2070 5142 7435 5115
3799	2487 7415 4100 4586
3800	5115 5518 5206 3192
3801	2625 8853 8553 848
3802	7125 5456 1187 2765
3803	6616 2651 5597 7612
3804	2376 8616 4781 9429
3805	9409 634 5785 4551
3806	1217 7498 4332 4182
3807	8154 3485 7364 5917
3808	8629 618 3797 8021
3809	5887 8109 4479 1931
3810	2293 1730 9974 6025
3811	3452 7770 3705 5954
3812	7387 2817 9647 8738
3813	9093 1053 8925 3514
3814	8213 9448 1461 6515
3815	1230 268 4526 1080
3816	8671 1821 4313 751
3817	201 7234 3435 9562
3818	4572 7284 2640 4418
3819	8961 4581 9604 2
3820	851 491 9098 3161
3821	1107 3669 4203 6593
3822	5833 5446 6800 7389
3823	6963 6008 1039 5294
3824	2901 9665 6580 5220
3825	4917 3685 9435 4619
3826	7124 4424 9498 5949
3827	5731 5701 2224 8892
3828	720 6651 1240 3768
3829	2113 1372 2355 3250
3830	6602 7391 2968 1892
3831	4490 8955 4139 3972
3832	3632 8970 2695 7932
3833	6628 7553 4130 7337
3834	759 8023 2308 2413
3835	1494 2995 2305 5150
3836	9711 4312 8011 3630
3837	8618 3855 6299 5315
3838	7549 5972 6132 3742
3839	9074 2110 211 1387
3840	1064 197 1997 2907
3841	3169 3982 4776 5912
3842	4726 4702 6890 578
3843	8949 475 7525 8539
3844	2696 9308 6976 5657
3845	6700 3809 9986 1387
3846	3275 8938 8553 97
3847	5785 5526 3929 951
3848	1094 8971 5930 3756
3849	5325 4374 217 7958
3850	8311 1428 1854 1851
3851	9549 7237 1883 4010
3852	1171 5774 5504 160
3853	1929 4395 7756 6591
3854	2343 1273 9771 7320
3855	9624 1137 4141 2086
3856	2687 8772 7784 7986
3857	1216 1390 9868 9811
3858	8268 8524 8474 5417
3859	6223 5440 4347 8750
3860	9795 7292 2323 7142
3861	4482 3019 9206 2688
3862	1993 2291 1405 2742
3863	7096 5124 1519 8707
3864	9832 1782 2323 8522
3865	8387 2738 707 8689
3866	7062 2091 6692 9856
3867	41 8316 1754 3339
3868	9999 8700 1467 8316
3869	4456 6380 4558 3528
3870	6168 4641 607 7386
3871	4225 2833 2963 4293
3872	3053 2909 292 7470
3873	8598 8745 7282 2704
3874	6939 851 2246 8232
3875	5831 3231 969 2000
3876	5656 3565 3598 3845
3877	2375 1822 5542 870
3878	1871 225 7133 4676
3879	6020 1219 7769 8572
3880	5498 1962 2806 7094
3881	298 8726 9712 3720
3882	4808 2398 9946 1671
3883	1741 4775 5305 6959
3884	5838 2321 9716 8818
3885	9891 9966 6787 5535
3886	8831 8041 9055 118
3887	2376 3835 545 803
3888	8598 8995 628 3025
3889	3800 1136 4714 8069
3890	2953 3863 8072 6399
3891	7739 2892 197 1896
3892	9630 6069 2245 4439
3893	5682 3635 2709 8928
3894	7501 8923 2102 6963
3895	5432 3359 5893 4653
3896	2299 7822 3324 4696
3897	4155 2514 4619 115
3898	558 1996 8904 9268
3899	8067 1057 3134 9513
3900	8018 1046 8510 8958
3901	1546 8063 4923 9897
3902	366 2208 7635 2839
3903	3366 6663 9848 9690
3904	4853 2682 3302 8004
3905	6713 215 9412 3668
3906	1053 7664 396 6759
3907	2636 9486 2852 8185
3908	7850 8752 1592 3313
3909	3687 7401 5152 1955
3910	1581 9313 4257 2365
3911	5641 7414 3068 4464
3912	7196 3079 9734 5198
3913	389 3930 6768 6256
3914	287 9755 3970 2449
3915	2365 8382 2782 2730
3916	2866 6744 3568 6514
3917	4200 2508 8644 5847
3918	9917 9227 8052 741
3919	4689 1220 792 6195
3920	6880 1785 7364 6994
3921	3613 1000 5099 1243
3922	510 3503 3448 7974
3923	3470 6226 3755 4267
3924	6796 5094 6127 5740
3925	7751 5026 3104 2468
3926	42 913 6457 3314
3927	9050 8315 4546 2065
3928	6589 1000 5193 1914
3929	7987 509 4619 2797
3930	5188 8228 121 2448
3931	5692 8105 969 4183
3932	3530 3511 3584 6170
3933	8446 2754 8123 1138
3934	7109 7629 774 6117
3935	2947 8780 615 7105
3936	2214 1687 52 7856
3937	4626 1182 1395 8717
3938	9626 9482 8943 5377
3939	9476 9083 212 7200
3940	9358 4129 3260 5541
3941	1908 1304 127 8225
3942	9674 8161 2302 2394
3943	7313 5304 266 3693
3944	5507 1058 53 887
3945	8208 8052 9432 6103
3946	2422 619 864 8037
3947	7096 7597 8336 8544
3948	2283 4953 8253 8427
3949	7534 7048 7826 1116
3950	5929 9970 7116 88
3951	7260 8486 6734 7641
3952	6301 3236 2929 6264
3953	3702 2934 5743 4887
3954	2735 8771 6292 8330
3955	2715 3913 3003 214
3956	3399 8976 7593 5251
3957	5962 6353 3168 2551
3958	8255 9256 4467 5320
3959	994 9674 3963 5899
3960	9299 8077 4251 6681
3961	809 3679 3440 4204
3962	8373 242 4689 4127
3963	6405 8603 6674 1353
3964	5345 3956 8777 1021
3965	6719 6111 2813 293
3966	1101 2927 3821 6833
3967	5175 6344 2106 843
3968	439 3150 531 2746
3969	1083 7217 7831 6626
3970	9706 317 5303 72
3971	7102 6073 9867 7720
3972	2823 7859 7687 8789
3973	1079 547 5100 7161
3974	7175 7497 5528 6417
3975	1724 5017 4782 6183
3976	7821 3889 2206 675
3977	2761 1392 519 5238
3978	4397 2483 4024 2876
3979	9508 8121 8665 5268
3980	193 4966 893 2843
3981	5105 9325 7536 6414
3982	6963 9881 132 314
3983	1072 6716 3091 9454
3984	2215 6909 1505 2227
3985	8277 585 6517 8575
3986	7948 2064 1387 76
3987	9942 2541 1489 2816
3988	1135 7639 5332 6619
3989	7888 1943 9779 7479
3990	6564 5119 1296 6595
3991	6859 9964 1387 6127
3992	2127 1479 205 1851
3993	9476 125 9365 8401
3994	5076 9269 6691 7286
3995	6134 1763 119 8831
3996	5378 8760 383 347
3997	9990 3410 7139 7038
3998	8846 6006 7380 3511
3999	7073 6315 9811 304
4000	8446 4166 2256 6071
