Class Times	20
Rooms	200
1	304
2	933
3	673
4	242
5	239
6	141
7	551
8	330
9	287
10	589
11	422
12	611
13	946
14	541
15	741
16	800
17	180
18	488
19	245
20	991
21	633
22	172
23	350
24	21
25	816
26	548
27	262
28	585
29	471
30	522
31	608
32	694
33	926
34	871
35	267
36	823
37	384
38	288
39	22
40	366
41	812
42	601
43	408
44	519
45	325
46	753
47	710
48	771
49	933
50	581
51	334
52	850
53	470
54	811
55	739
56	830
57	414
58	897
59	566
60	304
61	565
62	179
63	646
64	67
65	559
66	922
67	572
68	27
69	739
70	891
71	696
72	468
73	26
74	582
75	220
76	687
77	139
78	168
79	91
80	631
81	835
82	900
83	366
84	409
85	582
86	226
87	615
88	716
89	65
90	432
91	916
92	708
93	425
94	804
95	667
96	15
97	169
98	919
99	933
100	421
101	227
102	949
103	788
104	643
105	581
106	974
107	331
108	607
109	818
110	120
111	817
112	136
113	70
114	586
115	321
116	690
117	662
118	481
119	309
120	368
121	578
122	330
123	10
124	215
125	822
126	123
127	898
128	833
129	539
130	941
131	343
132	748
133	449
134	87
135	520
136	904
137	40
138	248
139	353
140	964
141	613
142	855
143	327
144	146
145	641
146	868
147	659
148	754
149	800
150	630
151	31
152	793
153	11
154	293
155	266
156	47
157	172
158	684
159	521
160	832
161	215
162	463
163	984
164	897
165	835
166	859
167	679
168	59
169	297
170	46
171	319
172	211
173	313
174	433
175	932
176	94
177	930
178	643
179	17
180	267
181	828
182	906
183	401
184	476
185	507
186	667
187	583
188	449
189	292
190	310
191	411
192	165
193	166
194	369
195	682
196	215
197	818
198	97
199	789
200	285
Classes	100
Teachers	50
1	28
2	22
3	20
4	23
5	38
6	31
7	31
8	19
9	9
10	4
11	44
12	32
13	50
14	9
15	44
16	29
17	46
18	42
19	34
20	27
21	12
22	35
23	21
24	46
25	39
26	19
27	26
28	29
29	30
30	26
31	6
32	22
33	25
34	12
35	25
36	48
37	43
38	49
39	23
40	38
41	20
42	14
43	47
44	48
45	32
46	16
47	16
48	39
49	1
50	21
51	40
52	24
53	33
54	13
55	33
56	1
57	49
58	3
59	41
60	3
61	18
62	10
63	43
64	5
65	8
66	17
67	47
68	40
69	24
70	36
71	41
72	17
73	37
74	8
75	18
76	30
77	13
78	10
79	36
80	2
81	2
82	37
83	28
84	50
85	6
86	11
87	15
88	27
89	15
90	34
91	5
92	7
93	45
94	4
95	14
96	11
97	45
98	35
99	7
100	42
