Students	4000
1	24 40 76 91
2	18 63 91 75
3	65 98 13 89
4	27 29 32 95
5	21 61 40 22
6	49 20 51 75
7	36 74 78 77
8	9 69 24 33
9	2 6 32 40
10	19 60 97 8
11	21 84 68 6
12	60 96 99 52
13	5 20 69 25
14	52 25 72 64
15	67 40 90 13
16	12 25 14 47
17	93 38 79 80
18	97 26 76 80
19	81 53 26 12
20	30 23 13 1
21	35 83 55 85
22	73 33 46 32
23	96 51 59 97
24	72 52 46 22
25	5 94 26 65
26	13 9 26 12
27	60 45 23 38
28	56 29 80 63
29	9 100 39 59
30	56 9 84 85
31	34 90 17 53
32	10 52 58 40
33	16 100 40 60
34	33 26 36 34
35	73 93 45 50
36	69 100 76 59
37	71 35 62 44
38	55 97 62 31
39	97 100 32 99
40	88 54 32 18
41	38 56 12 25
42	14 75 69 5
43	73 32 24 69
44	61 41 83 99
45	57 72 76 52
46	23 54 62 20
47	17 19 12 40
48	92 53 88 95
49	20 53 23 58
50	48 57 42 17
51	72 75 30 40
52	86 25 41 22
53	46 3 26 14
54	25 48 56 32
55	48 23 31 32
56	34 10 86 45
57	75 70 86 37
58	27 5 23 21
59	9 26 49 1
60	74 14 45 34
61	52 14 28 34
62	35 82 88 19
63	98 15 86 100
64	3 53 46 39
65	34 94 25 46
66	49 72 48 15
67	33 27 45 85
68	16 7 38 87
69	13 47 4 52
70	100 33 16 89
71	18 48 42 46
72	50 1 35 19
73	95 68 27 46
74	97 61 17 8
75	81 66 37 9
76	49 63 88 93
77	84 96 80 11
78	93 57 74 26
79	14 35 49 41
80	22 42 49 44
81	80 37 61 62
82	65 61 86 18
83	15 35 97 64
84	98 39 68 57
85	3 85 9 94
86	56 54 39 62
87	25 71 51 33
88	24 30 79 21
89	48 91 82 32
90	35 56 13 84
91	53 29 4 37
92	3 93 33 39
93	17 18 100 62
94	42 76 77 73
95	94 77 42 27
96	86 41 98 3
97	93 48 1 2
98	77 21 44 100
99	54 14 13 71
100	35 6 7 84
101	47 73 18 81
102	73 53 61 92
103	31 25 44 92
104	82 26 74 32
105	62 89 46 28
106	51 65 26 73
107	44 52 61 32
108	81 42 20 46
109	90 65 10 47
110	84 19 98 3
111	65 8 87 68
112	18 58 64 67
113	5 74 90 11
114	82 77 11 66
115	99 46 50 91
116	42 86 36 31
117	83 84 23 21
118	46 37 68 17
119	43 10 62 87
120	46 31 63 20
121	43 31 78 50
122	41 40 59 66
123	16 70 36 34
124	64 39 69 52
125	38 97 79 78
126	69 37 31 70
127	11 3 34 31
128	76 59 1 82
129	84 95 55 14
130	47 10 74 59
131	56 18 89 53
132	69 45 7 63
133	72 91 70 80
134	66 48 41 53
135	37 47 19 25
136	9 99 51 36
137	91 71 61 68
138	30 19 34 37
139	36 9 69 14
140	26 39 21 47
141	31 62 81 100
142	65 26 100 61
143	21 28 72 51
144	61 90 51 54
145	53 18 36 11
146	88 86 8 78
147	68 24 63 83
148	82 86 73 56
149	91 11 35 92
150	11 16 68 94
151	1 88 5 46
152	20 63 82 86
153	39 38 6 86
154	35 75 17 71
155	96 47 29 25
156	55 90 49 71
157	37 34 31 21
158	58 65 13 22
159	79 81 87 69
160	87 34 33 46
161	23 58 19 61
162	51 37 38 52
163	57 7 13 69
164	73 74 28 38
165	4 48 56 19
166	65 89 97 94
167	47 92 45 76
168	78 40 45 60
169	87 80 57 25
170	55 50 76 56
171	50 87 90 59
172	46 18 81 47
173	64 13 47 29
174	64 5 46 90
175	36 31 79 83
176	5 4 30 36
177	79 38 5 61
178	37 52 28 83
179	18 51 99 59
180	93 44 91 94
181	98 2 71 65
182	75 31 61 94
183	83 58 62 6
184	70 53 66 48
185	22 57 50 25
186	55 17 42 71
187	82 72 97 71
188	15 80 76 40
189	30 51 49 67
190	82 73 98 30
191	49 36 88 79
192	21 53 27 44
193	68 46 13 39
194	85 20 83 67
195	12 92 21 29
196	31 12 69 37
197	74 6 49 55
198	78 30 7 58
199	99 96 77 41
200	35 71 41 37
201	58 36 73 6
202	84 73 23 26
203	31 69 42 81
204	82 25 22 20
205	51 41 14 10
206	81 1 57 42
207	86 4 6 13
208	76 46 22 66
209	49 57 79 67
210	62 99 49 76
211	94 88 84 7
212	74 96 31 88
213	46 36 56 89
214	24 10 27 13
215	89 95 35 6
216	27 87 16 47
217	29 72 98 64
218	81 99 19 40
219	97 6 1 7
220	47 17 36 8
221	84 19 40 14
222	57 96 30 19
223	10 85 6 27
224	25 91 56 8
225	28 87 10 29
226	95 77 15 76
227	85 9 44 10
228	37 47 14 52
229	84 67 79 59
230	34 4 41 29
231	96 42 61 36
232	37 47 45 59
233	17 48 14 99
234	34 98 52 30
235	38 65 89 16
236	8 93 71 77
237	27 91 81 28
238	35 58 7 98
239	14 19 78 98
240	54 74 81 35
241	49 99 23 20
242	85 10 33 27
243	58 47 78 77
244	93 50 44 84
245	17 96 4 62
246	67 79 60 23
247	70 29 31 2
248	14 86 39 58
249	89 21 42 62
250	86 38 7 98
251	93 35 90 28
252	43 18 57 2
253	81 38 20 39
254	15 53 1 85
255	1 47 6 17
256	91 62 64 76
257	96 81 59 38
258	29 7 3 5
259	83 7 5 73
260	89 1 60 35
261	81 36 22 68
262	63 64 30 97
263	34 24 5 28
264	71 94 55 20
265	58 60 99 93
266	20 26 23 51
267	25 12 14 100
268	58 61 11 98
269	81 31 37 51
270	12 93 84 62
271	91 78 99 84
272	43 54 10 2
273	27 46 31 85
274	71 92 16 43
275	74 52 19 95
276	32 3 43 48
277	79 36 21 18
278	93 72 75 37
279	8 99 19 39
280	23 1 14 48
281	65 38 32 60
282	42 88 100 39
283	49 46 13 79
284	80 74 26 67
285	35 8 32 4
286	88 60 69 32
287	64 62 58 92
288	75 27 31 7
289	10 88 97 54
290	46 73 12 99
291	6 64 18 45
292	82 55 46 24
293	70 48 2 89
294	45 54 90 51
295	69 44 49 46
296	69 46 4 32
297	79 92 59 39
298	49 83 85 87
299	40 63 23 11
300	39 65 54 53
301	4 85 59 47
302	78 86 90 7
303	91 53 55 12
304	7 5 100 64
305	24 21 42 81
306	35 87 21 74
307	59 88 61 24
308	59 77 68 93
309	27 56 44 90
310	91 75 41 97
311	96 98 100 97
312	7 93 19 65
313	29 64 57 43
314	77 13 92 74
315	89 30 63 87
316	30 87 54 74
317	12 99 64 18
318	78 54 40 17
319	30 21 46 22
320	29 40 93 53
321	83 26 4 82
322	67 11 14 89
323	71 35 95 58
324	90 25 3 84
325	31 60 63 52
326	91 23 40 75
327	61 43 29 74
328	60 62 2 56
329	77 60 9 57
330	33 27 61 51
331	88 42 50 68
332	47 93 76 27
333	37 42 78 30
334	29 19 65 94
335	7 24 1 99
336	73 100 78 70
337	31 80 91 2
338	4 36 46 50
339	77 98 81 9
340	59 55 73 77
341	62 98 71 17
342	53 49 36 72
343	23 96 43 94
344	87 30 92 69
345	74 43 82 79
346	37 8 39 12
347	60 96 91 56
348	27 24 80 79
349	72 79 9 60
350	1 89 11 13
351	27 63 51 47
352	30 89 91 97
353	59 55 20 77
354	95 72 38 17
355	18 91 54 25
356	3 88 69 68
357	18 59 68 61
358	20 65 30 98
359	51 1 56 6
360	51 31 22 76
361	45 51 59 53
362	80 23 33 65
363	32 1 40 83
364	41 17 15 44
365	79 44 2 86
366	68 43 45 69
367	7 93 49 58
368	89 51 99 81
369	37 54 19 43
370	33 36 59 71
371	67 47 93 13
372	40 27 43 96
373	79 78 86 43
374	41 5 13 87
375	40 10 74 7
376	1 13 87 20
377	91 41 8 52
378	31 82 2 65
379	24 98 82 12
380	24 12 43 71
381	5 1 23 43
382	40 9 56 54
383	29 57 31 97
384	21 93 4 82
385	94 3 8 28
386	29 72 11 76
387	38 20 59 32
388	70 3 64 68
389	5 16 19 44
390	48 13 19 9
391	11 81 100 78
392	55 23 37 97
393	20 91 93 79
394	29 79 67 45
395	83 60 4 74
396	25 13 28 92
397	62 24 1 48
398	62 100 15 81
399	35 44 73 43
400	89 57 10 87
401	80 31 15 73
402	38 81 62 43
403	39 13 16 81
404	68 26 2 8
405	88 39 42 17
406	29 63 1 74
407	3 98 62 91
408	69 91 42 44
409	29 68 27 78
410	50 92 33 22
411	72 22 84 85
412	66 75 11 54
413	1 60 37 50
414	36 87 34 11
415	53 25 6 65
416	91 12 55 65
417	70 75 92 5
418	15 8 76 77
419	71 9 50 64
420	3 65 14 35
421	79 76 8 90
422	65 6 18 88
423	57 17 67 6
424	76 72 81 69
425	19 5 85 76
426	7 26 24 100
427	5 69 6 78
428	45 48 7 76
429	88 5 62 58
430	13 95 32 34
431	67 48 1 80
432	81 33 12 60
433	39 54 86 88
434	54 18 77 44
435	59 3 35 89
436	64 18 71 43
437	93 60 51 76
438	96 15 53 70
439	40 61 44 19
440	37 35 50 17
441	25 89 44 54
442	15 41 95 6
443	23 29 54 73
444	12 40 67 73
445	23 90 20 32
446	98 67 65 48
447	35 94 22 68
448	75 80 15 87
449	15 13 22 21
450	19 17 90 13
451	25 15 84 76
452	67 90 9 99
453	47 19 3 76
454	31 94 27 67
455	76 23 41 27
456	27 1 70 94
457	87 36 18 60
458	69 94 93 99
459	25 84 20 22
460	42 20 81 46
461	78 54 88 63
462	36 18 84 69
463	42 77 25 54
464	26 13 30 8
465	78 55 87 37
466	2 58 3 90
467	2 79 55 16
468	62 19 2 30
469	84 98 80 22
470	30 34 24 21
471	15 27 24 50
472	27 63 26 81
473	56 40 15 52
474	84 16 42 74
475	87 2 93 88
476	82 14 92 47
477	49 79 3 29
478	1 61 21 55
479	88 73 1 19
480	14 79 23 20
481	28 43 37 64
482	88 44 5 63
483	93 66 71 13
484	21 85 23 63
485	93 77 69 7
486	38 56 26 93
487	26 82 76 77
488	12 53 51 43
489	57 34 85 84
490	98 100 5 17
491	26 5 70 98
492	49 36 85 39
493	74 64 58 75
494	31 54 62 79
495	30 68 76 51
496	15 90 93 66
497	16 81 57 33
498	67 44 31 48
499	6 24 80 14
500	78 11 70 26
501	97 5 39 25
502	45 10 73 75
503	9 11 76 39
504	13 27 25 40
505	56 100 76 33
506	89 38 1 14
507	5 95 53 7
508	56 61 55 21
509	63 3 7 10
510	91 81 13 64
511	86 36 60 80
512	33 20 31 59
513	97 87 28 52
514	78 43 73 80
515	45 68 19 21
516	27 55 63 76
517	28 36 75 30
518	14 57 90 28
519	17 41 6 85
520	52 11 100 63
521	34 14 93 65
522	76 97 91 35
523	24 97 96 41
524	82 28 32 55
525	65 53 85 59
526	97 1 3 40
527	79 95 72 9
528	4 37 3 71
529	6 48 93 84
530	95 45 85 64
531	21 65 16 24
532	50 98 7 23
533	84 72 41 64
534	59 90 58 68
535	51 94 66 23
536	47 60 86 39
537	70 61 51 15
538	93 33 83 34
539	31 52 45 24
540	85 41 30 77
541	73 47 63 66
542	79 19 69 91
543	51 15 24 43
544	92 54 60 36
545	43 54 96 89
546	100 13 38 66
547	89 36 73 70
548	62 16 14 87
549	100 75 55 85
550	62 32 55 20
551	69 79 3 88
552	39 3 79 83
553	95 61 34 79
554	70 12 87 37
555	59 79 1 74
556	69 82 88 78
557	28 52 95 22
558	2 24 87 93
559	34 17 15 46
560	26 57 30 54
561	92 44 13 66
562	6 93 86 3
563	3 83 74 33
564	40 41 33 90
565	61 30 6 80
566	10 75 8 80
567	45 30 10 67
568	96 16 62 97
569	19 49 93 4
570	59 65 24 79
571	1 75 56 74
572	37 75 86 52
573	79 76 45 23
574	83 3 46 49
575	85 88 87 16
576	1 16 33 96
577	36 37 91 32
578	81 63 30 84
579	59 70 47 65
580	98 63 12 43
581	89 98 60 69
582	50 23 19 70
583	45 52 13 4
584	64 100 42 29
585	72 68 25 60
586	50 55 90 33
587	33 24 42 95
588	91 56 32 13
589	31 92 61 40
590	40 56 59 25
591	71 82 20 35
592	18 64 57 46
593	91 28 25 61
594	27 81 86 30
595	39 85 56 68
596	56 21 28 44
597	15 42 4 95
598	4 59 23 26
599	59 58 51 60
600	40 18 42 6
601	46 63 61 85
602	96 69 18 44
603	99 80 74 44
604	39 28 71 27
605	72 87 78 8
606	75 72 19 64
607	22 29 44 76
608	35 78 31 75
609	11 85 24 54
610	71 38 50 3
611	2 33 22 9
612	91 87 59 70
613	6 34 27 47
614	10 34 88 19
615	56 18 66 34
616	98 38 80 8
617	25 18 87 28
618	55 62 33 3
619	63 79 51 18
620	51 71 48 85
621	71 42 45 66
622	29 83 99 61
623	68 28 77 63
624	43 40 6 8
625	28 46 12 14
626	96 12 11 37
627	92 44 86 3
628	87 30 28 41
629	37 36 73 100
630	53 36 14 47
631	81 38 24 39
632	21 25 94 77
633	9 33 26 62
634	2 92 88 29
635	94 33 72 87
636	45 22 65 20
637	31 20 58 93
638	66 3 16 40
639	96 68 77 28
640	69 39 72 97
641	13 8 71 81
642	39 96 69 64
643	45 65 31 39
644	5 38 15 27
645	93 51 56 54
646	59 65 51 85
647	31 17 70 32
648	29 17 90 56
649	88 61 91 21
650	35 42 59 43
651	28 36 66 29
652	56 48 41 17
653	12 34 72 59
654	98 54 4 49
655	100 93 23 7
656	12 22 45 8
657	60 41 94 77
658	40 49 99 7
659	90 35 6 81
660	19 85 11 91
661	90 37 95 30
662	24 6 27 47
663	5 44 80 48
664	26 71 60 79
665	54 35 8 26
666	92 89 11 47
667	97 18 57 43
668	76 16 61 13
669	21 25 19 22
670	67 1 51 13
671	64 25 50 70
672	70 3 49 21
673	98 78 94 57
674	36 80 66 85
675	78 54 69 23
676	64 15 56 21
677	8 40 42 78
678	87 52 37 100
679	80 36 15 18
680	40 71 19 9
681	18 46 37 60
682	13 48 18 2
683	83 3 98 87
684	47 27 72 91
685	67 80 21 82
686	98 35 63 39
687	62 31 34 45
688	35 66 80 88
689	7 62 20 63
690	63 25 39 66
691	36 70 59 28
692	82 63 7 97
693	37 69 62 6
694	52 8 89 83
695	18 47 56 34
696	27 9 17 56
697	25 12 22 52
698	11 56 74 51
699	61 17 23 64
700	3 53 5 30
701	17 100 27 20
702	35 26 100 67
703	28 81 38 99
704	93 53 66 96
705	46 64 90 11
706	31 5 30 60
707	11 95 84 69
708	45 38 32 16
709	8 30 69 16
710	59 82 60 13
711	78 13 63 7
712	14 26 36 100
713	72 69 56 61
714	11 27 2 35
715	20 67 7 81
716	47 60 97 21
717	19 47 50 64
718	56 20 89 50
719	20 70 45 48
720	95 37 26 19
721	50 65 68 100
722	75 70 18 51
723	78 81 12 87
724	24 56 91 9
725	96 64 95 38
726	94 82 54 62
727	83 91 88 10
728	7 89 26 24
729	82 93 11 65
730	54 49 57 63
731	26 17 44 90
732	19 96 27 93
733	36 68 99 42
734	32 31 48 80
735	58 72 53 82
736	10 77 8 15
737	69 77 49 42
738	64 52 51 76
739	61 12 83 79
740	52 53 61 49
741	94 70 86 17
742	89 32 72 67
743	72 15 9 25
744	64 5 63 85
745	14 41 39 86
746	23 75 95 72
747	2 88 75 70
748	9 10 21 45
749	87 3 25 13
750	11 72 58 31
751	36 29 40 50
752	94 24 73 48
753	50 100 34 62
754	100 73 36 63
755	13 34 35 4
756	66 82 33 12
757	92 23 79 9
758	64 78 72 89
759	20 68 2 85
760	39 68 91 31
761	35 64 26 80
762	88 14 7 79
763	62 32 42 35
764	89 64 59 33
765	42 22 66 88
766	60 22 29 33
767	49 75 26 80
768	10 75 24 51
769	82 16 77 37
770	54 99 81 8
771	78 1 60 25
772	72 15 47 80
773	53 96 84 17
774	94 50 93 61
775	57 63 60 96
776	30 93 90 37
777	92 55 22 51
778	23 39 98 18
779	73 10 93 89
780	65 8 58 86
781	36 69 19 77
782	88 9 65 35
783	13 70 30 96
784	33 48 66 22
785	16 42 53 24
786	23 53 78 55
787	67 48 50 74
788	70 14 4 87
789	11 35 22 56
790	66 17 29 42
791	48 27 88 22
792	1 100 26 49
793	26 34 16 100
794	22 28 84 55
795	55 96 30 70
796	31 63 83 77
797	67 15 97 21
798	34 31 74 11
799	86 62 69 44
800	5 92 68 44
801	89 64 74 19
802	62 18 54 71
803	45 39 65 17
804	53 86 52 85
805	75 6 69 74
806	92 29 48 39
807	51 35 30 75
808	12 86 75 81
809	1 21 8 46
810	88 3 93 38
811	98 24 25 32
812	54 23 73 45
813	14 49 34 1
814	56 2 59 96
815	67 41 44 58
816	77 47 67 95
817	98 78 8 89
818	19 63 94 85
819	72 86 16 88
820	60 44 90 37
821	11 64 74 66
822	48 68 91 17
823	11 77 17 12
824	62 24 28 12
825	65 36 54 96
826	86 43 85 71
827	25 23 55 96
828	52 16 41 42
829	1 10 91 4
830	38 17 100 89
831	37 69 36 1
832	8 19 62 25
833	91 86 59 65
834	34 60 30 6
835	37 32 78 9
836	42 63 12 36
837	60 58 64 96
838	56 31 96 24
839	16 4 34 86
840	31 54 7 17
841	7 12 59 76
842	74 6 35 60
843	55 98 78 58
844	93 57 21 33
845	33 14 18 81
846	55 34 6 50
847	49 3 8 27
848	52 38 82 29
849	53 59 62 61
850	72 18 50 35
851	95 22 38 49
852	28 4 68 5
853	69 66 38 12
854	29 15 36 23
855	51 25 72 55
856	93 58 33 99
857	8 39 86 43
858	54 31 42 81
859	54 11 20 59
860	14 17 36 93
861	66 26 31 95
862	64 34 56 75
863	54 5 22 92
864	86 18 94 96
865	20 56 78 86
866	8 54 73 65
867	33 70 61 35
868	68 52 6 81
869	100 26 72 97
870	65 51 22 50
871	39 7 31 11
872	84 95 23 46
873	52 25 3 60
874	40 27 88 64
875	8 86 63 9
876	81 22 38 73
877	30 24 14 56
878	25 50 71 66
879	64 65 56 35
880	82 12 67 89
881	62 38 22 54
882	62 44 5 93
883	76 43 6 50
884	33 57 83 89
885	78 86 63 84
886	41 43 57 17
887	77 53 98 29
888	44 68 50 72
889	82 54 12 19
890	79 99 18 24
891	85 62 58 44
892	60 84 12 87
893	50 55 45 52
894	67 50 71 53
895	92 28 9 56
896	67 3 16 100
897	11 99 6 20
898	78 5 36 86
899	7 20 41 72
900	1 50 31 13
901	100 22 75 59
902	24 5 6 12
903	47 74 41 87
904	90 93 96 46
905	93 21 72 57
906	80 1 44 45
907	1 82 96 19
908	34 42 58 36
909	54 12 28 67
910	27 32 15 20
911	33 84 41 17
912	76 29 97 83
913	41 73 80 89
914	14 94 97 29
915	64 47 40 69
916	52 29 85 99
917	88 71 91 100
918	7 13 71 86
919	29 39 71 91
920	77 79 32 30
921	27 65 31 22
922	8 69 16 6
923	63 49 75 41
924	29 49 35 37
925	42 74 57 94
926	94 6 5 58
927	96 54 29 13
928	51 15 5 95
929	45 90 72 99
930	1 48 85 17
931	32 42 87 31
932	86 32 27 89
933	97 50 53 64
934	24 51 8 79
935	13 26 44 97
936	16 38 73 25
937	55 76 25 28
938	66 86 31 36
939	23 78 28 85
940	66 73 58 2
941	17 89 91 62
942	75 81 48 35
943	62 59 23 68
944	60 36 96 79
945	54 19 11 85
946	17 78 31 86
947	100 88 84 20
948	86 12 3 41
949	10 90 11 27
950	87 18 25 26
951	81 84 4 36
952	82 45 89 72
953	60 9 86 45
954	62 7 32 52
955	33 24 81 18
956	24 4 1 89
957	68 21 94 35
958	98 22 74 26
959	17 60 1 69
960	1 70 32 54
961	28 100 41 17
962	99 79 95 68
963	45 22 26 5
964	30 12 29 8
965	62 19 45 79
966	59 85 8 93
967	42 4 5 38
968	37 19 36 11
969	47 44 18 2
970	88 40 43 98
971	2 96 26 17
972	54 71 81 14
973	29 44 33 53
974	55 10 63 25
975	7 21 75 4
976	30 1 32 93
977	50 75 63 53
978	35 39 70 9
979	60 87 37 36
980	62 79 33 20
981	18 37 88 40
982	53 50 10 6
983	64 69 92 77
984	29 87 78 42
985	53 76 93 68
986	26 30 53 67
987	95 23 19 36
988	18 78 91 2
989	9 59 89 10
990	15 5 46 75
991	59 9 62 69
992	96 51 46 64
993	67 68 7 36
994	50 71 95 4
995	96 19 79 88
996	5 88 85 35
997	49 14 7 18
998	54 7 71 56
999	57 71 79 32
1000	55 14 3 29
1001	5 42 51 56
1002	38 16 92 76
1003	39 44 59 31
1004	83 51 73 52
1005	77 34 12 89
1006	88 68 85 36
1007	63 91 80 70
1008	100 99 62 39
1009	20 17 42 71
1010	77 25 54 18
1011	33 71 30 65
1012	90 12 98 42
1013	88 33 41 25
1014	73 76 46 21
1015	97 79 89 27
1016	9 94 29 41
1017	11 50 55 1
1018	100 92 85 5
1019	97 25 63 20
1020	97 68 12 19
1021	28 38 58 23
1022	55 95 94 100
1023	40 20 78 45
1024	6 79 9 1
1025	61 27 4 18
1026	65 3 92 84
1027	93 82 4 26
1028	30 7 100 50
1029	50 93 77 68
1030	9 44 65 82
1031	67 60 89 27
1032	58 24 59 61
1033	30 37 36 21
1034	61 13 27 51
1035	14 53 39 57
1036	1 89 98 66
1037	21 85 72 89
1038	13 45 4 77
1039	36 79 57 31
1040	13 51 97 22
1041	75 61 23 96
1042	11 3 39 69
1043	53 40 43 29
1044	97 82 62 56
1045	97 95 41 72
1046	96 20 39 83
1047	73 96 93 50
1048	93 79 78 60
1049	64 1 89 50
1050	47 70 73 30
1051	94 84 51 20
1052	78 76 86 65
1053	3 75 97 78
1054	75 48 66 79
1055	78 68 44 56
1056	93 92 33 9
1057	14 38 8 85
1058	47 55 59 44
1059	19 98 73 80
1060	11 21 78 54
1061	67 23 17 80
1062	41 99 30 75
1063	26 91 82 35
1064	43 73 7 47
1065	12 92 57 59
1066	19 88 83 6
1067	42 100 82 22
1068	43 3 87 24
1069	60 19 98 82
1070	28 30 35 27
1071	9 32 41 59
1072	33 16 32 15
1073	59 12 65 97
1074	13 79 5 40
1075	19 74 23 58
1076	74 96 66 93
1077	68 43 33 60
1078	99 42 43 95
1079	49 16 84 57
1080	33 8 79 88
1081	43 74 98 52
1082	28 57 64 49
1083	60 59 74 9
1084	32 99 43 93
1085	81 52 33 17
1086	3 84 62 80
1087	50 52 83 40
1088	6 53 90 56
1089	35 9 56 22
1090	17 94 68 9
1091	22 78 66 19
1092	31 62 34 79
1093	72 21 60 13
1094	39 83 86 33
1095	69 36 61 53
1096	100 23 48 40
1097	23 90 22 60
1098	62 68 22 18
1099	34 22 30 57
1100	75 67 32 61
1101	9 80 48 2
1102	51 76 63 49
1103	22 91 81 63
1104	100 50 77 40
1105	3 4 28 38
1106	20 80 75 61
1107	72 7 90 91
1108	4 99 90 27
1109	62 50 57 75
1110	7 57 38 81
1111	38 56 9 71
1112	20 51 11 41
1113	86 69 95 18
1114	52 68 33 35
1115	42 96 3 82
1116	35 77 15 25
1117	6 63 97 16
1118	73 50 10 100
1119	19 96 47 13
1120	17 46 74 32
1121	70 62 50 33
1122	91 60 98 37
1123	80 6 93 45
1124	90 56 42 43
1125	89 57 55 7
1126	72 99 54 76
1127	31 77 64 61
1128	35 36 97 2
1129	58 67 87 45
1130	75 45 32 1
1131	66 61 2 15
1132	55 47 69 57
1133	14 82 42 98
1134	96 30 36 41
1135	21 44 78 95
1136	50 30 18 2
1137	93 61 14 66
1138	20 49 10 75
1139	76 6 26 72
1140	87 24 27 57
1141	26 76 59 28
1142	27 95 69 97
1143	43 97 55 9
1144	50 28 29 74
1145	8 31 93 6
1146	44 75 100 46
1147	73 67 70 24
1148	70 92 45 90
1149	59 5 28 80
1150	51 18 77 24
1151	48 66 69 32
1152	43 11 52 65
1153	40 24 95 39
1154	14 47 49 87
1155	39 58 32 81
1156	7 11 89 23
1157	26 9 42 23
1158	76 73 2 10
1159	52 68 56 9
1160	7 48 41 87
1161	39 7 32 13
1162	36 75 11 53
1163	30 72 29 85
1164	70 32 84 99
1165	64 74 66 71
1166	73 23 93 57
1167	47 14 11 15
1168	85 31 91 68
1169	82 69 71 2
1170	33 13 50 58
1171	74 53 14 38
1172	53 2 40 55
1173	21 56 44 58
1174	71 45 18 11
1175	27 45 35 46
1176	98 4 63 11
1177	49 81 99 22
1178	1 49 34 36
1179	3 15 98 91
1180	80 82 68 12
1181	70 8 53 5
1182	72 20 51 19
1183	66 1 86 11
1184	31 43 36 56
1185	27 9 40 8
1186	74 81 51 47
1187	77 90 100 16
1188	66 41 32 63
1189	74 46 7 5
1190	82 51 39 60
1191	58 23 71 62
1192	68 48 34 79
1193	14 20 70 28
1194	51 56 87 83
1195	52 6 11 43
1196	84 67 10 88
1197	74 87 31 69
1198	91 72 60 41
1199	92 47 29 84
1200	31 59 18 43
1201	93 22 3 72
1202	13 64 49 20
1203	93 16 70 84
1204	34 80 48 21
1205	92 42 5 81
1206	49 50 54 27
1207	49 18 5 71
1208	33 18 58 11
1209	98 18 4 5
1210	25 95 94 51
1211	72 80 14 18
1212	88 38 96 19
1213	96 52 50 74
1214	91 71 77 12
1215	93 79 14 78
1216	57 86 63 5
1217	68 14 11 35
1218	52 50 51 49
1219	57 7 18 61
1220	4 12 20 60
1221	21 6 63 61
1222	3 60 71 67
1223	39 51 81 24
1224	31 41 5 17
1225	31 72 51 11
1226	31 13 62 68
1227	86 5 12 74
1228	58 8 70 50
1229	75 12 58 17
1230	71 88 55 72
1231	69 99 87 48
1232	50 31 54 74
1233	80 70 94 92
1234	1 88 67 53
1235	51 25 12 34
1236	53 12 46 86
1237	77 5 21 29
1238	72 56 26 52
1239	12 92 47 69
1240	77 16 88 14
1241	30 83 61 43
1242	4 9 86 37
1243	81 37 72 22
1244	44 41 25 65
1245	90 38 69 78
1246	1 37 66 15
1247	61 85 59 50
1248	88 98 19 84
1249	97 89 59 65
1250	58 66 16 28
1251	58 22 90 84
1252	68 61 56 76
1253	13 18 14 24
1254	65 95 93 84
1255	38 35 20 77
1256	45 33 44 81
1257	36 34 30 38
1258	93 7 87 28
1259	97 31 18 36
1260	97 37 18 7
1261	80 25 83 45
1262	93 90 39 11
1263	63 84 37 69
1264	75 38 11 98
1265	26 31 30 85
1266	67 14 91 43
1267	9 15 21 41
1268	17 8 59 61
1269	39 63 53 96
1270	4 52 37 43
1271	69 98 55 92
1272	36 77 84 99
1273	37 58 6 55
1274	42 55 72 34
1275	57 37 58 99
1276	29 54 10 40
1277	94 100 25 21
1278	77 22 64 61
1279	92 26 65 94
1280	84 70 34 98
1281	55 65 41 32
1282	79 86 3 70
1283	43 93 95 1
1284	88 96 52 81
1285	38 36 28 83
1286	18 47 80 63
1287	61 85 89 57
1288	51 15 40 65
1289	19 86 60 79
1290	86 92 8 63
1291	42 38 7 92
1292	56 35 70 18
1293	22 64 49 9
1294	12 27 70 10
1295	38 12 70 53
1296	64 2 77 90
1297	96 64 80 89
1298	12 13 98 53
1299	15 27 10 67
1300	7 73 87 75
1301	33 29 23 91
1302	23 26 74 47
1303	95 96 83 33
1304	31 15 62 38
1305	91 50 64 25
1306	36 69 19 81
1307	47 36 6 38
1308	4 47 37 86
1309	27 21 12 41
1310	52 6 8 89
1311	100 74 82 14
1312	86 64 1 76
1313	51 12 74 27
1314	61 23 32 85
1315	49 98 24 80
1316	21 27 57 87
1317	71 76 5 9
1318	25 68 9 35
1319	75 90 97 30
1320	95 4 77 5
1321	63 1 80 83
1322	24 98 97 52
1323	4 72 36 76
1324	76 85 15 98
1325	17 76 45 34
1326	79 49 73 69
1327	78 32 94 35
1328	28 21 49 68
1329	20 36 32 22
1330	78 11 77 35
1331	1 11 59 40
1332	57 50 79 22
1333	79 95 57 39
1334	55 56 32 38
1335	99 89 19 5
1336	48 16 90 92
1337	13 87 41 71
1338	5 72 1 50
1339	96 71 67 66
1340	82 88 55 96
1341	46 73 1 14
1342	39 91 23 44
1343	1 86 93 97
1344	57 44 43 18
1345	87 89 23 27
1346	99 7 51 29
1347	57 30 80 52
1348	46 65 57 55
1349	90 37 8 33
1350	1 31 95 11
1351	82 38 14 2
1352	59 63 18 58
1353	13 43 44 86
1354	71 38 11 63
1355	39 47 77 51
1356	9 39 58 53
1357	26 43 58 69
1358	88 81 18 72
1359	78 86 60 83
1360	34 5 41 40
1361	57 37 99 45
1362	92 28 93 46
1363	23 77 6 72
1364	33 64 91 56
1365	76 38 43 15
1366	91 15 24 83
1367	41 68 20 25
1368	29 88 52 67
1369	16 81 59 72
1370	50 95 15 46
1371	1 87 36 73
1372	1 62 60 36
1373	63 10 46 2
1374	10 26 25 52
1375	46 28 77 16
1376	70 8 97 60
1377	44 54 42 66
1378	15 88 37 73
1379	96 59 87 55
1380	44 95 29 19
1381	4 52 13 61
1382	63 48 11 50
1383	1 37 62 10
1384	5 88 10 3
1385	82 90 89 26
1386	96 20 27 73
1387	90 83 86 19
1388	66 5 15 48
1389	75 67 74 1
1390	78 39 56 21
1391	45 32 15 91
1392	30 21 87 82
1393	87 28 91 65
1394	46 55 96 57
1395	53 73 87 99
1396	50 63 89 74
1397	30 21 1 69
1398	51 84 50 100
1399	14 38 50 54
1400	13 22 1 95
1401	14 42 66 1
1402	16 49 36 26
1403	95 22 23 28
1404	47 35 20 74
1405	64 65 27 46
1406	40 64 36 72
1407	42 72 49 83
1408	41 3 19 24
1409	70 11 23 47
1410	7 63 26 41
1411	6 56 4 36
1412	94 43 92 64
1413	49 77 57 81
1414	96 61 59 43
1415	32 10 46 82
1416	52 3 94 60
1417	65 30 97 86
1418	86 97 80 9
1419	22 25 54 24
1420	6 72 34 59
1421	62 56 72 25
1422	17 20 89 62
1423	80 13 66 11
1424	40 83 98 96
1425	75 97 87 65
1426	39 93 4 46
1427	74 78 22 70
1428	68 72 8 100
1429	50 22 78 100
1430	67 27 64 32
1431	6 65 76 97
1432	49 32 18 72
1433	28 73 58 23
1434	88 93 59 56
1435	80 26 14 89
1436	3 14 36 86
1437	54 43 59 24
1438	27 7 78 33
1439	83 84 15 38
1440	33 82 73 68
1441	49 42 33 65
1442	27 31 5 75
1443	17 75 69 60
1444	78 53 74 63
1445	44 80 88 89
1446	64 72 6 63
1447	23 47 50 63
1448	2 52 28 23
1449	7 85 4 54
1450	30 42 66 31
1451	35 23 12 73
1452	43 97 75 81
1453	85 25 1 27
1454	69 58 12 17
1455	71 33 31 94
1456	32 39 3 70
1457	60 17 81 82
1458	18 33 100 64
1459	69 1 4 52
1460	56 32 28 65
1461	74 47 70 68
1462	55 51 85 67
1463	24 86 40 52
1464	1 96 8 98
1465	97 52 94 77
1466	92 18 38 14
1467	83 87 33 13
1468	96 59 84 55
1469	65 58 34 77
1470	37 63 21 52
1471	52 97 14 55
1472	26 37 57 24
1473	9 36 82 79
1474	82 20 94 76
1475	25 10 60 59
1476	98 32 1 68
1477	97 76 38 84
1478	38 80 18 65
1479	2 18 8 85
1480	66 79 23 82
1481	75 67 36 13
1482	86 72 40 65
1483	44 34 38 52
1484	29 76 15 48
1485	6 48 100 43
1486	27 65 61 38
1487	18 79 81 85
1488	4 80 40 94
1489	34 90 2 47
1490	39 5 79 64
1491	66 89 17 49
1492	1 43 20 87
1493	3 35 58 64
1494	36 68 64 75
1495	33 13 18 88
1496	26 60 11 15
1497	59 29 23 60
1498	50 31 22 10
1499	70 72 45 73
1500	49 91 50 47
1501	68 64 52 99
1502	38 61 50 91
1503	27 3 54 65
1504	74 9 43 69
1505	43 32 98 66
1506	31 35 5 60
1507	8 13 85 34
1508	28 64 91 29
1509	100 94 55 13
1510	91 66 44 68
1511	79 97 37 12
1512	100 9 40 98
1513	38 33 5 82
1514	59 4 1 49
1515	58 80 83 40
1516	82 68 88 27
1517	1 14 44 21
1518	64 60 16 98
1519	51 91 3 96
1520	3 11 52 20
1521	26 25 65 48
1522	96 59 66 37
1523	62 86 12 2
1524	46 45 70 43
1525	86 73 98 3
1526	70 23 48 66
1527	83 77 34 31
1528	24 47 96 43
1529	79 61 68 7
1530	35 54 18 12
1531	52 34 45 76
1532	34 5 8 38
1533	33 68 100 9
1534	89 42 99 22
1535	25 62 71 58
1536	19 38 49 12
1537	19 99 76 94
1538	24 47 92 81
1539	4 76 31 58
1540	15 96 58 25
1541	81 4 51 88
1542	98 12 71 38
1543	23 24 51 26
1544	45 85 67 14
1545	56 44 69 13
1546	1 35 74 71
1547	32 2 95 17
1548	57 68 55 12
1549	84 46 88 49
1550	94 45 39 14
1551	60 12 95 3
1552	57 81 4 37
1553	35 99 48 72
1554	58 89 49 44
1555	15 84 57 28
1556	18 75 45 76
1557	59 43 88 37
1558	78 27 26 67
1559	48 12 38 96
1560	55 17 1 61
1561	30 71 89 28
1562	42 19 6 94
1563	15 51 22 19
1564	86 59 100 14
1565	1 99 90 24
1566	85 56 61 30
1567	12 28 69 40
1568	88 89 94 9
1569	31 39 69 79
1570	44 16 99 38
1571	90 66 18 57
1572	71 95 72 12
1573	54 13 48 52
1574	88 31 55 37
1575	10 65 90 13
1576	26 23 46 15
1577	35 15 29 23
1578	47 68 85 16
1579	75 79 54 4
1580	54 24 51 95
1581	19 66 12 71
1582	92 13 8 5
1583	37 18 24 85
1584	60 78 30 97
1585	1 31 92 94
1586	92 50 16 45
1587	91 63 2 86
1588	6 20 100 72
1589	88 16 1 98
1590	17 78 7 70
1591	68 81 35 80
1592	56 95 1 61
1593	79 25 40 15
1594	29 34 25 20
1595	81 35 38 75
1596	20 93 64 95
1597	36 32 30 90
1598	37 8 81 59
1599	38 89 26 3
1600	49 45 69 83
1601	48 26 94 27
1602	57 49 18 89
1603	83 86 84 90
1604	17 55 8 76
1605	47 45 67 30
1606	9 38 81 80
1607	82 98 40 87
1608	16 71 62 86
1609	60 64 85 11
1610	36 88 7 64
1611	72 21 92 56
1612	14 45 59 48
1613	51 12 20 48
1614	71 29 92 66
1615	34 52 8 55
1616	54 94 20 51
1617	13 78 25 29
1618	92 28 24 64
1619	37 35 8 59
1620	44 89 33 93
1621	65 80 22 81
1622	75 100 52 84
1623	11 95 91 60
1624	96 78 28 5
1625	90 52 58 84
1626	26 59 40 97
1627	7 44 32 77
1628	40 19 79 35
1629	27 56 9 52
1630	40 37 43 59
1631	31 93 7 46
1632	95 11 16 25
1633	36 80 85 55
1634	6 56 40 67
1635	75 49 47 96
1636	63 62 40 54
1637	54 29 98 100
1638	74 96 80 65
1639	39 64 63 30
1640	13 78 37 31
1641	92 78 63 72
1642	9 84 72 22
1643	86 18 48 23
1644	44 74 64 32
1645	67 91 14 49
1646	99 21 16 49
1647	61 63 42 77
1648	2 85 9 93
1649	52 64 59 11
1650	18 11 83 30
1651	92 88 97 68
1652	62 1 50 20
1653	22 17 33 88
1654	14 87 21 23
1655	30 1 34 90
1656	27 6 25 40
1657	74 49 53 68
1658	53 26 2 35
1659	24 58 36 28
1660	78 79 87 46
1661	4 67 31 87
1662	8 10 20 68
1663	86 23 69 64
1664	36 79 82 20
1665	99 90 91 50
1666	69 52 12 82
1667	74 40 30 80
1668	20 96 24 45
1669	73 87 28 74
1670	3 79 5 37
1671	52 18 47 14
1672	17 50 27 99
1673	42 13 41 71
1674	11 25 65 32
1675	67 96 91 52
1676	49 36 10 8
1677	18 59 25 17
1678	90 45 19 76
1679	93 74 79 73
1680	5 74 46 62
1681	72 85 25 37
1682	59 73 66 41
1683	43 56 66 64
1684	55 16 33 66
1685	61 48 30 39
1686	6 44 52 80
1687	6 97 63 68
1688	33 80 58 78
1689	3 40 16 64
1690	67 34 20 9
1691	78 81 77 27
1692	9 70 85 95
1693	63 33 73 18
1694	23 71 70 16
1695	3 39 19 91
1696	2 13 97 70
1697	57 42 16 31
1698	56 45 44 21
1699	16 14 60 22
1700	31 19 40 95
1701	89 42 26 28
1702	8 43 18 16
1703	54 40 14 26
1704	40 45 34 91
1705	95 97 56 5
1706	43 5 64 46
1707	57 2 64 89
1708	15 28 63 75
1709	43 1 94 49
1710	5 67 22 19
1711	6 83 87 90
1712	96 100 61 13
1713	16 34 88 51
1714	17 28 84 47
1715	51 14 39 34
1716	55 20 40 61
1717	91 76 59 90
1718	73 81 88 59
1719	30 87 84 13
1720	69 43 65 66
1721	36 59 91 9
1722	74 72 48 79
1723	4 98 96 37
1724	100 7 70 21
1725	90 50 92 56
1726	100 40 25 88
1727	58 82 5 9
1728	46 74 57 7
1729	41 23 62 13
1730	30 24 7 54
1731	76 58 26 22
1732	20 95 6 88
1733	35 65 61 5
1734	38 65 56 32
1735	73 32 62 59
1736	50 89 58 2
1737	93 51 31 88
1738	83 39 44 91
1739	92 50 32 93
1740	58 75 24 96
1741	58 22 69 33
1742	42 93 17 13
1743	30 84 61 64
1744	63 86 59 58
1745	62 71 3 10
1746	25 75 78 10
1747	79 20 32 5
1748	49 22 11 63
1749	47 58 85 26
1750	90 76 10 33
1751	24 36 86 23
1752	63 9 89 80
1753	13 3 78 15
1754	59 15 19 5
1755	84 91 78 11
1756	72 41 31 78
1757	57 78 75 6
1758	20 60 99 90
1759	65 54 14 69
1760	35 15 89 51
1761	32 21 86 42
1762	15 70 41 24
1763	19 83 70 35
1764	7 45 52 77
1765	36 51 79 47
1766	99 39 21 76
1767	74 67 46 79
1768	20 97 46 1
1769	69 65 26 14
1770	65 79 21 87
1771	6 17 12 75
1772	25 52 17 38
1773	43 42 63 96
1774	26 69 15 82
1775	30 58 3 24
1776	59 27 45 79
1777	55 30 85 79
1778	20 3 83 24
1779	11 15 89 44
1780	46 69 48 23
1781	59 61 29 16
1782	54 52 24 18
1783	76 2 12 91
1784	20 12 91 51
1785	82 66 68 57
1786	30 63 98 18
1787	50 6 85 87
1788	99 52 76 84
1789	19 93 1 6
1790	67 76 54 47
1791	89 28 97 65
1792	20 68 96 85
1793	42 2 92 18
1794	2 10 15 23
1795	1 16 48 75
1796	18 7 70 55
1797	97 62 48 87
1798	61 18 99 91
1799	32 7 89 48
1800	90 70 20 99
1801	71 97 52 32
1802	49 51 18 61
1803	52 50 31 4
1804	32 15 60 28
1805	70 43 100 82
1806	85 38 12 1
1807	51 69 60 31
1808	41 98 3 91
1809	20 74 10 73
1810	53 49 95 4
1811	50 17 39 87
1812	10 88 63 100
1813	95 97 10 70
1814	97 46 60 20
1815	45 37 89 84
1816	44 80 21 35
1817	49 94 74 96
1818	42 40 49 51
1819	44 75 23 37
1820	47 18 72 25
1821	91 95 41 18
1822	39 78 36 10
1823	78 76 36 12
1824	81 89 91 30
1825	87 42 32 17
1826	25 73 65 54
1827	86 92 77 68
1828	38 83 56 4
1829	66 97 78 53
1830	8 53 95 43
1831	18 40 35 24
1832	36 24 82 85
1833	69 2 51 42
1834	88 84 28 39
1835	37 100 59 53
1836	75 56 74 59
1837	43 28 89 83
1838	51 36 33 64
1839	5 36 95 92
1840	86 27 2 95
1841	81 94 35 13
1842	8 78 97 66
1843	83 97 99 7
1844	81 39 66 61
1845	45 16 65 68
1846	60 43 54 67
1847	93 11 81 61
1848	71 29 88 53
1849	32 35 42 85
1850	24 87 81 88
1851	11 89 64 79
1852	21 5 61 3
1853	65 31 36 71
1854	38 28 65 85
1855	87 6 79 92
1856	58 55 42 48
1857	29 18 5 15
1858	27 50 66 31
1859	18 13 32 15
1860	38 8 53 74
1861	66 75 5 38
1862	15 1 48 33
1863	20 18 96 98
1864	59 5 56 74
1865	18 68 97 92
1866	5 31 44 66
1867	73 6 32 58
1868	12 88 71 68
1869	64 55 52 49
1870	26 67 64 29
1871	27 41 23 44
1872	90 82 9 24
1873	24 96 75 9
1874	56 3 7 14
1875	47 85 55 34
1876	90 22 8 54
1877	64 84 11 59
1878	44 40 78 70
1879	33 47 3 16
1880	54 87 24 48
1881	86 92 83 78
1882	97 11 1 48
1883	10 72 50 32
1884	94 80 78 28
1885	3 89 53 86
1886	58 44 31 50
1887	73 71 69 41
1888	52 51 78 98
1889	99 83 73 60
1890	60 28 93 25
1891	41 49 60 34
1892	64 10 80 75
1893	65 24 91 9
1894	64 77 89 16
1895	46 50 14 55
1896	65 81 45 97
1897	6 34 84 39
1898	13 39 2 4
1899	99 66 2 92
1900	67 49 4 72
1901	58 75 37 11
1902	75 27 57 66
1903	77 90 94 61
1904	50 26 95 84
1905	31 34 37 58
1906	1 51 48 18
1907	79 11 34 71
1908	31 71 37 66
1909	29 13 46 81
1910	73 18 81 10
1911	26 86 51 77
1912	87 9 14 78
1913	21 12 79 86
1914	25 85 5 37
1915	88 91 45 18
1916	11 30 10 72
1917	90 41 26 31
1918	7 28 78 41
1919	40 99 15 80
1920	15 63 84 47
1921	29 59 43 15
1922	12 45 84 9
1923	9 96 65 23
1924	2 51 44 47
1925	29 32 30 13
1926	91 16 72 38
1927	17 42 8 71
1928	60 43 51 27
1929	88 67 89 72
1930	92 4 52 31
1931	96 93 56 26
1932	71 61 95 12
1933	89 2 27 45
1934	85 58 32 94
1935	81 18 94 83
1936	96 82 83 97
1937	89 62 18 52
1938	41 46 48 20
1939	88 12 39 2
1940	82 79 93 5
1941	82 15 12 62
1942	24 72 30 49
1943	20 17 60 16
1944	34 91 13 73
1945	58 70 12 36
1946	33 95 30 67
1947	14 100 97 78
1948	5 41 87 19
1949	34 63 31 1
1950	57 10 51 73
1951	93 42 13 61
1952	11 77 95 72
1953	33 62 84 60
1954	98 77 55 33
1955	83 72 49 86
1956	70 57 17 25
1957	67 39 30 13
1958	28 19 53 40
1959	67 9 40 95
1960	38 39 65 34
1961	12 67 96 35
1962	54 60 32 69
1963	66 45 40 87
1964	5 92 60 80
1965	29 100 90 66
1966	51 64 82 8
1967	55 43 51 42
1968	23 96 100 44
1969	58 85 89 28
1970	89 33 4 1
1971	78 75 86 67
1972	37 84 41 83
1973	5 98 4 95
1974	61 23 60 40
1975	38 78 32 53
1976	16 53 30 56
1977	77 50 95 100
1978	17 30 24 61
1979	79 48 56 83
1980	53 55 12 57
1981	36 98 28 57
1982	68 99 92 67
1983	29 56 81 80
1984	53 8 24 99
1985	82 70 41 19
1986	20 12 65 39
1987	16 59 91 47
1988	95 21 63 7
1989	55 91 40 56
1990	78 95 1 64
1991	43 42 97 93
1992	29 25 34 37
1993	79 91 63 34
1994	21 11 42 81
1995	72 37 92 50
1996	26 27 9 28
1997	62 5 56 94
1998	51 85 29 75
1999	11 57 27 5
2000	96 92 26 49
2001	84 93 72 100
2002	70 86 46 77
2003	29 37 34 53
2004	41 97 89 59
2005	60 64 96 52
2006	70 59 2 1
2007	31 14 40 79
2008	49 22 3 36
2009	48 90 34 86
2010	21 5 33 66
2011	89 82 12 43
2012	20 2 18 75
2013	100 22 6 67
2014	93 62 23 56
2015	75 91 94 66
2016	57 76 16 91
2017	100 23 29 63
2018	36 24 99 18
2019	20 86 39 27
2020	84 27 95 58
2021	46 89 94 68
2022	3 21 39 100
2023	98 2 38 33
2024	67 92 9 93
2025	77 26 62 78
2026	2 19 92 91
2027	15 50 1 23
2028	56 85 64 49
2029	45 94 42 66
2030	96 41 16 92
2031	47 79 39 94
2032	58 57 1 81
2033	69 50 10 5
2034	3 6 61 49
2035	64 82 57 93
2036	22 97 7 9
2037	49 38 93 24
2038	55 23 72 18
2039	93 60 96 1
2040	48 21 68 12
2041	11 38 10 15
2042	17 84 69 4
2043	91 16 55 5
2044	74 44 45 10
2045	90 17 78 73
2046	49 17 66 6
2047	91 54 17 72
2048	22 69 34 5
2049	90 49 84 62
2050	64 28 100 90
2051	17 63 16 22
2052	60 72 46 13
2053	66 44 45 63
2054	91 44 7 9
2055	69 32 8 65
2056	75 49 69 76
2057	60 97 93 94
2058	54 94 22 35
2059	27 64 95 76
2060	79 92 75 98
2061	55 83 79 6
2062	93 32 94 22
2063	63 24 52 67
2064	42 14 88 62
2065	67 36 98 24
2066	94 87 54 77
2067	49 18 71 14
2068	51 93 84 9
2069	28 7 14 100
2070	68 6 62 85
2071	82 20 66 23
2072	80 84 90 50
2073	35 42 90 87
2074	46 73 55 16
2075	71 85 13 27
2076	1 18 79 37
2077	89 24 57 35
2078	68 3 81 21
2079	44 14 18 70
2080	80 86 2 25
2081	26 56 92 63
2082	79 67 85 73
2083	78 65 39 15
2084	38 83 99 88
2085	19 4 63 75
2086	76 87 83 30
2087	66 20 95 63
2088	68 58 62 79
2089	20 5 81 13
2090	59 100 52 21
2091	59 56 54 94
2092	39 84 65 44
2093	50 13 63 68
2094	71 87 2 73
2095	58 86 73 59
2096	33 71 79 31
2097	62 51 80 88
2098	47 20 19 41
2099	44 51 24 72
2100	87 51 25 53
2101	40 83 77 58
2102	3 72 98 5
2103	63 89 50 4
2104	44 31 42 2
2105	14 57 45 27
2106	76 1 45 16
2107	25 19 57 26
2108	96 76 8 80
2109	99 77 25 55
2110	51 2 8 5
2111	30 75 76 95
2112	87 7 8 83
2113	15 6 36 48
2114	27 19 28 52
2115	62 100 41 61
2116	5 84 58 89
2117	19 34 30 10
2118	16 32 69 83
2119	93 41 25 39
2120	12 21 4 53
2121	3 33 12 95
2122	41 44 88 40
2123	63 72 19 83
2124	23 77 3 59
2125	13 91 1 98
2126	34 54 74 27
2127	74 72 48 12
2128	36 44 92 3
2129	18 88 63 21
2130	99 65 22 98
2131	78 77 37 85
2132	39 28 74 34
2133	60 57 71 78
2134	100 34 80 78
2135	86 12 62 88
2136	54 98 60 37
2137	89 34 82 13
2138	51 62 16 44
2139	69 19 6 42
2140	72 21 83 3
2141	33 15 14 9
2142	7 2 87 40
2143	23 68 71 35
2144	67 79 97 75
2145	71 18 27 46
2146	59 80 64 62
2147	2 61 53 24
2148	68 16 54 41
2149	19 95 30 83
2150	28 42 64 72
2151	82 46 74 95
2152	22 30 12 62
2153	40 80 56 17
2154	27 54 57 21
2155	65 68 9 41
2156	37 67 93 2
2157	12 50 20 72
2158	94 73 20 15
2159	50 83 35 80
2160	22 45 62 59
2161	57 87 37 47
2162	51 77 82 66
2163	43 76 24 70
2164	65 5 19 6
2165	88 2 91 64
2166	27 10 8 97
2167	93 99 11 9
2168	40 88 22 42
2169	62 75 89 44
2170	50 27 67 93
2171	54 51 5 94
2172	73 65 57 8
2173	59 20 21 37
2174	53 47 82 5
2175	73 72 94 82
2176	50 68 90 83
2177	18 44 70 75
2178	48 60 16 100
2179	69 86 18 12
2180	6 48 16 71
2181	84 28 1 82
2182	52 56 15 18
2183	24 58 49 85
2184	13 51 33 23
2185	10 61 72 79
2186	90 54 20 91
2187	17 11 59 69
2188	2 98 64 72
2189	24 43 64 90
2190	9 47 49 28
2191	35 94 33 3
2192	51 71 47 36
2193	76 43 35 86
2194	39 14 63 52
2195	59 33 82 23
2196	34 89 87 18
2197	13 73 40 8
2198	59 90 72 53
2199	15 100 66 17
2200	70 100 89 54
2201	100 22 74 12
2202	41 19 73 83
2203	76 24 65 57
2204	35 36 53 61
2205	79 95 2 93
2206	94 12 33 42
2207	47 91 18 95
2208	36 73 38 16
2209	53 8 73 50
2210	17 33 93 36
2211	4 35 83 17
2212	31 24 36 28
2213	13 20 23 35
2214	7 17 100 56
2215	44 58 8 88
2216	97 4 14 81
2217	47 97 33 11
2218	1 20 81 93
2219	66 41 7 39
2220	92 49 8 66
2221	94 32 90 89
2222	41 24 17 97
2223	96 46 78 81
2224	52 50 95 34
2225	26 82 42 35
2226	86 76 81 34
2227	14 91 12 34
2228	26 81 52 91
2229	81 87 66 7
2230	13 50 14 60
2231	86 83 24 38
2232	84 94 72 38
2233	40 12 73 59
2234	100 4 85 20
2235	36 11 72 21
2236	68 50 62 92
2237	67 68 37 92
2238	18 68 16 22
2239	45 42 84 38
2240	13 26 77 31
2241	59 27 29 69
2242	18 86 5 87
2243	17 77 32 82
2244	88 96 78 84
2245	4 32 34 5
2246	68 13 25 9
2247	74 88 67 61
2248	63 3 76 45
2249	62 22 10 50
2250	44 12 51 62
2251	63 80 1 10
2252	36 42 22 17
2253	79 85 62 52
2254	90 92 78 5
2255	10 50 67 51
2256	17 29 62 55
2257	66 44 53 79
2258	49 73 44 57
2259	22 71 38 68
2260	76 5 2 59
2261	30 62 76 38
2262	46 85 81 63
2263	37 39 23 59
2264	5 91 49 93
2265	44 5 62 22
2266	68 39 85 7
2267	56 11 33 40
2268	13 98 100 34
2269	63 24 41 28
2270	93 19 41 89
2271	8 9 62 73
2272	82 50 45 43
2273	33 10 50 34
2274	62 86 46 70
2275	9 45 11 2
2276	48 84 60 2
2277	64 50 83 30
2278	49 30 48 16
2279	44 18 35 24
2280	69 34 67 36
2281	85 90 20 4
2282	9 21 46 41
2283	16 32 97 64
2284	56 58 30 5
2285	15 58 59 30
2286	54 55 34 41
2287	78 46 41 79
2288	76 77 34 15
2289	22 10 12 11
2290	73 93 18 14
2291	16 12 53 4
2292	47 100 62 77
2293	90 85 43 52
2294	52 94 92 9
2295	98 59 16 46
2296	39 20 46 91
2297	71 78 5 14
2298	75 78 34 79
2299	10 61 27 5
2300	45 63 16 39
2301	24 40 95 91
2302	19 39 61 4
2303	62 15 46 75
2304	7 37 49 59
2305	80 82 54 89
2306	11 67 38 78
2307	58 89 68 83
2308	94 33 62 3
2309	56 8 63 21
2310	77 78 31 8
2311	92 60 65 20
2312	46 4 19 1
2313	46 19 91 8
2314	45 39 91 9
2315	60 39 9 13
2316	22 18 77 27
2317	28 22 39 78
2318	62 66 40 27
2319	65 38 40 80
2320	79 32 90 8
2321	62 81 5 8
2322	91 32 76 96
2323	44 4 53 93
2324	36 5 90 29
2325	41 14 59 2
2326	74 70 8 24
2327	46 100 80 55
2328	37 98 74 81
2329	9 40 21 81
2330	77 84 86 44
2331	58 1 93 31
2332	21 65 79 86
2333	55 52 44 45
2334	90 1 89 28
2335	23 33 68 28
2336	33 54 49 38
2337	81 31 20 39
2338	37 60 79 62
2339	29 57 81 91
2340	87 16 29 92
2341	12 59 51 6
2342	61 18 80 67
2343	78 85 99 54
2344	76 88 55 15
2345	22 83 74 26
2346	39 51 90 38
2347	46 88 70 44
2348	46 16 44 70
2349	93 54 81 67
2350	65 62 1 83
2351	47 30 87 49
2352	90 73 75 8
2353	6 92 57 90
2354	48 73 34 1
2355	66 27 92 41
2356	5 45 76 33
2357	26 85 83 68
2358	14 65 62 13
2359	2 13 89 63
2360	97 4 33 56
2361	87 20 96 28
2362	39 95 76 80
2363	76 93 33 94
2364	84 52 13 77
2365	48 46 68 12
2366	4 93 41 48
2367	74 5 11 20
2368	87 70 25 69
2369	11 9 29 70
2370	46 32 41 50
2371	38 94 66 18
2372	47 27 11 85
2373	76 82 48 23
2374	35 6 13 78
2375	74 19 17 25
2376	53 52 100 89
2377	11 24 34 78
2378	18 25 50 10
2379	72 61 78 51
2380	89 32 26 13
2381	21 51 38 19
2382	76 34 54 7
2383	80 70 57 9
2384	21 84 10 67
2385	30 25 40 17
2386	97 4 12 62
2387	47 4 79 17
2388	30 31 13 94
2389	77 14 38 1
2390	65 61 22 25
2391	42 19 81 28
2392	9 72 92 40
2393	98 9 1 26
2394	7 40 38 25
2395	12 44 23 18
2396	28 75 59 40
2397	69 44 29 31
2398	37 95 99 89
2399	13 33 18 36
2400	75 100 72 83
2401	100 26 22 95
2402	32 9 72 57
2403	66 25 38 55
2404	64 89 16 1
2405	75 47 22 34
2406	38 49 98 89
2407	7 92 13 40
2408	79 96 56 100
2409	27 84 4 48
2410	88 44 46 83
2411	49 22 20 66
2412	98 85 75 50
2413	58 52 2 20
2414	92 70 81 80
2415	87 69 98 19
2416	66 40 42 18
2417	86 23 79 21
2418	29 31 32 5
2419	26 30 8 97
2420	29 19 100 18
2421	74 24 87 100
2422	36 74 50 2
2423	86 14 49 50
2424	27 92 16 44
2425	25 96 42 3
2426	51 67 93 66
2427	17 24 5 37
2428	47 18 24 74
2429	78 42 62 85
2430	19 55 5 88
2431	84 27 70 64
2432	72 25 41 19
2433	10 59 83 56
2434	56 23 61 52
2435	62 20 43 72
2436	33 46 76 83
2437	61 73 7 57
2438	83 78 52 51
2439	56 96 66 60
2440	19 62 3 100
2441	12 52 56 100
2442	42 93 67 28
2443	48 42 33 100
2444	20 45 51 55
2445	64 89 71 52
2446	5 32 95 94
2447	47 70 14 44
2448	49 24 64 59
2449	64 10 77 19
2450	81 46 62 34
2451	39 70 60 13
2452	28 13 69 73
2453	13 93 36 74
2454	1 5 80 67
2455	76 1 74 27
2456	24 69 100 73
2457	9 66 90 51
2458	94 47 5 84
2459	68 62 45 12
2460	82 20 86 63
2461	21 19 32 50
2462	25 77 56 44
2463	2 32 13 77
2464	5 95 100 9
2465	34 22 19 86
2466	69 12 16 54
2467	51 36 55 26
2468	16 91 35 67
2469	21 10 7 52
2470	21 65 91 80
2471	7 34 32 19
2472	17 97 62 47
2473	72 37 16 23
2474	96 55 49 41
2475	94 7 75 80
2476	33 76 35 4
2477	66 89 79 54
2478	70 88 78 62
2479	48 55 1 66
2480	17 32 1 41
2481	31 52 1 59
2482	59 69 58 92
2483	28 60 88 44
2484	31 67 74 6
2485	73 59 56 74
2486	7 92 15 73
2487	24 26 37 85
2488	64 65 40 72
2489	21 99 40 84
2490	9 75 14 77
2491	94 46 32 50
2492	37 73 97 68
2493	73 37 94 1
2494	8 7 16 31
2495	43 70 38 3
2496	59 81 48 45
2497	47 43 15 3
2498	34 4 26 76
2499	8 1 84 93
2500	58 81 12 82
2501	3 92 20 67
2502	86 100 87 29
2503	31 18 16 48
2504	19 28 63 46
2505	81 63 54 58
2506	62 92 58 63
2507	16 71 94 38
2508	53 41 35 9
2509	71 72 24 96
2510	11 45 93 2
2511	8 29 40 43
2512	60 46 81 68
2513	75 50 24 96
2514	10 98 57 39
2515	93 73 82 90
2516	23 39 55 37
2517	34 92 85 82
2518	64 53 99 4
2519	64 78 56 74
2520	91 73 94 88
2521	91 38 62 86
2522	51 15 87 71
2523	97 98 89 75
2524	47 48 79 34
2525	31 21 65 93
2526	64 15 82 32
2527	43 91 70 77
2528	58 16 54 33
2529	71 13 95 37
2530	33 23 31 68
2531	45 33 80 70
2532	5 48 28 4
2533	83 43 52 42
2534	8 20 86 91
2535	9 71 100 23
2536	100 93 22 2
2537	81 19 89 98
2538	98 3 68 9
2539	25 59 24 36
2540	11 85 29 52
2541	28 19 65 30
2542	30 67 43 70
2543	79 60 30 19
2544	20 46 75 12
2545	73 94 98 75
2546	43 95 50 69
2547	80 35 16 28
2548	2 16 36 63
2549	36 25 37 8
2550	31 75 83 87
2551	13 80 86 28
2552	44 31 32 4
2553	62 31 100 48
2554	21 27 36 5
2555	61 44 35 46
2556	50 18 82 85
2557	5 90 37 67
2558	63 3 28 91
2559	66 37 74 35
2560	28 44 42 22
2561	17 91 76 96
2562	97 37 17 58
2563	31 19 1 97
2564	27 49 70 61
2565	58 16 28 32
2566	58 76 34 65
2567	29 9 20 81
2568	33 75 89 50
2569	27 85 38 58
2570	79 91 93 33
2571	83 75 21 92
2572	98 45 11 34
2573	10 16 78 70
2574	38 2 44 72
2575	71 95 12 32
2576	51 81 42 18
2577	90 4 22 73
2578	53 2 64 66
2579	18 33 25 61
2580	17 52 81 8
2581	30 47 63 1
2582	6 59 40 100
2583	87 16 62 98
2584	26 67 68 73
2585	71 94 89 70
2586	88 20 40 39
2587	47 85 61 83
2588	77 33 31 85
2589	81 48 92 39
2590	52 32 36 4
2591	30 86 90 3
2592	74 28 97 19
2593	18 29 81 66
2594	54 77 51 29
2595	52 65 6 3
2596	4 17 97 29
2597	24 11 9 68
2598	4 92 91 28
2599	68 96 56 81
2600	9 98 4 17
2601	1 42 32 18
2602	26 48 3 13
2603	90 56 87 37
2604	39 87 64 45
2605	1 64 62 18
2606	95 49 32 90
2607	29 5 42 22
2608	58 57 98 41
2609	54 92 17 63
2610	93 7 17 54
2611	100 6 26 75
2612	51 53 8 26
2613	30 61 87 14
2614	90 22 69 84
2615	75 40 24 41
2616	63 79 32 92
2617	4 49 11 66
2618	29 80 21 32
2619	34 18 8 24
2620	75 2 84 82
2621	72 1 35 98
2622	70 69 43 39
2623	2 57 1 61
2624	30 62 93 91
2625	58 72 69 29
2626	82 59 92 7
2627	9 5 63 57
2628	38 72 61 96
2629	75 2 51 25
2630	28 12 17 41
2631	22 77 63 31
2632	82 48 42 50
2633	70 56 89 75
2634	59 46 95 83
2635	76 46 55 66
2636	25 19 17 83
2637	54 61 49 10
2638	20 17 3 40
2639	94 65 76 56
2640	19 28 67 43
2641	74 85 20 6
2642	9 68 82 11
2643	56 48 86 40
2644	3 57 20 28
2645	35 76 7 28
2646	98 94 38 3
2647	42 25 19 4
2648	10 59 61 21
2649	94 6 76 84
2650	57 61 5 4
2651	21 37 72 56
2652	9 18 6 5
2653	93 43 92 97
2654	85 76 73 100
2655	69 44 58 32
2656	69 26 16 50
2657	72 6 46 64
2658	70 28 5 67
2659	92 39 95 73
2660	40 89 44 17
2661	49 55 72 29
2662	75 13 24 71
2663	38 52 1 2
2664	73 51 12 23
2665	2 35 16 62
2666	62 51 11 65
2667	36 47 72 42
2668	46 49 48 27
2669	33 64 82 87
2670	61 13 4 5
2671	30 64 82 74
2672	31 11 35 86
2673	36 98 24 8
2674	56 83 62 86
2675	46 16 52 85
2676	10 40 9 28
2677	55 61 15 57
2678	29 66 98 69
2679	64 60 87 17
2680	77 57 31 5
2681	70 96 44 54
2682	37 16 17 71
2683	83 96 87 36
2684	10 67 86 24
2685	8 86 42 57
2686	87 56 23 76
2687	15 20 72 3
2688	21 44 9 43
2689	80 76 6 84
2690	53 27 41 43
2691	43 93 83 53
2692	49 48 99 94
2693	38 99 91 42
2694	35 72 83 45
2695	88 62 65 50
2696	99 65 28 70
2697	25 6 92 74
2698	94 41 87 64
2699	97 27 64 22
2700	57 36 18 90
2701	58 84 10 14
2702	46 84 27 29
2703	16 33 40 24
2704	90 26 17 50
2705	62 46 78 16
2706	23 11 74 55
2707	11 82 16 63
2708	65 55 30 35
2709	20 27 47 45
2710	63 100 5 83
2711	70 86 37 7
2712	52 75 11 21
2713	19 32 24 9
2714	33 29 51 88
2715	26 97 2 78
2716	12 49 17 53
2717	91 45 86 17
2718	69 55 76 4
2719	56 48 23 18
2720	47 10 68 72
2721	49 40 60 93
2722	1 62 74 11
2723	54 18 96 32
2724	33 19 62 3
2725	99 2 3 74
2726	88 6 15 20
2727	37 14 78 91
2728	39 6 87 91
2729	72 17 57 53
2730	14 68 95 42
2731	81 86 14 52
2732	92 78 13 80
2733	6 90 17 73
2734	40 50 19 97
2735	74 72 87 85
2736	70 33 63 18
2737	45 83 19 44
2738	87 54 100 91
2739	2 55 3 18
2740	20 38 14 3
2741	40 73 50 26
2742	76 92 64 69
2743	36 54 34 46
2744	42 31 65 20
2745	54 73 38 23
2746	60 39 88 28
2747	80 14 65 54
2748	79 75 69 41
2749	28 70 51 59
2750	31 39 1 53
2751	81 42 35 47
2752	12 69 37 70
2753	46 67 50 49
2754	69 92 43 79
2755	26 6 55 9
2756	47 87 36 71
2757	98 41 70 84
2758	9 54 36 79
2759	7 55 17 42
2760	19 59 98 58
2761	45 38 9 51
2762	13 28 98 23
2763	85 84 70 6
2764	6 24 28 96
2765	26 35 60 99
2766	75 54 15 10
2767	64 45 77 17
2768	35 57 98 27
2769	34 16 13 8
2770	59 73 70 78
2771	87 57 63 8
2772	25 4 81 99
2773	92 4 42 65
2774	7 28 27 20
2775	78 90 82 40
2776	38 55 9 46
2777	72 23 44 87
2778	15 5 74 77
2779	98 54 66 76
2780	44 23 41 71
2781	28 57 35 66
2782	94 4 22 9
2783	32 44 89 62
2784	81 6 93 100
2785	36 18 92 68
2786	21 19 59 40
2787	93 32 50 63
2788	70 75 72 3
2789	66 43 23 26
2790	6 45 32 60
2791	49 15 13 33
2792	52 37 19 61
2793	37 74 3 69
2794	52 27 25 36
2795	95 84 3 37
2796	24 82 78 49
2797	78 89 51 11
2798	27 50 43 33
2799	62 85 42 66
2800	26 84 23 28
2801	47 58 3 8
2802	71 30 22 93
2803	17 48 24 29
2804	69 73 80 34
2805	31 63 58 93
2806	97 18 64 44
2807	43 92 86 93
2808	68 35 14 57
2809	79 93 77 64
2810	1 30 54 18
2811	6 13 83 92
2812	29 93 42 75
2813	31 96 9 98
2814	79 98 10 26
2815	42 61 64 14
2816	29 46 36 96
2817	23 60 6 73
2818	90 27 18 13
2819	12 77 23 44
2820	87 11 30 96
2821	25 6 82 27
2822	68 35 45 98
2823	27 83 42 100
2824	5 34 45 17
2825	47 41 58 85
2826	62 86 88 9
2827	13 60 100 30
2828	22 64 69 100
2829	30 43 46 94
2830	74 79 88 50
2831	20 8 77 89
2832	53 76 19 70
2833	72 89 41 73
2834	1 82 28 77
2835	85 55 60 23
2836	7 54 49 84
2837	62 34 20 16
2838	46 49 34 60
2839	74 83 35 5
2840	83 69 5 2
2841	97 87 60 99
2842	69 45 31 62
2843	63 73 22 82
2844	90 8 31 58
2845	19 35 33 74
2846	59 78 28 41
2847	36 13 95 41
2848	46 41 62 20
2849	2 43 39 55
2850	82 7 49 5
2851	2 81 45 43
2852	87 76 60 88
2853	79 35 28 75
2854	13 95 82 45
2855	30 92 7 87
2856	48 90 70 32
2857	81 78 38 93
2858	35 52 54 29
2859	16 58 39 90
2860	5 29 44 36
2861	80 17 58 19
2862	31 58 26 94
2863	21 74 84 7
2864	95 84 12 4
2865	97 49 6 41
2866	4 30 52 33
2867	90 77 22 19
2868	91 98 5 88
2869	78 67 5 48
2870	89 95 90 77
2871	16 52 11 24
2872	60 91 8 54
2873	44 58 37 34
2874	19 48 9 81
2875	59 38 16 78
2876	41 15 99 70
2877	19 71 77 27
2878	29 15 46 41
2879	28 77 93 30
2880	47 76 24 59
2881	66 90 83 35
2882	93 39 67 71
2883	18 60 67 23
2884	31 81 93 1
2885	64 31 66 16
2886	91 17 59 27
2887	91 81 32 9
2888	62 58 91 16
2889	38 44 14 67
2890	33 11 55 68
2891	65 76 28 49
2892	69 43 93 65
2893	76 89 85 94
2894	12 100 64 9
2895	82 65 38 54
2896	95 90 9 87
2897	31 20 92 13
2898	77 30 59 93
2899	20 2 66 10
2900	34 61 63 87
2901	81 100 43 32
2902	87 50 61 5
2903	76 88 84 29
2904	47 97 34 29
2905	92 87 58 63
2906	65 12 15 24
2907	51 86 63 94
2908	68 71 98 31
2909	9 75 45 59
2910	62 96 66 84
2911	93 28 34 18
2912	41 82 40 56
2913	81 78 59 91
2914	21 88 59 76
2915	94 36 22 73
2916	44 34 37 78
2917	88 33 94 75
2918	97 30 35 43
2919	70 32 94 62
2920	62 18 87 68
2921	38 75 59 31
2922	25 71 73 82
2923	89 40 2 59
2924	16 97 82 59
2925	68 70 42 23
2926	1 69 56 14
2927	80 72 59 71
2928	93 55 20 29
2929	61 15 46 47
2930	62 58 59 96
2931	88 72 92 26
2932	68 84 80 99
2933	6 97 82 41
2934	67 2 62 9
2935	29 12 51 40
2936	40 80 15 70
2937	19 16 93 1
2938	56 2 100 61
2939	48 98 92 19
2940	2 9 8 96
2941	83 7 50 91
2942	100 57 36 79
2943	88 80 27 25
2944	55 2 16 98
2945	23 43 8 30
2946	7 47 14 83
2947	61 60 38 59
2948	44 37 64 95
2949	23 46 51 59
2950	15 65 10 100
2951	18 83 11 20
2952	89 91 6 39
2953	44 71 91 18
2954	42 61 64 35
2955	95 22 14 11
2956	28 29 15 56
2957	48 53 50 42
2958	85 54 71 43
2959	57 27 25 37
2960	5 96 99 88
2961	73 76 77 96
2962	19 40 11 67
2963	32 3 38 68
2964	43 71 42 32
2965	47 53 57 62
2966	3 1 7 72
2967	17 62 83 32
2968	23 96 85 56
2969	49 85 89 2
2970	64 99 9 27
2971	73 18 34 66
2972	67 74 69 87
2973	73 23 98 67
2974	63 55 16 73
2975	94 89 48 40
2976	46 24 99 12
2977	34 6 45 23
2978	17 83 80 75
2979	90 13 82 48
2980	92 88 24 22
2981	36 73 85 38
2982	38 60 85 48
2983	24 41 38 64
2984	34 68 7 17
2985	7 63 5 4
2986	38 70 78 92
2987	32 100 59 37
2988	99 87 8 73
2989	91 83 38 70
2990	79 31 77 24
2991	93 68 91 95
2992	74 93 55 13
2993	95 55 21 76
2994	86 36 26 9
2995	27 80 79 10
2996	77 97 59 8
2997	85 41 62 94
2998	56 23 85 62
2999	90 32 39 37
3000	83 75 61 5
3001	68 98 18 42
3002	39 97 47 55
3003	30 82 81 50
3004	12 76 66 78
3005	38 46 49 6
3006	65 71 52 17
3007	99 81 12 45
3008	1 37 93 11
3009	52 73 14 65
3010	14 92 76 89
3011	46 28 41 90
3012	65 69 91 68
3013	89 14 1 97
3014	37 97 55 38
3015	55 96 94 31
3016	49 56 28 7
3017	51 83 77 24
3018	66 99 94 46
3019	98 68 64 30
3020	94 55 72 75
3021	85 55 78 25
3022	89 58 95 88
3023	69 38 13 84
3024	86 5 50 98
3025	19 85 17 46
3026	22 42 96 90
3027	47 46 85 17
3028	73 75 86 66
3029	63 50 48 41
3030	9 17 7 100
3031	75 2 17 22
3032	46 89 24 77
3033	39 65 56 64
3034	40 2 35 24
3035	46 75 4 36
3036	51 10 85 39
3037	51 22 49 38
3038	89 18 73 1
3039	5 98 24 29
3040	45 95 81 58
3041	100 33 75 87
3042	79 97 77 1
3043	91 17 48 68
3044	50 44 3 85
3045	98 7 84 3
3046	53 61 67 87
3047	86 69 73 68
3048	45 95 43 94
3049	36 81 2 71
3050	100 61 31 35
3051	83 60 48 8
3052	61 23 100 72
3053	4 86 53 49
3054	90 86 71 29
3055	67 56 100 88
3056	46 54 88 32
3057	93 30 73 25
3058	96 72 46 65
3059	7 18 44 98
3060	72 71 16 31
3061	14 3 86 64
3062	37 42 49 55
3063	64 49 47 34
3064	18 76 65 87
3065	79 8 25 45
3066	74 33 76 53
3067	61 6 76 21
3068	94 73 69 11
3069	67 48 96 12
3070	59 90 76 87
3071	55 88 68 25
3072	56 74 49 62
3073	22 83 89 41
3074	84 71 79 80
3075	99 1 50 54
3076	37 41 65 7
3077	88 47 78 9
3078	61 51 96 87
3079	100 57 95 47
3080	52 32 86 36
3081	18 39 96 78
3082	52 4 35 53
3083	68 60 31 35
3084	32 53 80 87
3085	78 17 73 32
3086	82 11 79 4
3087	37 5 98 81
3088	16 46 18 69
3089	15 71 73 54
3090	6 100 24 76
3091	1 100 25 86
3092	86 64 92 55
3093	64 74 3 23
3094	34 50 1 59
3095	75 10 94 60
3096	51 7 45 81
3097	49 74 43 40
3098	97 10 29 44
3099	35 18 45 53
3100	86 22 80 67
3101	96 9 44 53
3102	48 31 90 67
3103	93 33 69 73
3104	94 2 85 89
3105	21 24 32 81
3106	29 70 77 81
3107	77 86 60 29
3108	4 74 68 46
3109	66 42 71 63
3110	67 75 18 72
3111	77 78 24 46
3112	6 97 75 44
3113	81 99 16 31
3114	98 35 8 34
3115	8 81 94 27
3116	58 21 18 39
3117	26 55 49 95
3118	90 25 70 99
3119	98 95 70 6
3120	3 25 77 31
3121	64 6 95 11
3122	63 78 95 45
3123	6 93 99 76
3124	49 87 20 71
3125	31 40 88 21
3126	28 45 30 23
3127	56 35 62 93
3128	94 47 44 9
3129	11 17 20 79
3130	78 10 24 87
3131	25 20 43 87
3132	10 66 21 93
3133	31 75 6 19
3134	89 41 8 21
3135	97 84 35 20
3136	86 23 18 66
3137	87 39 48 29
3138	25 4 15 56
3139	77 60 11 48
3140	45 56 23 13
3141	24 5 62 42
3142	31 87 77 4
3143	27 86 93 39
3144	62 39 36 33
3145	5 79 44 52
3146	70 89 25 66
3147	18 52 84 45
3148	68 67 94 51
3149	39 51 43 92
3150	50 34 77 7
3151	50 75 48 5
3152	62 84 3 72
3153	78 87 61 8
3154	8 79 50 47
3155	75 21 100 77
3156	88 20 14 19
3157	83 78 79 53
3158	86 50 31 69
3159	64 48 47 91
3160	15 91 89 56
3161	63 20 72 73
3162	28 5 91 85
3163	78 82 97 86
3164	99 56 18 80
3165	58 51 77 7
3166	51 15 63 35
3167	75 30 54 37
3168	89 45 49 88
3169	36 68 11 33
3170	82 36 98 85
3171	38 77 50 41
3172	4 80 50 85
3173	2 67 46 41
3174	68 39 69 38
3175	80 62 32 29
3176	97 61 24 26
3177	38 82 98 84
3178	98 33 41 42
3179	62 95 71 19
3180	37 21 27 52
3181	97 22 16 59
3182	15 54 94 48
3183	49 58 11 29
3184	52 91 57 38
3185	41 81 86 40
3186	37 27 76 83
3187	2 63 38 86
3188	26 47 29 30
3189	47 81 45 20
3190	82 68 70 8
3191	22 43 36 84
3192	22 91 79 73
3193	72 21 70 38
3194	86 56 41 38
3195	54 53 27 71
3196	91 95 33 12
3197	7 27 30 11
3198	50 34 87 30
3199	100 92 68 46
3200	14 8 46 48
3201	96 5 51 52
3202	18 27 87 71
3203	17 84 41 96
3204	59 55 3 27
3205	33 69 44 93
3206	46 6 8 58
3207	78 94 38 39
3208	79 33 95 96
3209	84 8 28 15
3210	32 24 41 8
3211	99 56 32 49
3212	75 80 17 51
3213	7 17 37 51
3214	10 77 42 69
3215	53 2 81 100
3216	51 61 60 7
3217	92 12 33 65
3218	56 37 49 79
3219	32 28 90 58
3220	78 34 28 63
3221	87 66 6 30
3222	36 24 9 59
3223	16 62 39 35
3224	52 71 100 21
3225	2 45 37 12
3226	70 92 15 18
3227	33 65 47 45
3228	4 20 83 84
3229	66 84 2 67
3230	89 20 16 77
3231	27 21 39 16
3232	16 35 95 3
3233	10 75 3 29
3234	48 58 4 54
3235	84 8 28 46
3236	95 47 31 63
3237	22 45 38 50
3238	56 39 51 84
3239	20 79 38 71
3240	86 13 99 51
3241	22 30 29 8
3242	92 61 62 40
3243	94 54 83 38
3244	64 40 17 75
3245	16 61 36 1
3246	43 70 78 26
3247	34 67 26 59
3248	72 63 31 23
3249	39 17 98 90
3250	99 87 86 61
3251	89 42 96 57
3252	27 2 61 80
3253	70 45 54 96
3254	1 93 84 44
3255	3 66 86 72
3256	99 65 42 82
3257	11 53 4 24
3258	77 24 80 44
3259	97 52 23 7
3260	25 65 10 24
3261	73 28 92 82
3262	84 91 74 49
3263	26 78 96 82
3264	31 86 13 77
3265	80 19 56 9
3266	57 94 69 19
3267	95 36 48 92
3268	85 26 15 36
3269	29 90 69 34
3270	74 72 45 62
3271	28 48 95 14
3272	65 64 13 42
3273	45 31 49 92
3274	29 33 18 56
3275	13 15 21 35
3276	17 30 3 75
3277	90 68 83 67
3278	55 6 81 14
3279	42 47 73 56
3280	59 32 16 37
3281	23 38 25 64
3282	72 63 62 4
3283	19 29 68 100
3284	66 20 61 69
3285	56 89 66 94
3286	2 74 97 31
3287	84 28 20 63
3288	33 73 63 4
3289	23 54 52 17
3290	68 57 71 82
3291	32 72 14 84
3292	44 24 39 76
3293	84 83 13 45
3294	7 29 20 59
3295	90 88 18 85
3296	41 68 99 12
3297	54 34 56 42
3298	82 33 75 43
3299	55 3 15 31
3300	63 51 35 46
3301	34 46 81 44
3302	38 58 60 59
3303	8 91 55 66
3304	4 42 71 99
3305	85 87 52 65
3306	24 18 64 81
3307	60 84 6 12
3308	70 13 57 38
3309	6 72 74 45
3310	99 43 80 87
3311	48 18 2 31
3312	45 8 13 2
3313	65 62 27 43
3314	95 14 74 19
3315	98 76 49 72
3316	92 18 41 54
3317	13 63 93 65
3318	51 88 52 20
3319	24 49 85 29
3320	71 56 49 13
3321	57 67 96 28
3322	61 95 78 77
3323	28 70 1 48
3324	2 5 55 29
3325	73 43 6 49
3326	46 49 53 21
3327	11 32 10 96
3328	85 48 14 28
3329	48 27 36 10
3330	19 70 58 66
3331	29 37 56 4
3332	35 36 16 39
3333	22 98 55 10
3334	6 30 42 83
3335	26 69 82 8
3336	11 33 25 35
3337	24 2 92 50
3338	66 26 18 47
3339	50 83 74 5
3340	64 98 5 30
3341	63 77 56 49
3342	92 31 71 63
3343	37 100 46 52
3344	35 76 57 38
3345	29 15 30 75
3346	75 32 61 51
3347	89 9 93 97
3348	60 10 57 89
3349	13 95 88 71
3350	74 6 51 87
3351	7 62 1 6
3352	86 4 17 38
3353	83 65 7 95
3354	94 44 33 76
3355	15 53 9 44
3356	42 80 78 68
3357	61 100 60 69
3358	36 44 22 97
3359	94 12 97 58
3360	14 31 1 72
3361	62 93 64 37
3362	74 51 76 78
3363	7 25 3 23
3364	18 77 74 31
3365	8 71 22 30
3366	44 93 88 49
3367	23 84 6 87
3368	6 61 10 66
3369	32 73 78 68
3370	84 47 26 5
3371	80 71 88 65
3372	33 39 50 10
3373	52 100 83 45
3374	60 12 13 61
3375	46 63 86 89
3376	44 89 10 97
3377	11 52 76 28
3378	38 32 64 94
3379	42 61 53 71
3380	2 53 86 6
3381	1 74 71 41
3382	72 63 43 55
3383	60 5 77 66
3384	56 36 21 76
3385	29 17 19 20
3386	21 32 98 78
3387	11 72 91 32
3388	52 63 72 89
3389	75 66 53 59
3390	35 29 6 79
3391	37 20 16 82
3392	70 67 2 46
3393	1 79 7 9
3394	65 29 61 81
3395	20 37 75 46
3396	91 7 28 92
3397	81 100 63 46
3398	45 57 69 12
3399	80 77 63 3
3400	77 36 92 12
3401	60 44 10 68
3402	41 82 95 37
3403	6 1 65 16
3404	16 7 48 40
3405	48 60 16 91
3406	76 97 39 10
3407	9 76 87 75
3408	64 85 32 3
3409	36 9 57 7
3410	82 30 91 86
3411	6 9 54 97
3412	54 11 85 9
3413	54 89 90 14
3414	54 83 67 92
3415	67 35 91 43
3416	43 24 21 16
3417	18 80 81 34
3418	99 68 23 37
3419	66 76 71 26
3420	13 39 82 51
3421	11 19 3 72
3422	1 7 4 19
3423	31 41 15 67
3424	36 13 85 21
3425	95 89 83 55
3426	7 74 62 83
3427	55 78 89 72
3428	7 46 58 19
3429	50 87 58 41
3430	23 22 74 100
3431	5 41 48 30
3432	79 84 22 40
3433	22 58 37 27
3434	87 59 31 55
3435	54 9 49 99
3436	77 18 43 29
3437	40 21 19 34
3438	38 40 13 9
3439	85 74 2 91
3440	41 20 84 34
3441	99 16 9 10
3442	75 45 69 33
3443	100 3 5 73
3444	94 58 72 42
3445	66 73 69 42
3446	17 35 40 58
3447	89 91 79 18
3448	8 41 40 69
3449	21 29 41 96
3450	100 55 58 98
3451	24 28 38 100
3452	54 52 44 84
3453	23 48 5 20
3454	34 18 87 80
3455	73 33 27 88
3456	48 30 51 64
3457	25 58 27 21
3458	78 31 7 50
3459	24 87 18 71
3460	90 54 17 19
3461	2 42 67 69
3462	62 89 40 28
3463	51 23 22 5
3464	75 84 97 4
3465	15 27 78 63
3466	1 82 42 24
3467	51 45 32 23
3468	63 93 47 80
3469	26 49 76 24
3470	59 3 31 58
3471	81 29 26 15
3472	42 15 81 59
3473	78 70 37 85
3474	68 2 55 57
3475	75 8 4 59
3476	47 33 96 73
3477	21 38 45 68
3478	85 77 90 17
3479	71 15 14 45
3480	60 97 42 43
3481	76 16 49 32
3482	81 93 52 63
3483	18 28 93 38
3484	15 68 64 61
3485	54 91 60 24
3486	65 26 72 90
3487	54 95 14 31
3488	76 93 99 36
3489	16 86 5 26
3490	31 47 74 65
3491	82 100 98 96
3492	53 83 44 52
3493	82 62 69 7
3494	78 16 47 85
3495	75 17 28 25
3496	10 30 94 1
3497	84 97 56 42
3498	84 100 8 42
3499	44 72 41 16
3500	62 37 2 59
3501	4 83 97 72
3502	44 92 63 55
3503	38 80 33 23
3504	48 47 75 100
3505	55 15 20 3
3506	66 11 36 1
3507	1 97 26 79
3508	45 62 94 70
3509	48 25 4 5
3510	51 20 53 4
3511	85 82 21 66
3512	27 50 1 100
3513	46 3 100 23
3514	78 92 49 73
3515	11 59 41 97
3516	94 17 39 64
3517	61 50 8 37
3518	18 73 92 81
3519	30 82 59 10
3520	24 12 34 35
3521	46 41 65 11
3522	43 71 3 81
3523	56 63 13 38
3524	43 8 28 45
3525	18 39 17 4
3526	61 50 93 100
3527	61 100 33 43
3528	22 96 51 11
3529	44 77 55 64
3530	51 60 4 85
3531	9 10 19 49
3532	15 99 64 92
3533	37 72 30 31
3534	71 68 33 78
3535	69 48 44 7
3536	100 93 50 94
3537	61 8 81 12
3538	71 38 58 34
3539	73 1 78 95
3540	15 93 48 38
3541	16 41 19 45
3542	88 22 62 29
3543	80 88 25 57
3544	69 92 6 4
3545	43 97 64 77
3546	35 21 83 99
3547	27 3 79 63
3548	10 45 62 73
3549	36 68 81 70
3550	3 5 99 12
3551	15 83 52 59
3552	27 77 18 57
3553	87 18 53 66
3554	1 14 32 82
3555	99 61 57 100
3556	77 93 14 51
3557	44 82 56 90
3558	18 3 83 84
3559	94 99 42 64
3560	96 80 84 35
3561	73 26 57 65
3562	40 92 74 41
3563	51 94 25 4
3564	2 72 93 74
3565	5 65 88 12
3566	74 51 82 85
3567	16 83 46 27
3568	11 82 1 3
3569	1 63 19 95
3570	27 93 50 9
3571	71 31 18 44
3572	76 11 30 8
3573	35 52 89 6
3574	83 26 14 55
3575	54 26 41 28
3576	62 60 87 20
3577	100 20 44 57
3578	31 19 78 30
3579	90 100 55 31
3580	95 97 77 76
3581	91 38 4 22
3582	15 40 74 20
3583	74 75 82 67
3584	25 98 90 32
3585	42 10 49 44
3586	66 94 78 58
3587	98 42 76 94
3588	91 63 97 65
3589	70 13 71 39
3590	6 39 46 72
3591	41 76 74 12
3592	3 1 72 59
3593	87 32 44 51
3594	10 98 79 19
3595	14 94 63 25
3596	46 28 88 40
3597	15 63 39 4
3598	32 63 55 8
3599	63 8 36 11
3600	14 51 10 41
3601	20 88 23 80
3602	73 66 71 96
3603	77 66 48 7
3604	83 40 47 75
3605	23 11 94 41
3606	74 9 23 49
3607	15 1 68 83
3608	60 16 40 39
3609	39 3 5 67
3610	7 6 64 87
3611	53 23 74 63
3612	71 14 65 39
3613	84 86 6 15
3614	72 23 68 42
3615	18 12 70 17
3616	32 12 98 49
3617	32 58 45 14
3618	59 78 75 9
3619	39 24 5 70
3620	15 84 73 27
3621	15 16 46 59
3622	30 7 13 46
3623	7 34 88 71
3624	28 17 7 79
3625	66 11 15 49
3626	16 70 21 79
3627	56 31 50 48
3628	11 29 2 64
3629	53 95 91 2
3630	89 74 90 87
3631	99 33 40 36
3632	41 29 79 84
3633	34 89 90 15
3634	64 15 77 21
3635	9 7 66 90
3636	48 19 25 69
3637	5 40 31 43
3638	56 24 81 87
3639	50 45 78 26
3640	31 8 7 32
3641	100 13 44 56
3642	18 79 74 23
3643	86 34 82 50
3644	92 7 36 83
3645	75 97 1 19
3646	22 32 70 69
3647	87 51 75 48
3648	47 95 49 81
3649	56 70 74 100
3650	74 36 49 68
3651	35 50 20 75
3652	91 66 68 94
3653	22 21 8 98
3654	66 7 94 11
3655	39 43 25 76
3656	38 45 66 74
3657	67 54 20 48
3658	91 33 4 72
3659	7 10 41 75
3660	77 91 20 56
3661	36 90 68 50
3662	22 75 44 62
3663	86 17 96 5
3664	27 4 95 47
3665	8 45 93 36
3666	59 4 95 77
3667	83 87 22 3
3668	82 41 6 37
3669	5 41 100 84
3670	99 32 14 62
3671	6 72 28 78
3672	53 93 73 18
3673	28 12 21 17
3674	70 3 15 12
3675	10 88 66 44
3676	35 13 26 80
3677	40 43 69 94
3678	40 45 88 75
3679	25 35 17 44
3680	45 82 19 46
3681	24 85 79 70
3682	28 93 10 43
3683	21 40 48 91
3684	72 64 1 86
3685	44 32 30 58
3686	63 16 40 85
3687	79 71 45 74
3688	24 48 50 97
3689	19 3 56 18
3690	27 54 56 12
3691	52 9 55 72
3692	70 15 38 81
3693	33 14 73 89
3694	70 24 65 33
3695	42 16 58 95
3696	30 94 81 12
3697	84 4 69 72
3698	23 18 92 66
3699	63 9 36 80
3700	44 26 90 92
3701	47 82 4 74
3702	66 82 59 65
3703	85 57 35 40
3704	91 97 60 92
3705	62 52 42 63
3706	89 47 26 62
3707	2 88 27 41
3708	66 69 71 8
3709	17 84 70 26
3710	54 45 55 74
3711	59 7 64 26
3712	90 46 16 79
3713	85 21 11 25
3714	51 52 39 21
3715	31 73 10 97
3716	45 4 75 73
3717	93 12 60 35
3718	76 1 57 84
3719	18 1 13 93
3720	56 61 39 9
3721	10 42 54 51
3722	68 36 52 67
3723	71 70 92 37
3724	36 12 33 31
3725	32 98 46 65
3726	13 12 2 48
3727	32 19 20 9
3728	57 99 11 40
3729	42 74 32 8
3730	37 87 70 26
3731	8 24 58 60
3732	98 49 4 87
3733	82 8 97 71
3734	42 12 61 16
3735	90 27 53 48
3736	61 38 18 85
3737	23 69 38 88
3738	44 92 77 13
3739	61 33 85 100
3740	91 10 45 46
3741	85 66 42 4
3742	75 76 38 95
3743	1 31 89 10
3744	28 61 2 56
3745	85 68 82 36
3746	86 71 12 28
3747	29 54 78 14
3748	81 71 1 55
3749	17 38 43 2
3750	59 7 46 48
3751	1 61 6 99
3752	29 16 59 90
3753	26 17 78 100
3754	89 10 52 92
3755	72 15 92 78
3756	5 15 73 71
3757	84 99 100 91
3758	7 89 21 60
3759	79 62 94 40
3760	50 56 18 87
3761	88 28 11 98
3762	85 29 21 58
3763	68 45 53 28
3764	60 44 99 79
3765	88 40 61 85
3766	13 84 9 83
3767	49 41 95 15
3768	37 51 30 74
3769	34 16 46 28
3770	10 67 31 44
3771	60 42 80 24
3772	9 99 70 82
3773	5 34 100 61
3774	78 19 84 66
3775	2 38 87 27
3776	45 40 75 41
3777	10 92 67 11
3778	44 31 30 65
3779	82 23 68 97
3780	30 73 82 77
3781	32 21 61 10
3782	99 21 86 65
3783	83 34 31 85
3784	19 83 80 24
3785	80 57 73 58
3786	51 65 24 33
3787	58 61 12 3
3788	34 42 94 61
3789	98 83 1 92
3790	8 13 96 99
3791	47 29 96 79
3792	28 45 78 69
3793	7 69 16 60
3794	69 94 15 73
3795	68 4 33 10
3796	23 79 10 7
3797	87 57 97 29
3798	92 11 70 66
3799	53 84 78 25
3800	68 55 18 52
3801	30 76 88 50
3802	73 60 51 90
3803	8 62 42 34
3804	11 34 85 66
3805	24 93 64 73
3806	44 42 6 87
3807	33 89 25 21
3808	52 35 19 72
3809	35 18 21 85
3810	83 37 73 5
3811	28 70 88 11
3812	41 16 81 57
3813	8 24 5 7
3814	89 68 35 43
3815	60 49 65 36
3816	27 47 3 45
3817	4 63 62 88
3818	67 76 13 8
3819	90 3 34 38
3820	68 25 44 84
3821	33 73 65 51
3822	28 72 85 67
3823	61 26 93 23
3824	77 11 69 63
3825	70 13 58 16
3826	93 44 89 94
3827	9 72 13 46
3828	42 68 38 44
3829	44 71 17 91
3830	60 44 69 28
3831	44 3 61 71
3832	60 42 51 64
3833	44 35 13 85
3834	74 73 48 11
3835	18 54 16 59
3836	60 22 86 67
3837	90 18 46 17
3838	12 31 50 61
3839	69 4 24 67
3840	25 53 12 52
3841	51 73 61 12
3842	58 14 10 90
3843	12 20 59 66
3844	16 99 83 44
3845	13 51 80 93
3846	52 83 26 98
3847	21 27 91 7
3848	67 81 28 41
3849	31 77 8 18
3850	4 61 83 15
3851	91 78 89 15
3852	40 10 83 20
3853	54 1 13 17
3854	68 89 46 41
3855	46 29 19 61
3856	81 3 46 57
3857	15 88 14 81
3858	26 42 93 30
3859	87 8 65 95
3860	20 17 58 9
3861	80 10 11 87
3862	9 60 53 17
3863	75 30 28 36
3864	74 93 15 6
3865	92 63 59 93
3866	89 6 10 14
3867	88 15 3 85
3868	9 87 69 11
3869	81 48 25 41
3870	96 61 41 57
3871	2 40 91 43
3872	50 82 99 29
3873	9 24 75 11
3874	11 36 51 39
3875	85 86 3 96
3876	29 25 56 57
3877	28 19 76 63
3878	40 24 90 53
3879	57 11 43 65
3880	73 61 40 53
3881	73 39 90 34
3882	67 89 37 88
3883	31 64 90 20
3884	96 15 35 56
3885	80 25 48 31
3886	63 73 49 6
3887	89 32 24 81
3888	43 83 23 14
3889	50 44 33 43
3890	45 78 96 69
3891	26 14 58 87
3892	25 6 5 28
3893	14 25 66 46
3894	43 14 55 57
3895	1 69 80 99
3896	98 20 36 31
3897	54 45 47 86
3898	29 16 9 23
3899	64 13 32 34
3900	90 16 67 68
3901	35 46 88 17
3902	17 37 33 68
3903	49 19 92 26
3904	59 48 3 60
3905	95 46 48 86
3906	75 51 1 34
3907	68 26 66 16
3908	81 34 100 89
3909	98 79 58 90
3910	22 54 49 55
3911	45 83 13 22
3912	2 37 80 29
3913	48 73 12 71
3914	99 26 75 19
3915	68 61 58 39
3916	6 28 22 10
3917	1 44 50 98
3918	33 96 56 26
3919	60 20 73 70
3920	87 54 55 92
3921	51 86 55 68
3922	37 31 30 42
3923	87 22 17 70
3924	88 86 50 58
3925	50 18 9 28
3926	46 86 57 9
3927	75 68 55 9
3928	13 48 2 19
3929	63 27 35 93
3930	10 8 84 2
3931	43 77 37 2
3932	91 32 43 58
3933	98 68 91 26
3934	57 35 9 84
3935	26 64 39 63
3936	18 80 92 5
3937	21 9 17 53
3938	32 90 10 71
3939	72 5 17 6
3940	93 84 29 39
3941	64 3 98 68
3942	80 27 49 91
3943	51 18 41 66
3944	70 53 48 25
3945	92 99 76 81
3946	42 25 18 11
3947	32 21 96 24
3948	55 56 84 36
3949	93 63 79 84
3950	34 30 5 6
3951	52 11 19 74
3952	71 39 9 49
3953	92 99 44 77
3954	54 50 79 37
3955	55 91 82 77
3956	13 31 57 23
3957	76 9 65 21
3958	30 37 66 84
3959	45 68 44 85
3960	62 92 5 99
3961	16 27 92 12
3962	17 6 65 73
3963	4 97 40 35
3964	37 52 41 67
3965	91 15 73 77
3966	100 84 32 65
3967	35 46 68 52
3968	81 59 80 4
3969	65 9 100 59
3970	65 78 29 14
3971	63 15 6 91
3972	42 44 14 82
3973	73 54 12 33
3974	34 19 100 8
3975	81 21 56 27
3976	79 39 9 75
3977	14 71 61 56
3978	94 10 52 38
3979	36 35 2 76
3980	88 36 91 46
3981	54 28 43 66
3982	57 80 26 88
3983	94 44 37 75
3984	65 67 63 71
3985	90 23 56 64
3986	19 47 95 5
3987	9 59 81 89
3988	20 65 28 29
3989	2 34 60 29
3990	15 29 18 20
3991	3 12 11 14
3992	63 68 90 87
3993	54 62 66 64
3994	8 17 41 65
3995	61 2 99 50
3996	58 96 78 81
3997	88 91 20 73
3998	36 66 45 83
3999	19 85 98 10
4000	49 91 99 34
