Class Times	20
Rooms	200
1	268
2	861
3	960
4	304
5	778
6	211
7	73
8	730
9	857
10	519
11	788
12	702
13	205
14	715
15	800
16	17
17	380
18	671
19	260
20	914
21	406
22	804
23	257
24	567
25	368
26	783
27	974
28	907
29	748
30	659
31	646
32	102
33	233
34	609
35	901
36	654
37	954
38	714
39	557
40	390
41	342
42	599
43	20
44	942
45	40
46	926
47	582
48	712
49	489
50	686
51	976
52	634
53	611
54	84
55	367
56	212
57	777
58	377
59	558
60	223
61	922
62	828
63	446
64	279
65	69
66	852
67	171
68	464
69	778
70	584
71	258
72	913
73	461
74	866
75	369
76	911
77	805
78	97
79	590
80	775
81	310
82	340
83	966
84	46
85	301
86	697
87	58
88	596
89	181
90	337
91	104
92	906
93	651
94	618
95	292
96	709
97	180
98	873
99	810
100	271
101	234
102	78
103	345
104	232
105	859
106	128
107	825
108	206
109	63
110	229
111	50
112	515
113	516
114	13
115	489
116	434
117	292
118	829
119	203
120	642
121	401
122	18
123	352
124	796
125	867
126	219
127	243
128	570
129	906
130	817
131	666
132	380
133	126
134	699
135	161
136	860
137	175
138	789
139	629
140	234
141	249
142	880
143	749
144	974
145	751
146	818
147	411
148	746
149	929
150	235
151	689
152	209
153	636
154	892
155	937
156	170
157	276
158	311
159	425
160	644
161	480
162	845
163	901
164	876
165	202
166	564
167	725
168	769
169	513
170	134
171	558
172	793
173	521
174	35
175	560
176	407
177	134
178	169
179	882
180	167
181	445
182	466
183	946
184	224
185	328
186	741
187	78
188	925
189	115
190	440
191	801
192	216
193	667
194	173
195	425
196	934
197	338
198	612
199	928
200	926
Classes	1000
Teachers	500
1	208
2	211
3	331
4	5
5	98
6	1
7	34
8	312
9	371
10	175
11	32
12	112
13	285
14	170
15	170
16	469
17	346
18	486
19	448
20	241
21	480
22	336
23	215
24	59
25	399
26	221
27	262
28	444
29	153
30	172
31	384
32	157
33	318
34	349
35	457
36	91
37	226
38	17
39	32
40	476
41	364
42	445
43	182
44	10
45	52
46	12
47	464
48	383
49	227
50	408
51	28
52	361
53	481
54	52
55	350
56	300
57	240
58	34
59	201
60	307
61	323
62	238
63	120
64	362
65	163
66	205
67	134
68	352
69	415
70	92
71	17
72	157
73	455
74	390
75	437
76	351
77	172
78	87
79	65
80	349
81	450
82	341
83	493
84	325
85	148
86	303
87	420
88	456
89	342
90	41
91	1
92	167
93	468
94	71
95	338
96	331
97	25
98	104
99	364
100	171
101	94
102	203
103	96
104	379
105	44
106	282
107	394
108	286
109	119
110	269
111	201
112	448
113	188
114	142
115	341
116	385
117	10
118	71
119	249
120	78
121	408
122	27
123	127
124	324
125	362
126	368
127	238
128	219
129	382
130	191
131	461
132	187
133	354
134	94
135	171
136	60
137	107
138	212
139	347
140	105
141	133
142	451
143	235
144	345
145	140
146	41
147	480
148	27
149	86
150	323
151	187
152	46
153	411
154	179
155	49
156	111
157	65
158	190
159	280
160	150
161	120
162	217
163	314
164	123
165	295
166	263
167	181
168	192
169	68
170	136
171	5
172	67
173	179
174	182
175	485
176	316
177	199
178	176
179	105
180	358
181	275
182	310
183	322
184	325
185	131
186	63
187	246
188	134
189	36
190	217
191	461
192	500
193	309
194	242
195	354
196	359
197	2
198	20
199	38
200	494
201	239
202	497
203	365
204	428
205	219
206	116
207	68
208	486
209	22
210	410
211	163
212	373
213	55
214	274
215	272
216	411
217	129
218	406
219	280
220	209
221	425
222	260
223	165
224	264
225	450
226	308
227	9
228	18
229	328
230	225
231	213
232	417
233	126
234	284
235	271
236	343
237	211
238	389
239	102
240	204
241	495
242	97
243	447
244	87
245	155
246	315
247	481
248	482
249	222
250	478
251	483
252	405
253	89
254	447
255	462
256	13
257	483
258	296
259	414
260	116
261	12
262	110
263	468
264	374
265	66
266	74
267	365
268	414
269	174
270	475
271	210
272	38
273	433
274	164
275	439
276	430
277	307
278	154
279	393
280	146
281	148
282	444
283	207
284	188
285	278
286	491
287	18
288	258
289	453
290	300
291	360
292	321
293	185
294	199
295	458
296	60
297	204
298	347
299	30
300	31
301	420
302	449
303	132
304	443
305	227
306	413
307	3
308	494
309	350
310	153
311	216
312	366
313	478
314	267
315	203
316	200
317	166
318	110
319	410
320	272
321	377
322	209
323	334
324	228
325	169
326	19
327	194
328	70
329	422
330	284
331	426
332	66
333	344
334	23
335	398
336	140
337	241
338	4
339	419
340	59
341	220
342	400
343	459
344	374
345	194
346	231
347	42
348	301
349	335
350	253
351	235
352	85
353	459
354	340
355	269
356	373
357	318
358	317
359	73
360	317
361	45
362	445
363	275
364	345
365	8
366	382
367	274
368	359
369	44
370	451
371	426
372	305
373	425
374	108
375	416
376	4
377	220
378	155
379	387
380	191
381	357
382	309
383	183
384	430
385	91
386	119
387	111
388	35
389	145
390	313
391	216
392	200
393	245
394	76
395	260
396	245
397	369
398	20
399	469
400	9
401	283
402	76
403	97
404	190
405	402
406	363
407	24
408	124
409	457
410	85
411	276
412	47
413	96
414	413
415	491
416	143
417	482
418	311
419	129
420	161
421	440
422	159
423	263
424	156
425	193
426	109
427	380
428	67
429	402
430	197
431	15
432	207
433	303
434	189
435	247
436	342
437	222
438	488
439	398
440	150
441	441
442	432
443	249
444	185
445	289
446	279
447	233
448	246
449	231
450	141
451	314
452	202
453	252
454	392
455	422
456	265
457	333
458	443
459	164
460	360
461	475
462	6
463	214
464	405
465	242
466	92
467	11
468	99
469	53
470	453
471	500
472	8
473	431
474	441
475	99
476	229
477	11
478	287
479	487
480	75
481	15
482	356
483	160
484	465
485	328
486	109
487	357
488	56
489	363
490	167
491	181
492	37
493	401
494	139
495	237
496	82
497	446
498	462
499	467
500	259
501	149
502	42
503	265
504	287
505	121
506	268
507	255
508	400
509	312
510	297
511	346
512	327
513	368
514	439
515	234
516	310
517	138
518	239
519	320
520	24
521	169
522	293
523	472
524	93
525	16
526	386
527	375
528	499
529	437
530	292
531	306
532	334
533	224
534	113
535	3
536	496
537	36
538	146
539	159
540	281
541	29
542	75
543	452
544	53
545	262
546	277
547	215
548	395
549	460
550	369
551	289
552	499
553	498
554	384
555	395
556	21
557	139
558	380
559	267
560	137
561	378
562	158
563	125
564	132
565	356
566	355
567	102
568	490
569	470
570	174
571	57
572	130
573	403
574	464
575	108
576	370
577	135
578	377
579	271
580	79
581	295
582	158
583	344
584	30
585	463
586	311
587	473
588	442
589	23
590	183
591	337
592	46
593	339
594	248
595	156
596	496
597	333
598	313
599	236
600	57
601	321
602	29
603	396
604	80
605	147
606	244
607	95
608	458
609	440
610	291
611	308
612	379
613	81
614	234
615	264
616	186
617	7
618	79
619	259
620	322
621	490
622	399
623	49
624	463
625	381
626	294
627	338
628	184
629	107
630	372
631	297
632	423
633	244
634	112
635	366
636	160
637	84
638	319
639	84
640	381
641	61
642	104
643	298
644	138
645	485
646	283
647	407
648	431
649	409
650	161
651	166
652	224
653	268
654	233
655	429
656	228
657	175
658	404
659	98
660	454
661	438
662	254
663	372
664	240
665	337
666	82
667	352
668	488
669	212
670	22
671	294
672	493
673	326
674	221
675	401
676	432
677	484
678	292
679	186
680	147
681	335
682	101
683	487
684	115
685	418
686	348
687	353
688	2
689	230
690	388
691	90
692	178
693	7
694	80
695	416
696	218
697	423
698	225
699	149
700	291
701	393
702	281
703	229
704	316
705	152
706	26
707	446
708	254
709	383
710	142
711	306
712	198
713	14
714	282
715	136
716	88
717	202
718	43
719	180
720	152
721	460
722	435
723	403
724	470
725	276
726	404
727	51
728	299
729	273
730	412
731	223
732	64
733	123
734	406
735	479
736	168
737	315
738	51
739	213
740	50
741	484
742	429
743	456
744	226
745	118
746	121
747	131
748	324
749	168
750	412
751	173
752	261
753	477
754	385
755	74
756	277
757	376
758	340
759	302
760	455
761	101
762	33
763	78
764	31
765	106
766	232
767	137
768	476
769	330
770	125
771	154
772	436
773	433
774	40
775	14
776	273
777	421
778	145
779	196
780	298
781	386
782	452
783	258
784	396
785	124
786	118
787	205
788	178
789	251
790	127
791	184
792	336
793	180
794	466
795	288
796	339
797	288
798	177
799	16
800	495
801	189
802	438
803	144
804	355
805	417
806	130
807	6
808	223
809	348
810	128
811	304
812	135
813	305
814	173
815	81
816	375
817	392
818	230
819	162
820	279
821	255
822	394
823	95
824	106
825	133
826	330
827	248
828	428
829	449
830	327
831	37
832	361
833	62
834	489
835	290
836	210
837	237
838	247
839	236
840	26
841	418
842	409
843	214
844	397
845	353
846	63
847	21
848	497
849	421
850	19
851	45
852	206
853	332
854	397
855	86
856	376
857	54
858	197
859	69
860	48
861	424
862	126
863	367
864	387
865	88
866	419
867	498
868	232
869	251
870	128
871	472
872	144
873	299
874	358
875	454
876	319
877	162
878	196
879	293
880	195
881	40
882	61
883	302
884	195
885	143
886	465
887	73
888	64
889	436
890	256
891	370
892	427
893	114
894	165
895	206
896	177
897	388
898	33
899	243
900	479
901	192
902	176
903	301
904	473
905	54
906	296
907	471
908	208
909	13
910	114
911	250
912	193
913	198
914	270
915	343
916	266
917	415
918	141
919	252
920	39
921	489
922	56
923	50
924	35
925	290
926	270
927	261
928	250
929	70
930	389
931	391
932	151
933	326
934	72
935	243
936	115
937	117
938	427
939	320
940	48
941	69
942	467
943	47
944	122
945	286
946	90
947	151
948	72
949	55
950	390
951	122
952	28
953	113
954	39
955	83
956	62
957	367
958	285
959	253
960	304
961	117
962	434
963	266
964	83
965	407
966	103
967	435
968	424
969	442
970	351
971	100
972	218
973	89
974	471
975	257
976	378
977	477
978	329
979	43
980	256
981	58
982	100
983	474
984	278
985	58
986	466
987	93
988	492
989	103
990	257
991	25
992	474
993	329
994	492
995	371
996	77
997	77
998	391
999	434
1000	332
