Class Times	20
Rooms	200
1	698
2	574
3	892
4	502
5	846
6	458
7	754
8	476
9	414
10	247
11	42
12	372
13	574
14	945
15	773
16	601
17	811
18	130
19	361
20	167
21	426
22	127
23	357
24	274
25	400
26	653
27	13
28	650
29	183
30	401
31	410
32	825
33	945
34	166
35	865
36	96
37	329
38	404
39	228
40	460
41	374
42	343
43	375
44	957
45	485
46	19
47	991
48	264
49	392
50	556
51	768
52	617
53	712
54	962
55	202
56	784
57	167
58	991
59	626
60	805
61	992
62	721
63	313
64	126
65	962
66	329
67	20
68	705
69	172
70	605
71	168
72	396
73	434
74	613
75	106
76	370
77	672
78	223
79	273
80	484
81	751
82	482
83	862
84	270
85	375
86	979
87	625
88	645
89	414
90	151
91	274
92	911
93	486
94	212
95	813
96	689
97	734
98	750
99	497
100	356
101	420
102	531
103	713
104	327
105	530
106	610
107	768
108	738
109	956
110	640
111	743
112	312
113	595
114	383
115	941
116	65
117	724
118	238
119	418
120	91
121	717
122	896
123	200
124	539
125	307
126	785
127	845
128	619
129	60
130	371
131	120
132	184
133	824
134	279
135	53
136	305
137	463
138	885
139	63
140	433
141	957
142	256
143	35
144	894
145	451
146	848
147	794
148	955
149	495
150	740
151	233
152	660
153	876
154	555
155	415
156	82
157	737
158	262
159	280
160	989
161	465
162	500
163	893
164	485
165	945
166	893
167	900
168	167
169	400
170	211
171	73
172	548
173	850
174	820
175	654
176	959
177	192
178	131
179	361
180	544
181	147
182	714
183	140
184	385
185	813
186	67
187	385
188	938
189	507
190	649
191	681
192	752
193	945
194	882
195	463
196	28
197	350
198	671
199	744
200	148
Classes	2000
Teachers	1000
1	792
2	730
3	44
4	883
5	858
6	859
7	769
8	189
9	549
10	736
11	444
12	135
13	543
14	980
15	18
16	949
17	112
18	404
19	383
20	399
21	528
22	890
23	604
24	789
25	907
26	95
27	713
28	94
29	355
30	807
31	31
32	855
33	191
34	735
35	31
36	803
37	935
38	149
39	591
40	122
41	184
42	794
43	10
44	975
45	487
46	100
47	344
48	588
49	719
50	754
51	66
52	590
53	162
54	312
55	806
56	754
57	904
58	813
59	323
60	918
61	946
62	98
63	98
64	111
65	420
66	309
67	923
68	494
69	152
70	319
71	61
72	13
73	708
74	396
75	461
76	913
77	505
78	669
79	775
80	970
81	266
82	852
83	667
84	167
85	371
86	443
87	983
88	80
89	658
90	493
91	494
92	782
93	157
94	998
95	145
96	71
97	682
98	568
99	477
100	157
101	301
102	10
103	269
104	160
105	293
106	670
107	535
108	152
109	545
110	318
111	164
112	746
113	550
114	171
115	404
116	142
117	373
118	640
119	493
120	745
121	838
122	908
123	557
124	489
125	615
126	668
127	852
128	270
129	50
130	872
131	734
132	599
133	201
134	87
135	109
136	208
137	263
138	945
139	213
140	520
141	965
142	905
143	408
144	169
145	659
146	318
147	558
148	358
149	237
150	30
151	568
152	247
153	103
154	71
155	851
156	586
157	642
158	438
159	97
160	978
161	840
162	542
163	361
164	729
165	207
166	429
167	661
168	923
169	219
170	547
171	197
172	777
173	367
174	397
175	661
176	316
177	233
178	192
179	718
180	139
181	936
182	263
183	507
184	302
185	927
186	35
187	405
188	876
189	433
190	230
191	292
192	402
193	393
194	589
195	434
196	478
197	435
198	782
199	824
200	946
201	175
202	729
203	427
204	460
205	756
206	937
207	415
208	408
209	379
210	396
211	705
212	594
213	357
214	589
215	364
216	769
217	682
218	72
219	713
220	826
221	409
222	829
223	249
224	744
225	932
226	132
227	617
228	186
229	177
230	683
231	7
232	224
233	229
234	154
235	757
236	539
237	614
238	941
239	727
240	724
241	409
242	673
243	79
244	773
245	746
246	615
247	294
248	496
249	732
250	572
251	590
252	150
253	580
254	145
255	124
256	686
257	640
258	865
259	988
260	82
261	415
262	112
263	124
264	212
265	948
266	65
267	924
268	845
269	593
270	635
271	118
272	999
273	890
274	326
275	166
276	330
277	176
278	383
279	281
280	63
281	505
282	651
283	828
284	892
285	286
286	733
287	659
288	329
289	649
290	405
291	122
292	270
293	940
294	274
295	956
296	728
297	691
298	873
299	480
300	181
301	474
302	683
303	727
304	598
305	2
306	315
307	960
308	135
309	16
310	542
311	611
312	898
313	726
314	245
315	472
316	553
317	979
318	428
319	149
320	864
321	435
322	7
323	518
324	455
325	439
326	467
327	906
328	994
329	814
330	264
331	759
332	276
333	80
334	462
335	752
336	248
337	491
338	961
339	778
340	432
341	816
342	212
343	711
344	813
345	751
346	382
347	269
348	834
349	811
350	604
351	426
352	988
353	303
354	839
355	342
356	707
357	692
358	144
359	275
360	569
361	680
362	836
363	964
364	828
365	237
366	439
367	147
368	726
369	826
370	452
371	331
372	631
373	787
374	311
375	673
376	652
377	602
378	116
379	624
380	192
381	783
382	520
383	647
384	132
385	87
386	242
387	678
388	665
389	120
390	74
391	614
392	849
393	475
394	583
395	27
396	927
397	707
398	562
399	522
400	115
401	305
402	58
403	969
404	352
405	278
406	58
407	478
408	664
409	52
410	784
411	518
412	332
413	839
414	389
415	571
416	401
417	477
418	179
419	791
420	490
421	340
422	343
423	792
424	388
425	381
426	128
427	310
428	539
429	882
430	816
431	652
432	572
433	701
434	549
435	101
436	676
437	840
438	371
439	731
440	167
441	137
442	196
443	559
444	444
445	206
446	105
447	25
448	84
449	429
450	442
451	246
452	642
453	757
454	774
455	481
456	714
457	461
458	596
459	961
460	751
461	837
462	579
463	701
464	317
465	548
466	187
467	78
468	466
469	82
470	800
471	959
472	63
473	985
474	32
475	175
476	65
477	536
478	487
479	599
480	918
481	650
482	469
483	258
484	638
485	827
486	601
487	168
488	994
489	272
490	456
491	229
492	931
493	66
494	485
495	544
496	644
497	871
498	501
499	997
500	201
501	376
502	488
503	521
504	860
505	360
506	749
507	68
508	359
509	217
510	93
511	267
512	774
513	488
514	838
515	68
516	932
517	314
518	93
519	418
520	752
521	232
522	725
523	52
524	906
525	354
526	965
527	471
528	787
529	756
530	637
531	566
532	96
533	515
534	320
535	209
536	185
537	901
538	285
539	79
540	277
541	929
542	731
543	334
544	650
545	244
546	975
547	492
548	468
549	602
550	385
551	195
552	317
553	243
554	781
555	304
556	134
557	571
558	272
559	827
560	343
561	117
562	849
563	326
564	688
565	821
566	67
567	985
568	525
569	950
570	18
571	982
572	39
573	584
574	981
575	260
576	458
577	538
578	347
579	678
580	575
581	296
582	853
583	690
584	717
585	721
586	739
587	221
588	176
589	115
590	497
591	305
592	417
593	533
594	96
595	298
596	413
597	737
598	438
599	344
600	711
601	290
602	189
603	739
604	882
605	675
606	445
607	721
608	915
609	233
610	123
611	361
612	246
613	600
614	6
615	285
616	577
617	889
618	387
619	525
620	972
621	504
622	302
623	393
624	160
625	315
626	522
627	2
628	647
629	724
630	49
631	247
632	195
633	738
634	384
635	106
636	845
637	645
638	41
639	338
640	879
641	288
642	843
643	546
644	469
645	585
646	106
647	230
648	154
649	198
650	743
651	910
652	610
653	220
654	120
655	221
656	627
657	941
658	137
659	32
660	889
661	181
662	421
663	337
664	250
665	636
666	530
667	848
668	646
669	70
670	637
671	261
672	575
673	340
674	312
675	163
676	243
677	815
678	738
679	480
680	169
681	870
682	321
683	62
684	641
685	506
686	164
687	146
688	989
689	761
690	90
691	188
692	883
693	457
694	166
695	442
696	580
697	365
698	766
699	289
700	722
701	919
702	639
703	240
704	681
705	355
706	643
707	139
708	586
709	446
710	36
711	370
712	603
713	265
714	708
715	47
716	151
717	611
718	1
719	231
720	384
721	560
722	262
723	502
724	414
725	824
726	12
727	885
728	865
729	239
730	473
731	504
732	35
733	331
734	597
735	803
736	76
737	264
738	156
739	619
740	821
741	17
742	886
743	501
744	925
745	796
746	905
747	878
748	758
749	669
750	89
751	967
752	414
753	253
754	123
755	909
756	108
757	17
758	741
759	467
760	46
761	566
762	332
763	719
764	653
765	448
766	206
767	330
768	161
769	27
770	872
771	702
772	103
773	430
774	765
775	253
776	306
777	191
778	510
779	688
780	228
781	805
782	9
783	749
784	44
785	698
786	613
787	947
788	307
789	105
790	73
791	692
792	971
793	846
794	714
795	447
796	848
797	256
798	67
799	311
800	690
801	977
802	835
803	38
804	737
805	790
806	492
807	290
808	687
809	321
810	764
811	75
812	287
813	513
814	178
815	969
816	465
817	224
818	810
819	968
820	544
821	676
822	984
823	697
824	930
825	880
826	77
827	864
828	858
829	421
830	252
831	458
832	268
833	128
834	15
835	924
836	558
837	633
838	742
839	696
840	410
841	810
842	783
843	677
844	685
845	743
846	257
847	60
848	381
849	380
850	483
851	267
852	323
853	573
854	74
855	114
856	427
857	81
858	944
859	182
860	974
861	104
862	334
863	450
864	697
865	958
866	234
867	595
868	417
869	378
870	538
871	718
872	107
873	922
874	320
875	495
876	812
877	64
878	665
879	448
880	495
881	654
882	672
883	922
884	485
885	196
886	262
887	251
888	785
889	834
890	750
891	873
892	376
893	254
894	490
895	814
896	929
897	491
898	521
899	779
900	801
901	763
902	416
903	9
904	298
905	617
906	512
907	372
908	855
909	497
910	228
911	715
912	436
913	456
914	401
915	337
916	11
917	471
918	183
919	536
920	460
921	150
922	804
923	919
924	835
925	483
926	802
927	829
928	815
929	954
930	348
931	130
932	387
933	47
934	977
935	295
936	336
937	952
938	386
939	976
940	19
941	784
942	350
943	804
944	584
945	144
946	996
947	260
948	268
949	775
950	468
951	817
952	78
953	541
954	374
955	287
956	217
957	12
958	73
959	641
960	39
961	911
962	40
963	559
964	339
965	450
966	89
967	881
968	607
969	519
970	563
971	45
972	986
973	227
974	646
975	136
976	335
977	693
978	674
979	294
980	276
981	722
982	909
983	226
984	700
985	177
986	963
987	4
988	142
989	364
990	16
991	547
992	214
993	674
994	295
995	454
996	211
997	869
998	452
999	151
1000	1
1001	716
1002	454
1003	717
1004	394
1005	532
1006	38
1007	655
1008	799
1009	710
1010	940
1011	36
1012	161
1013	443
1014	472
1015	997
1016	662
1017	772
1018	300
1019	900
1020	178
1021	445
1022	667
1023	90
1024	548
1025	968
1026	832
1027	781
1028	365
1029	255
1030	951
1031	512
1032	118
1033	216
1034	173
1035	822
1036	777
1037	351
1038	156
1039	634
1040	671
1041	680
1042	434
1043	953
1044	808
1045	53
1046	791
1047	585
1048	86
1049	273
1050	40
1051	600
1052	998
1053	730
1054	254
1055	30
1056	779
1057	805
1058	81
1059	297
1060	950
1061	256
1062	861
1063	15
1064	620
1065	654
1066	914
1067	663
1068	596
1069	372
1070	423
1071	916
1072	426
1073	232
1074	1000
1075	271
1076	395
1077	762
1078	345
1079	199
1080	807
1081	531
1082	208
1083	582
1084	499
1085	45
1086	62
1087	583
1088	190
1089	529
1090	33
1091	428
1092	903
1093	248
1094	764
1095	508
1096	925
1097	648
1098	129
1099	874
1100	891
1101	799
1102	503
1103	430
1104	420
1105	533
1106	681
1107	215
1108	955
1109	629
1110	609
1111	912
1112	111
1113	553
1114	622
1115	425
1116	85
1117	936
1118	496
1119	765
1120	808
1121	172
1122	734
1123	64
1124	240
1125	619
1126	377
1127	535
1128	207
1129	138
1130	850
1131	595
1132	50
1133	524
1134	153
1135	225
1136	6
1137	854
1138	750
1139	516
1140	773
1141	180
1142	108
1143	197
1144	843
1145	867
1146	830
1147	634
1148	771
1149	720
1150	511
1151	104
1152	812
1153	605
1154	945
1155	476
1156	369
1157	13
1158	656
1159	984
1160	46
1161	800
1162	43
1163	110
1164	306
1165	893
1166	530
1167	776
1168	597
1169	410
1170	870
1171	785
1172	753
1173	5
1174	825
1175	251
1176	841
1177	342
1178	280
1179	489
1180	705
1181	507
1182	373
1183	413
1184	131
1185	481
1186	174
1187	742
1188	425
1189	422
1190	780
1191	639
1192	954
1193	832
1194	500
1195	939
1196	121
1197	529
1198	579
1199	129
1200	5
1201	913
1202	636
1203	891
1204	860
1205	591
1206	301
1207	755
1208	261
1209	859
1210	935
1211	761
1212	846
1213	623
1214	499
1215	862
1216	476
1217	184
1218	867
1219	973
1220	316
1221	341
1222	797
1223	464
1224	280
1225	500
1226	307
1227	399
1228	644
1229	970
1230	200
1231	209
1232	594
1233	275
1234	433
1235	554
1236	794
1237	218
1238	802
1239	60
1240	861
1241	286
1242	796
1243	645
1244	289
1245	213
1246	801
1247	995
1248	412
1249	993
1250	300
1251	818
1252	486
1253	109
1254	506
1255	951
1256	662
1257	896
1258	570
1259	853
1260	329
1261	915
1262	605
1263	258
1264	630
1265	627
1266	225
1267	632
1268	54
1269	842
1270	244
1271	720
1272	953
1273	576
1274	691
1275	259
1276	949
1277	133
1278	215
1279	844
1280	675
1281	114
1282	436
1283	928
1284	920
1285	981
1286	282
1287	219
1288	362
1289	974
1290	333
1291	907
1292	21
1293	607
1294	759
1295	850
1296	508
1297	663
1298	422
1299	771
1300	180
1301	416
1302	755
1303	200
1304	440
1305	235
1306	94
1307	235
1308	628
1309	338
1310	389
1311	699
1312	712
1313	54
1314	386
1315	432
1316	134
1317	884
1318	869
1319	624
1320	880
1321	59
1322	174
1323	979
1324	281
1325	795
1326	375
1327	33
1328	367
1329	689
1330	629
1331	20
1332	837
1333	959
1334	656
1335	198
1336	622
1337	993
1338	423
1339	8
1340	42
1341	818
1342	908
1343	582
1344	866
1345	19
1346	670
1347	210
1348	179
1349	101
1350	473
1351	820
1352	937
1353	732
1354	348
1355	354
1356	612
1357	346
1358	140
1359	474
1360	424
1361	608
1362	37
1363	962
1364	772
1365	545
1366	360
1367	947
1368	658
1369	278
1370	513
1371	797
1372	451
1373	671
1374	25
1375	282
1376	131
1377	234
1378	715
1379	464
1380	162
1381	133
1382	395
1383	336
1384	57
1385	992
1386	546
1387	431
1388	379
1389	265
1390	245
1391	516
1392	788
1393	962
1394	931
1395	259
1396	888
1397	347
1398	900
1399	630
1400	339
1401	231
1402	555
1403	798
1404	606
1405	735
1406	462
1407	983
1408	345
1409	390
1410	987
1411	26
1412	570
1413	699
1414	537
1415	687
1416	817
1417	346
1418	612
1419	565
1420	541
1421	211
1422	226
1423	411
1424	748
1425	744
1426	119
1427	394
1428	455
1429	140
1430	934
1431	540
1432	532
1433	353
1434	878
1435	957
1436	763
1437	88
1438	509
1439	484
1440	887
1441	709
1442	928
1443	55
1444	911
1445	631
1446	877
1447	143
1448	125
1449	926
1450	110
1451	388
1452	183
1453	463
1454	218
1455	830
1456	668
1457	117
1458	875
1459	833
1460	185
1461	239
1462	42
1463	26
1464	616
1465	888
1466	710
1467	847
1468	942
1469	706
1470	632
1471	41
1472	362
1473	57
1474	353
1475	182
1476	563
1477	901
1478	577
1479	277
1480	660
1481	831
1482	279
1483	666
1484	986
1485	378
1486	153
1487	920
1488	823
1489	960
1490	635
1491	288
1492	324
1493	186
1494	972
1495	623
1496	88
1497	308
1498	610
1499	955
1500	99
1501	187
1502	557
1503	55
1504	210
1505	147
1506	912
1507	70
1508	3
1509	938
1510	760
1511	274
1512	130
1513	943
1514	942
1515	451
1516	24
1517	385
1518	59
1519	868
1520	958
1521	188
1522	392
1523	126
1524	625
1525	608
1526	560
1527	204
1528	163
1529	778
1530	793
1531	847
1532	995
1533	403
1534	216
1535	565
1536	760
1537	165
1538	86
1539	966
1540	564
1541	222
1542	534
1543	100
1544	440
1545	700
1546	768
1547	236
1548	34
1549	23
1550	822
1551	299
1552	319
1553	486
1554	633
1555	551
1556	309
1557	498
1558	84
1559	498
1560	523
1561	241
1562	199
1563	368
1564	798
1565	723
1566	980
1567	625
1568	556
1569	626
1570	618
1571	470
1572	366
1573	148
1574	952
1575	991
1576	126
1577	768
1578	857
1579	898
1580	56
1581	593
1582	24
1583	556
1584	903
1585	795
1586	418
1587	470
1588	377
1589	934
1590	569
1591	271
1592	136
1593	158
1594	581
1595	350
1596	741
1597	728
1598	825
1599	517
1600	767
1601	77
1602	283
1603	628
1604	34
1605	875
1606	97
1607	324
1608	871
1609	866
1610	202
1611	509
1612	992
1613	555
1614	457
1615	613
1616	146
1617	598
1618	242
1619	204
1620	392
1621	574
1622	863
1623	523
1624	107
1625	588
1626	482
1627	841
1628	390
1629	857
1630	69
1631	431
1632	990
1633	292
1634	171
1635	748
1636	851
1637	446
1638	349
1639	831
1640	689
1641	550
1642	4
1643	693
1644	881
1645	222
1646	973
1647	989
1648	930
1649	916
1650	581
1651	519
1652	322
1653	51
1654	551
1655	886
1656	325
1657	651
1658	758
1659	11
1660	698
1661	606
1662	22
1663	502
1664	767
1665	672
1666	527
1667	279
1668	552
1669	648
1670	266
1671	75
1672	896
1673	85
1674	666
1675	704
1676	173
1677	702
1678	740
1679	116
1680	578
1681	441
1682	991
1683	567
1684	479
1685	453
1686	887
1687	789
1688	862
1689	143
1690	482
1691	554
1692	823
1693	587
1694	587
1695	28
1696	172
1697	51
1698	313
1699	736
1700	99
1701	933
1702	69
1703	933
1704	948
1705	552
1706	762
1707	314
1708	168
1709	833
1710	125
1711	511
1712	170
1713	29
1714	939
1715	910
1716	61
1717	313
1718	517
1719	193
1720	626
1721	938
1722	335
1723	770
1724	976
1725	811
1726	793
1727	899
1728	562
1729	397
1730	902
1731	543
1732	14
1733	303
1734	357
1735	892
1736	358
1737	368
1738	770
1739	20
1740	510
1741	291
1742	297
1743	341
1744	236
1745	524
1746	127
1747	366
1748	121
1749	411
1750	205
1751	921
1752	819
1753	877
1754	83
1755	967
1756	884
1757	643
1758	982
1759	127
1760	190
1761	806
1762	283
1763	876
1764	43
1765	28
1766	453
1767	398
1768	459
1769	56
1770	788
1771	223
1772	257
1773	14
1774	660
1775	966
1776	573
1777	91
1778	308
1779	375
1780	528
1781	113
1782	603
1783	712
1784	716
1785	649
1786	419
1787	95
1788	356
1789	273
1790	820
1791	102
1792	503
1793	999
1794	203
1795	780
1796	250
1797	193
1798	158
1799	964
1800	894
1801	291
1802	917
1803	214
1804	400
1805	325
1806	978
1807	459
1808	987
1809	76
1810	203
1811	310
1812	304
1813	540
1814	293
1815	284
1816	677
1817	3
1818	527
1819	141
1820	963
1821	790
1822	723
1823	22
1824	621
1825	655
1826	921
1827	567
1828	398
1829	776
1830	1000
1831	638
1832	753
1833	91
1834	904
1835	809
1836	141
1837	957
1838	284
1839	879
1840	412
1841	653
1842	374
1843	463
1844	725
1845	102
1846	159
1847	363
1848	148
1849	48
1850	926
1851	844
1852	165
1853	893
1854	971
1855	863
1856	747
1857	407
1858	119
1859	403
1860	679
1861	205
1862	49
1863	944
1864	48
1865	400
1866	704
1867	576
1868	437
1869	917
1870	29
1871	696
1872	406
1873	441
1874	424
1875	202
1876	391
1877	363
1878	899
1879	695
1880	299
1881	990
1882	537
1883	601
1884	914
1885	327
1886	515
1887	842
1888	220
1889	996
1890	466
1891	740
1892	328
1893	437
1894	578
1895	155
1896	733
1897	747
1898	657
1899	706
1900	685
1901	695
1902	249
1903	255
1904	514
1905	382
1906	155
1907	402
1908	241
1909	885
1910	223
1911	609
1912	21
1913	703
1914	526
1915	836
1916	327
1917	561
1918	694
1919	252
1920	657
1921	564
1922	23
1923	819
1924	37
1925	868
1926	465
1927	854
1928	356
1929	83
1930	352
1931	561
1932	159
1933	574
1934	956
1935	479
1936	72
1937	902
1938	419
1939	484
1940	621
1941	322
1942	359
1943	328
1944	618
1945	709
1946	679
1947	745
1948	238
1949	526
1950	514
1951	766
1952	391
1953	531
1954	475
1955	113
1956	694
1957	943
1958	895
1959	856
1960	296
1961	194
1962	809
1963	686
1964	592
1965	194
1966	620
1967	138
1968	534
1969	449
1970	92
1971	786
1972	351
1973	380
1974	874
1975	684
1976	8
1977	370
1978	406
1979	407
1980	894
1981	616
1982	447
1983	53
1984	684
1985	786
1986	703
1987	92
1988	238
1989	333
1990	895
1991	664
1992	170
1993	592
1994	897
1995	369
1996	349
1997	856
1998	449
1999	897
2000	227
