Students	4000
1	1103 907 600 232
2	543 46 190 1845
3	484 1276 700 1189
4	940 1608 645 341
5	1352 1146 360 1297
6	830 798 542 1601
7	1415 713 1618 177
8	1773 247 1965 1018
9	796 1119 327 189
10	190 1730 1420 334
11	289 276 1742 1283
12	1034 1494 1092 765
13	789 1711 1328 145
14	74 1880 1661 757
15	410 932 1396 983
16	435 842 795 1889
17	1948 65 1705 1915
18	1223 615 323 798
19	60 1083 908 1394
20	1801 712 53 49
21	838 801 1427 1336
22	611 764 1209 844
23	274 997 1126 1715
24	323 1247 1555 1132
25	543 520 1052 1255
26	1494 1079 1399 283
27	1982 1042 1408 561
28	965 272 895 1795
29	202 242 1904 1527
30	771 1330 305 696
31	1829 1626 1716 188
32	448 964 241 273
33	1073 955 356 1323
34	350 1803 266 1548
35	502 1272 1942 55
36	1791 261 1725 538
37	1206 1938 1613 455
38	1704 1511 165 729
39	1884 1723 100 1732
40	815 1562 301 1441
41	1276 15 853 973
42	1327 1891 109 806
43	1848 1515 1527 1604
44	587 1746 359 907
45	671 407 135 732
46	1269 1285 1647 325
47	18 1905 1711 369
48	237 1060 818 1802
49	1383 355 1938 1177
50	1464 1985 567 16
51	315 1593 1887 787
52	1085 903 1980 578
53	1787 1161 720 60
54	1034 145 1743 268
55	610 1133 1037 1671
56	1542 1052 1894 275
57	872 828 389 323
58	258 1337 76 701
59	299 461 417 589
60	710 375 489 12
61	1998 1947 48 863
62	1426 1042 9 1210
63	1132 1443 1249 261
64	1147 1549 231 1543
65	1738 17 919 1424
66	1244 1873 644 314
67	1097 1864 716 118
68	1725 855 563 1988
69	1896 1833 1811 321
70	6 1807 1950 1177
71	1703 1774 1885 1002
72	31 551 1895 353
73	1253 132 1035 241
74	1218 226 87 139
75	1459 1594 1691 1492
76	267 1897 1388 1916
77	119 1148 1117 1832
78	1875 1048 342 1119
79	892 1908 1622 826
80	1076 1345 1294 1104
81	1257 242 1233 1322
82	82 744 694 1733
83	901 1351 230 1886
84	259 950 1113 1947
85	1260 1273 710 880
86	1216 1524 1503 1492
87	789 1502 1106 247
88	1806 530 1331 1721
89	935 1873 1502 955
90	329 484 1350 907
91	775 205 448 1741
92	1210 1623 975 1870
93	1781 1286 15 319
94	973 2000 1510 887
95	323 1226 857 1528
96	1492 1769 1771 824
97	117 1949 1155 32
98	1162 1168 97 243
99	95 658 498 144
100	891 173 137 1797
101	939 454 2 71
102	1651 566 1358 1690
103	1851 1000 1244 509
104	1657 266 790 1181
105	77 88 972 1830
106	236 1132 147 1155
107	1126 306 1959 362
108	1903 1223 209 1634
109	1714 1580 867 237
110	262 451 71 1788
111	1991 336 1530 1110
112	950 969 724 453
113	846 1249 677 1703
114	46 237 330 484
115	1725 109 793 555
116	1119 1704 476 350
117	750 200 1540 627
118	395 1296 747 1308
119	1722 1780 987 1490
120	1409 1505 1017 224
121	29 731 719 1695
122	1935 766 999 637
123	1441 256 862 633
124	1013 23 808 26
125	303 633 3 1694
126	422 915 562 1402
127	737 454 1081 870
128	1109 834 1357 329
129	128 520 1388 1059
130	748 1293 371 261
131	376 634 1035 297
132	1876 1461 1278 1698
133	1193 1881 1443 1895
134	836 526 1707 64
135	1062 700 1730 24
136	186 633 12 1460
137	1382 1994 238 1692
138	1106 532 319 458
139	1802 900 846 1231
140	1903 792 1469 1985
141	1767 383 1208 455
142	1724 464 281 1988
143	917 828 629 434
144	1250 409 362 1067
145	1100 1974 846 1489
146	320 157 607 1538
147	1533 1152 1732 462
148	177 1135 472 1514
149	1872 616 1600 551
150	1369 1367 118 1471
151	1853 966 644 1100
152	1180 1335 621 1549
153	518 1129 1872 605
154	938 1606 572 1315
155	1060 203 842 1886
156	1524 31 591 123
157	829 551 1475 1907
158	988 1840 571 1347
159	134 1003 285 31
160	1296 1814 1764 1733
161	149 1733 1459 1635
162	1924 1857 1247 1933
163	1441 458 412 954
164	258 1740 1733 1863
165	421 963 1671 1808
166	601 1590 1233 963
167	1382 1648 238 1384
168	922 1768 637 655
169	1771 1938 704 1465
170	1177 935 243 947
171	387 1714 1529 1808
172	772 1495 785 1889
173	1585 1256 1520 1036
174	1051 604 195 1478
175	1577 971 1274 1326
176	658 1272 532 213
177	400 1863 478 421
178	1857 1224 710 1469
179	1606 572 1895 1223
180	1644 1955 510 1927
181	1122 1589 1133 1060
182	471 1711 507 724
183	1688 420 1249 1045
184	223 1392 283 1400
185	1759 357 81 1394
186	917 451 1861 684
187	1560 1449 943 1563
188	1859 143 603 700
189	110 1214 1812 650
190	1481 1662 34 259
191	1461 727 428 1594
192	954 1115 1986 578
193	131 792 929 444
194	1787 1608 1275 971
195	797 1109 1517 1179
196	1118 1223 720 854
197	1630 562 460 1393
198	148 154 1727 1735
199	408 1068 1299 554
200	1290 852 1892 794
201	1460 776 1484 430
202	1968 1692 111 96
203	1857 843 1915 861
204	1749 1360 1555 543
205	874 1479 1808 1023
206	489 1922 1516 1248
207	1641 1532 189 1046
208	539 1397 618 1179
209	209 1465 1913 984
210	1668 1510 171 645
211	757 266 571 1886
212	1373 1284 1571 1465
213	558 575 900 1079
214	1477 134 1524 532
215	523 1089 1391 591
216	529 1217 1648 1864
217	589 1199 1663 117
218	414 914 508 1220
219	72 1692 883 1934
220	793 1554 521 897
221	1194 1392 1009 716
222	514 1736 1317 408
223	1436 615 1960 341
224	985 1937 1129 1397
225	1114 454 958 464
226	643 495 569 394
227	629 67 1221 1897
228	104 513 758 749
229	1208 391 1955 1628
230	382 1733 191 1485
231	1645 1989 167 1707
232	1631 1014 1945 1671
233	1534 1113 1200 1155
234	1264 714 880 419
235	791 1484 1088 565
236	36 1939 1337 616
237	1908 1764 1848 1117
238	677 1421 1502 1133
239	1259 269 625 1362
240	19 617 1087 1359
241	1096 1065 1287 323
242	205 1485 265 1693
243	354 1259 450 199
244	1525 1391 1900 1844
245	311 57 1232 289
246	709 1569 33 1698
247	301 1930 1073 1627
248	85 1692 1316 858
249	1176 1114 851 1242
250	927 1195 613 990
251	32 585 1227 1982
252	502 253 1355 1602
253	816 1625 658 387
254	888 1535 1397 985
255	1875 170 1825 1241
256	435 228 103 1736
257	1248 1216 1399 1098
258	1925 174 173 443
259	1557 750 1954 357
260	918 469 346 1959
261	727 1900 655 253
262	1581 1338 488 1998
263	436 300 888 1515
264	1348 718 869 1697
265	1213 1034 382 1396
266	194 1615 398 281
267	1373 1930 599 1248
268	988 979 500 976
269	632 1477 1132 1924
270	448 1665 1959 931
271	162 186 1734 869
272	1517 1814 1512 42
273	1078 1812 1164 997
274	1682 928 1319 336
275	931 1549 548 1158
276	1668 843 1483 799
277	635 32 1179 1361
278	1251 837 1748 423
279	426 777 749 748
280	1506 1176 1216 644
281	981 570 1912 788
282	1713 551 469 1296
283	592 1213 757 158
284	354 67 823 1759
285	1430 1045 290 1313
286	1149 1706 640 1073
287	1371 1694 1333 1922
288	945 520 560 1433
289	580 1621 403 986
290	390 1199 335 719
291	122 1207 1063 1750
292	808 1122 1541 1489
293	1238 354 2000 1308
294	1455 1507 871 204
295	586 893 1675 176
296	441 1857 1906 1381
297	777 408 1741 73
298	1971 558 1354 810
299	800 1573 1661 625
300	313 155 560 37
301	1589 1528 934 1784
302	883 1649 764 894
303	1884 1395 1185 370
304	1221 1934 1082 6
305	808 655 1984 365
306	1227 431 1453 948
307	114 751 1747 1289
308	1054 901 903 1997
309	956 1054 271 1346
310	265 458 409 257
311	1182 95 593 1896
312	1500 1860 1354 370
313	1679 1851 697 1217
314	1770 1322 1116 1979
315	75 790 324 581
316	724 287 689 641
317	1243 354 621 163
318	1743 1860 1387 1987
319	478 1627 713 502
320	577 938 683 597
321	949 42 1406 852
322	1363 1469 1002 1258
323	114 133 169 1075
324	1355 731 1906 1061
325	124 1611 1315 491
326	1444 1010 1520 161
327	938 315 865 1516
328	1657 1684 1276 896
329	1873 949 972 1833
330	1205 1323 1096 1454
331	1598 968 1967 361
332	1382 137 1985 1319
333	229 428 1116 1333
334	626 1867 1674 1294
335	78 1180 1973 1438
336	398 1048 421 1082
337	1891 406 884 1159
338	190 468 398 115
339	935 158 1613 1205
340	1926 588 1153 606
341	190 297 1334 229
342	300 1717 1591 1655
343	49 1030 1311 924
344	184 825 1618 1623
345	1470 1120 1455 2
346	1146 1992 158 986
347	288 728 1665 1601
348	310 728 580 1408
349	530 1890 363 1183
350	335 1638 1764 843
351	23 611 1930 149
352	1131 264 989 1174
353	299 744 1942 72
354	49 1299 1640 87
355	884 935 1982 1703
356	1794 845 316 677
357	1411 177 627 1719
358	35 1910 355 616
359	1686 830 1736 1554
360	1811 1873 1989 1637
361	1833 282 1575 1612
362	1213 367 1434 1546
363	1934 1897 500 631
364	548 1651 15 1013
365	1227 359 943 68
366	1189 1371 141 1982
367	823 57 1236 976
368	707 1415 1396 1719
369	1189 1801 499 35
370	1459 457 1303 198
371	144 805 1199 173
372	836 1745 1446 854
373	1052 1616 1297 1497
374	606 1722 513 1547
375	13 1481 953 157
376	396 1106 1594 1998
377	1396 478 1637 183
378	257 255 1569 1929
379	835 695 211 362
380	1445 790 1799 673
381	1942 1691 1038 760
382	1118 1771 1501 118
383	1420 1552 1499 1645
384	1454 1003 148 502
385	994 1950 457 1228
386	847 472 1037 792
387	1660 1791 1108 1936
388	321 1367 775 181
389	82 1275 1473 1688
390	70 627 850 567
391	689 486 1313 1064
392	1092 1587 1663 1789
393	1986 3 1661 1199
394	1335 1885 462 1869
395	1928 1428 344 685
396	451 539 466 1542
397	790 1229 1895 907
398	273 837 1124 1952
399	944 1839 1066 1784
400	1514 548 932 540
401	1142 1565 1787 146
402	772 1817 552 896
403	523 1531 1869 676
404	1953 100 1028 1590
405	372 1615 11 700
406	446 470 1856 893
407	1882 156 1726 957
408	1007 757 382 661
409	1649 32 719 936
410	1194 73 1512 1648
411	1428 676 1902 1361
412	1407 525 1133 60
413	823 1555 1788 1985
414	126 1144 1739 1213
415	978 1686 1292 1946
416	756 438 794 883
417	124 1902 1119 680
418	659 1313 1123 78
419	1855 1717 866 1577
420	1407 1613 226 821
421	390 902 1716 440
422	62 1001 1845 829
423	1780 1169 1188 135
424	379 534 328 1885
425	1968 1744 771 1795
426	244 875 364 212
427	1963 1982 1496 1412
428	1337 826 1552 1125
429	976 741 481 753
430	1075 1625 898 901
431	315 1698 1320 1120
432	1198 270 824 1911
433	73 472 831 1697
434	26 1040 1574 810
435	1195 1040 102 972
436	377 325 993 1851
437	1402 1703 1053 11
438	410 1908 1574 250
439	596 639 806 282
440	233 1908 400 1903
441	1887 1952 1006 130
442	1039 745 149 1776
443	203 1041 1997 1016
444	1737 1695 672 1771
445	1519 1102 191 1212
446	548 1857 843 16
447	219 636 1355 750
448	1918 1699 1336 1137
449	1826 922 634 1122
450	208 1742 780 1330
451	1382 624 100 483
452	1111 1377 365 813
453	168 1894 358 1922
454	1504 1351 1359 1591
455	1082 675 325 735
456	553 34 247 372
457	35 1231 681 579
458	1257 198 1231 939
459	1002 1392 1684 1898
460	367 1780 1690 1338
461	2000 450 1051 1056
462	1603 842 874 798
463	183 226 436 1258
464	472 1783 1549 1501
465	506 1408 1660 512
466	594 742 655 1002
467	1941 1967 306 1661
468	1454 1102 93 422
469	136 159 550 792
470	1726 996 702 1333
471	1538 1450 1151 1251
472	946 1833 1205 714
473	1544 539 452 894
474	1176 1963 1450 297
475	27 603 1893 223
476	1543 840 1615 148
477	1693 1841 1072 627
478	37 290 218 463
479	189 478 718 1053
480	808 825 1771 170
481	1588 1475 1053 146
482	1347 342 1652 179
483	968 1382 1989 1135
484	391 1995 1454 901
485	1145 1991 348 553
486	186 1544 401 1985
487	1320 763 1878 1274
488	1808 81 1723 1169
489	1377 351 221 1269
490	1653 1643 869 549
491	897 967 1172 1990
492	928 973 1316 677
493	549 1832 607 374
494	1986 404 1403 1439
495	1469 1499 240 56
496	1688 725 78 1841
497	1475 1434 1054 595
498	637 737 753 562
499	1511 936 1636 245
500	84 184 552 1398
501	1616 196 1980 156
502	1572 769 1175 578
503	851 107 313 1705
504	1991 9 1300 338
505	144 282 1466 175
506	604 876 1012 1113
507	814 683 1929 923
508	822 332 86 1232
509	637 1227 1313 804
510	29 163 119 102
511	1766 1804 209 1715
512	1594 1822 1498 534
513	568 235 590 807
514	369 1419 1963 64
515	461 1887 861 1196
516	417 1404 131 1920
517	1255 1895 1398 1778
518	1504 50 782 1643
519	130 1228 2 1167
520	966 401 913 1235
521	430 1214 84 685
522	1980 989 616 1237
523	703 1554 1579 862
524	1952 1348 695 121
525	96 338 1615 939
526	1790 101 1594 13
527	1090 1138 765 1519
528	154 238 1691 1894
529	839 1849 1361 689
530	412 1089 1308 167
531	1933 626 798 1691
532	36 1460 1877 1748
533	247 23 991 1527
534	389 1401 1637 705
535	1746 1192 1253 772
536	1494 1182 1949 1836
537	1612 1924 1727 1306
538	1248 1157 1867 1605
539	1840 1169 202 661
540	1765 1448 947 329
541	1582 726 669 1272
542	1047 1599 1460 1655
543	1979 1783 1266 22
544	52 1729 1130 1990
545	1904 142 431 183
546	1326 65 324 1789
547	1151 1117 1007 78
548	1888 1206 1225 364
549	952 1334 797 641
550	1773 1009 931 262
551	378 1953 664 1393
552	787 1521 1640 128
553	1188 211 1639 1310
554	1370 1065 1151 458
555	991 1600 687 1574
556	1219 277 1738 693
557	1212 1464 823 1217
558	1328 657 1125 666
559	263 375 1057 355
560	1446 26 1785 612
561	1593 252 1311 846
562	1592 1184 55 1642
563	832 1834 869 992
564	1263 11 671 875
565	109 904 214 1204
566	1195 1265 1253 278
567	817 410 1148 1426
568	178 424 990 1653
569	590 523 997 563
570	1277 60 295 195
571	48 584 1384 1152
572	73 1422 1610 1571
573	15 1879 580 1073
574	21 188 1636 579
575	317 222 750 249
576	883 1682 304 1071
577	1026 468 1550 1936
578	1337 1221 1547 1093
579	73 1201 1491 1499
580	336 1732 1569 1938
581	1523 1128 218 340
582	1541 1294 1706 1165
583	466 978 458 1062
584	1283 1828 1208 1566
585	1515 83 1746 1856
586	851 815 310 491
587	160 1218 1256 1634
588	678 626 1810 1024
589	1877 810 65 471
590	974 792 56 58
591	826 111 1994 545
592	718 1418 1693 498
593	181 604 823 983
594	570 786 840 1528
595	1735 1532 104 1734
596	1207 1182 447 181
597	1271 1226 71 926
598	897 1996 1525 1272
599	355 651 210 1052
600	672 200 643 1175
601	743 1516 1935 1732
602	406 1485 1637 1906
603	369 144 1527 840
604	270 515 1846 1480
605	1988 359 982 1332
606	1597 47 326 633
607	1042 1631 1756 221
608	1025 1971 1498 643
609	1969 879 1517 1901
610	740 462 210 327
611	1473 963 48 1444
612	1103 1808 1130 1396
613	1244 537 792 900
614	1571 203 867 647
615	563 1414 1975 1030
616	631 211 995 1460
617	1978 1562 1820 661
618	362 892 1998 746
619	244 1835 1564 1756
620	1816 1543 916 1792
621	143 1081 1323 472
622	287 639 935 1544
623	981 1093 1900 18
624	434 490 1173 807
625	1291 1821 1448 1778
626	1100 1425 642 391
627	937 751 651 121
628	1636 1438 630 103
629	556 1592 429 1599
630	1557 100 630 654
631	57 493 7 827
632	1431 1330 294 1080
633	780 905 666 1221
634	1039 109 1930 27
635	1822 879 1463 1012
636	1076 1603 527 431
637	43 1119 1810 1449
638	886 1309 1435 1500
639	1287 427 1877 963
640	1108 1840 1471 1686
641	1497 1313 1535 210
642	448 1721 1428 1387
643	545 474 1751 360
644	291 216 770 458
645	866 639 1194 800
646	1362 1572 633 1340
647	1246 1813 1188 481
648	1225 348 1146 1567
649	1517 1363 56 1557
650	65 482 1589 1743
651	302 1575 1457 669
652	886 654 902 695
653	1460 324 316 254
654	1044 1136 1679 424
655	1416 1325 627 1597
656	844 808 934 1750
657	1187 1047 1580 997
658	1838 1310 1635 1078
659	1568 1865 197 373
660	420 413 308 1586
661	1710 1223 14 1923
662	1297 585 1830 333
663	80 708 186 1026
664	552 1480 973 258
665	695 793 1854 482
666	1103 612 1188 859
667	410 699 615 406
668	601 815 698 1466
669	1064 358 1474 1592
670	1067 279 27 437
671	1291 767 1832 43
672	888 919 1776 361
673	962 143 701 461
674	1207 1619 656 1413
675	361 285 626 1004
676	185 507 1591 365
677	455 238 591 358
678	109 832 43 1437
679	1909 1002 1571 1277
680	1954 235 1601 1186
681	855 1348 1329 131
682	1588 1252 1385 906
683	869 1043 1548 1738
684	1559 1748 1811 669
685	1049 1778 480 749
686	152 1624 1883 1027
687	1705 1928 1890 1225
688	1230 650 320 1676
689	1714 873 274 670
690	280 1536 564 916
691	1310 118 1101 1766
692	30 485 1985 1628
693	808 1644 1107 315
694	1015 359 446 640
695	1546 1038 1578 1497
696	578 1348 803 900
697	206 1816 981 440
698	1887 547 1889 1619
699	1583 63 305 1314
700	801 1216 1055 717
701	1881 1001 1055 1697
702	668 654 439 309
703	636 1450 1939 1785
704	1448 605 803 1718
705	497 248 10 1171
706	1980 1902 984 1567
707	263 680 1253 1386
708	650 1649 1794 854
709	1809 681 430 177
710	235 677 555 622
711	1837 201 376 1562
712	1270 1215 353 791
713	745 456 880 121
714	956 1782 577 1070
715	1333 1031 765 698
716	1297 139 330 459
717	1554 1766 1891 1696
718	944 1815 1905 783
719	60 1218 371 1500
720	53 1202 1671 1948
721	909 110 541 1214
722	334 505 445 185
723	478 612 930 843
724	1467 926 683 1374
725	1342 578 819 357
726	25 386 1710 1769
727	719 1945 835 1627
728	168 821 570 1908
729	888 338 1487 147
730	499 1625 1100 300
731	1960 684 1527 672
732	659 152 1300 1627
733	1338 1095 1614 400
734	546 1389 1248 1596
735	1266 636 1852 1196
736	335 852 380 1339
737	1967 1717 493 485
738	887 1578 247 319
739	1054 782 1332 913
740	1594 1673 608 57
741	129 1768 1129 1651
742	208 1292 1065 1678
743	787 1317 1795 1293
744	800 1174 1371 287
745	597 1178 991 1723
746	1624 869 994 458
747	1059 1374 1304 14
748	369 1658 565 1782
749	35 1761 234 1456
750	66 861 432 1299
751	673 1403 836 1164
752	711 642 694 943
753	1483 828 73 331
754	1602 1788 820 629
755	1877 1691 657 206
756	1308 981 1232 1519
757	237 1602 514 86
758	212 1027 73 1171
759	1360 986 1831 1271
760	682 1237 1817 769
761	1005 1679 1134 771
762	5 1680 299 436
763	1166 1720 815 800
764	1496 392 1335 1764
765	727 1247 1102 615
766	1399 790 1145 1111
767	141 785 1588 78
768	1565 1517 482 971
769	1944 1298 1143 1492
770	276 735 586 1769
771	1058 1363 246 1708
772	23 1487 1855 811
773	78 560 637 282
774	1601 167 1473 803
775	1044 1761 1523 1553
776	407 354 161 1326
777	544 367 1545 904
778	1535 1338 660 999
779	1450 1756 1181 189
780	915 468 1605 1637
781	32 1207 1365 327
782	533 1174 46 674
783	1786 1395 696 411
784	602 1958 22 359
785	884 1160 1804 326
786	441 1941 1321 1776
787	868 1755 1219 1824
788	760 1677 1835 623
789	1912 964 368 1299
790	1105 1852 773 1869
791	794 1626 224 71
792	1248 1191 402 1877
793	1573 930 567 908
794	491 483 947 1425
795	1898 585 810 716
796	32 1943 827 1139
797	1852 1435 922 849
798	827 326 492 318
799	1297 1464 91 348
800	687 170 793 844
801	1767 1216 1475 1538
802	1778 348 13 1950
803	185 1654 1625 1917
804	1113 693 1511 975
805	1848 193 996 993
806	157 1907 242 1919
807	1485 1255 1325 1867
808	1249 1161 1328 1618
809	1503 55 590 716
810	184 1859 1360 635
811	9 527 800 1082
812	3 872 1084 624
813	1628 323 1877 1851
814	797 234 783 1813
815	1747 1620 567 205
816	191 758 780 1533
817	1359 121 472 1412
818	1023 312 1228 1245
819	1426 74 79 349
820	728 1639 1631 1419
821	346 392 1931 870
822	927 1455 1390 765
823	1969 48 22 759
824	1824 355 68 837
825	426 1765 1877 1893
826	126 1555 44 833
827	1982 1768 821 1446
828	1451 1862 766 516
829	1090 1823 496 514
830	397 440 890 1639
831	1910 162 1793 1344
832	1842 1909 269 1978
833	1609 1978 91 1535
834	1375 95 1969 1147
835	1993 161 1907 1024
836	1265 1391 1271 1736
837	1219 689 907 1438
838	852 45 1962 989
839	1644 647 1590 1508
840	848 1980 140 1243
841	1240 260 899 606
842	1681 755 200 1636
843	403 1514 1516 1216
844	694 1132 743 1251
845	1510 917 1659 135
846	1806 402 1698 737
847	1075 835 836 1588
848	66 1078 146 1748
849	20 417 1185 1028
850	404 861 1036 1063
851	206 1594 1791 425
852	876 900 259 1129
853	1135 1907 692 62
854	1669 1263 1416 958
855	1519 1967 143 480
856	258 1284 1999 782
857	275 1252 1162 1112
858	226 1976 1695 712
859	440 1638 1387 1338
860	459 67 1036 1726
861	1453 1570 1820 1235
862	706 366 737 772
863	359 1106 1176 1140
864	832 1167 699 499
865	534 1191 1243 1276
866	460 168 891 205
867	1749 1479 904 1162
868	1171 1999 105 1928
869	1621 1773 287 1315
870	952 855 915 327
871	1773 722 1903 815
872	146 990 88 964
873	426 1804 536 1730
874	1811 1818 1173 913
875	525 834 193 1092
876	1106 1277 1994 248
877	1030 1202 458 1156
878	69 733 424 894
879	524 938 223 996
880	4 1204 912 550
881	902 1258 1976 1151
882	1581 1966 15 1974
883	605 1757 561 4
884	690 713 1417 1777
885	1561 637 639 1837
886	143 1349 1810 55
887	1828 1444 974 95
888	1354 1229 386 684
889	772 668 1090 1320
890	314 201 669 1910
891	1551 1262 840 1376
892	350 1151 1968 1978
893	651 1645 34 169
894	439 1933 794 997
895	288 68 1336 1860
896	178 1530 269 1951
897	564 373 1392 746
898	899 1086 1773 845
899	495 1099 357 428
900	875 1061 1829 340
901	200 1680 836 1085
902	1166 631 910 904
903	1017 1602 504 573
904	1972 454 543 707
905	1122 1416 264 1101
906	118 717 329 555
907	1705 1773 502 1477
908	916 1482 880 274
909	607 445 75 715
910	788 739 1478 1143
911	1780 341 1567 34
912	1476 1049 60 1027
913	1173 376 1604 553
914	238 1772 1753 821
915	1310 811 1656 539
916	1366 425 496 648
917	1629 823 171 1053
918	248 568 482 1091
919	1695 944 1501 1933
920	1956 1988 1669 570
921	308 1463 1944 1184
922	1871 1965 383 913
923	1214 1869 488 68
924	193 1909 171 1158
925	1637 1980 1312 1436
926	1387 1744 1496 667
927	1182 546 989 181
928	1547 1126 1609 740
929	1765 1773 1439 94
930	1505 1727 1976 1104
931	225 508 194 837
932	1061 662 33 1878
933	1970 597 259 293
934	170 1459 691 910
935	633 339 980 1104
936	124 1865 1045 764
937	1074 1866 719 1878
938	1819 1283 1012 1024
939	1261 1831 1843 1221
940	1053 644 1261 116
941	587 775 554 560
942	449 124 1734 340
943	1979 261 458 1499
944	105 1268 1283 470
945	818 1966 1374 1391
946	336 1816 1520 1922
947	1116 1740 1880 737
948	1995 1792 1848 1231
949	660 1921 1368 50
950	765 279 1797 1379
951	1907 1073 939 1892
952	1550 1694 1325 1390
953	303 1778 405 1962
954	1624 375 1511 1506
955	390 79 864 1269
956	573 780 1208 267
957	573 766 817 1753
958	1197 1759 1658 1856
959	1751 815 682 1990
960	545 936 787 1181
961	1144 957 1663 46
962	37 1547 5 351
963	585 653 419 993
964	238 789 645 1416
965	341 520 758 1103
966	1240 122 911 573
967	1044 647 1647 1329
968	1874 1864 1160 371
969	1760 1194 1253 1333
970	1990 891 1669 878
971	1364 1143 1424 1
972	1896 1279 662 287
973	1439 149 62 1167
974	1727 1330 1276 1942
975	1730 1073 157 117
976	983 582 424 414
977	1792 947 1922 1294
978	773 1118 49 1903
979	970 1886 424 611
980	392 772 131 13
981	1051 796 1368 798
982	1793 1691 1004 697
983	46 1546 307 1273
984	232 90 18 79
985	1426 1790 1425 1171
986	911 40 405 1755
987	818 556 1265 1383
988	1782 1645 310 161
989	1722 329 300 725
990	1872 58 1397 1669
991	1068 455 1085 658
992	436 450 1159 1154
993	634 1414 1858 418
994	1055 1274 1152 967
995	1243 1714 961 1822
996	393 1926 713 1475
997	1439 1023 179 584
998	1737 1283 415 1641
999	914 502 226 506
1000	691 466 1508 464
1001	1333 245 979 587
1002	416 698 897 1536
1003	1412 247 785 780
1004	671 1102 1828 1434
1005	1112 1378 1193 1906
1006	578 1936 395 264
1007	1621 451 1791 1045
1008	1499 1871 1199 1220
1009	1450 698 496 1653
1010	1737 1674 82 1750
1011	410 1691 1587 1554
1012	822 931 1695 1630
1013	478 1062 1061 39
1014	117 1274 864 1051
1015	1676 268 476 1322
1016	174 1013 1203 678
1017	1908 75 340 1791
1018	1808 21 224 1592
1019	475 432 336 677
1020	1235 265 1324 1967
1021	1416 1994 159 26
1022	1768 472 1463 1432
1023	1219 641 1639 212
1024	1535 1065 1062 1129
1025	1521 76 1908 1596
1026	510 1751 1760 1710
1027	1412 794 892 1403
1028	706 880 1977 682
1029	1676 557 131 1413
1030	828 1108 1959 891
1031	908 1881 64 631
1032	898 1726 959 1202
1033	807 1963 1285 1746
1034	1413 558 1495 957
1035	1160 7 6 895
1036	1437 1314 1289 1185
1037	21 1947 975 1022
1038	714 1916 376 163
1039	1443 1211 444 1941
1040	348 1441 1149 485
1041	1712 343 1443 1115
1042	896 70 644 1503
1043	1527 61 1540 99
1044	1832 1708 1251 715
1045	1789 1646 1603 651
1046	236 781 208 507
1047	764 1432 596 1550
1048	1303 1124 1739 477
1049	253 590 415 325
1050	822 1857 486 517
1051	92 1441 1919 1318
1052	85 667 1039 1828
1053	1857 1042 881 735
1054	906 1006 1752 50
1055	1902 1973 396 708
1056	371 390 1817 847
1057	1064 896 451 1753
1058	1742 194 612 1418
1059	1267 1741 1809 481
1060	1547 1113 1698 1691
1061	35 165 143 935
1062	1295 828 527 195
1063	501 1330 1446 1499
1064	1485 1297 936 25
1065	874 1961 1141 971
1066	1638 584 777 1699
1067	1523 169 1020 1109
1068	893 158 1670 207
1069	1859 571 183 693
1070	1418 1197 1807 1105
1071	1005 1878 467 27
1072	1344 590 1950 1108
1073	1879 1309 1520 643
1074	1214 1041 1352 319
1075	1782 929 1634 969
1076	69 1979 186 1956
1077	1808 1350 1723 712
1078	168 810 249 1258
1079	501 75 1416 798
1080	1124 1459 196 83
1081	44 1240 154 1856
1082	715 1127 1381 1663
1083	1975 486 367 434
1084	1033 704 1498 955
1085	1931 1269 358 396
1086	782 1402 1622 69
1087	1238 1040 1333 1298
1088	1497 1802 34 1377
1089	1309 1416 194 1910
1090	1293 1749 1239 1081
1091	758 1715 1146 1530
1092	289 302 968 1242
1093	889 47 975 228
1094	1347 299 1639 580
1095	798 522 910 1763
1096	1921 1994 1737 1723
1097	715 1076 412 1537
1098	1906 713 886 987
1099	1397 1934 925 681
1100	196 486 10 276
1101	409 1767 654 96
1102	1352 1225 895 1229
1103	941 1247 789 1150
1104	1233 1168 1727 1348
1105	1443 1890 1211 582
1106	764 1035 728 533
1107	817 1820 1715 152
1108	84 1615 877 164
1109	158 1413 1042 563
1110	1269 367 896 1681
1111	106 648 592 299
1112	525 1003 1174 1482
1113	761 436 613 1115
1114	306 1014 82 1858
1115	811 202 1853 1180
1116	144 1617 309 1699
1117	22 1549 1199 83
1118	178 700 205 1734
1119	582 982 1663 1290
1120	1307 13 1932 1184
1121	1897 1323 1224 999
1122	718 1057 234 1897
1123	419 1745 1487 1812
1124	1118 1907 1024 228
1125	809 123 1932 1163
1126	436 1568 1670 290
1127	1339 823 557 2000
1128	1967 1357 840 492
1129	812 1934 1174 895
1130	996 265 1104 766
1131	465 511 1297 426
1132	771 1320 65 332
1133	357 408 597 467
1134	373 525 1772 1406
1135	1530 942 234 847
1136	1509 1141 1367 890
1137	900 1810 35 1719
1138	539 1776 515 1723
1139	1263 409 1432 1952
1140	153 1051 998 330
1141	63 75 1377 1871
1142	38 430 1065 403
1143	1643 1573 1997 740
1144	1591 243 1610 101
1145	592 1661 713 1540
1146	288 1868 1059 1687
1147	484 1515 1684 1796
1148	656 1599 959 1608
1149	822 397 40 1460
1150	980 802 716 1057
1151	1336 53 1147 1216
1152	1845 634 1644 190
1153	883 1020 320 927
1154	402 1816 1564 1336
1155	186 1294 1879 444
1156	851 726 1559 1758
1157	1380 593 177 1466
1158	1066 435 155 851
1159	916 1852 1365 1773
1160	1487 1214 1222 3
1161	1761 1514 1023 1735
1162	1469 1509 167 1775
1163	15 1685 1505 1774
1164	122 1415 631 545
1165	105 290 1905 163
1166	1344 267 816 1303
1167	1502 1986 829 1405
1168	220 152 831 907
1169	565 785 1861 344
1170	265 1826 1986 769
1171	1561 1087 1558 61
1172	84 843 1838 1693
1173	1170 1136 62 691
1174	1937 1510 990 362
1175	835 1807 1042 1325
1176	1420 736 1097 867
1177	1245 29 553 340
1178	1042 767 391 1553
1179	885 209 1615 671
1180	793 1357 1127 1490
1181	144 532 861 1844
1182	1982 33 771 1877
1183	1763 181 1405 1885
1184	617 1732 1535 1834
1185	1543 178 269 1636
1186	1365 343 886 1206
1187	203 822 1143 1455
1188	742 464 1035 1214
1189	10 501 40 1786
1190	608 12 108 1130
1191	383 46 502 693
1192	263 1242 1665 1459
1193	1083 1709 387 1050
1194	1477 1224 576 1600
1195	1746 378 19 1841
1196	1648 820 1848 378
1197	583 695 1471 1726
1198	1948 1824 958 1446
1199	856 1357 1117 926
1200	1783 1084 1466 120
1201	1380 1089 219 1318
1202	213 148 254 1918
1203	766 1523 1292 616
1204	1033 1233 612 1798
1205	353 526 1255 1198
1206	1213 541 872 1873
1207	1406 1980 837 1929
1208	672 187 275 759
1209	852 721 1556 447
1210	1080 79 1742 727
1211	1484 1162 1407 1581
1212	1674 994 1478 1738
1213	1436 295 1268 706
1214	707 694 1923 1799
1215	1534 1234 1454 407
1216	1396 513 1137 1191
1217	308 1174 168 1083
1218	1135 1852 1708 1643
1219	346 1188 854 298
1220	1293 996 320 745
1221	298 336 750 1109
1222	290 330 1400 1471
1223	1220 636 1480 1804
1224	530 1074 1661 41
1225	1886 1843 1198 578
1226	260 908 740 587
1227	1209 1724 481 454
1228	443 1516 648 60
1229	950 495 947 498
1230	337 1995 1282 1666
1231	551 1474 387 802
1232	1625 316 864 1732
1233	108 1615 1129 1012
1234	1666 594 846 1366
1235	1225 1580 1263 1313
1236	1713 771 560 534
1237	858 1254 1396 639
1238	1806 1530 1682 228
1239	85 1222 700 1675
1240	430 713 448 320
1241	197 1609 1126 1691
1242	29 356 484 358
1243	521 909 1882 656
1244	972 1559 1089 97
1245	1923 939 1544 1213
1246	685 1834 875 1863
1247	1081 1915 487 1087
1248	1302 339 762 1987
1249	1319 1769 1724 1293
1250	436 432 1508 1510
1251	7 324 1691 1094
1252	1413 380 1199 1083
1253	404 1673 31 1109
1254	1700 1724 1404 1598
1255	1130 1249 1029 1164
1256	1143 787 1070 446
1257	1456 1425 961 1547
1258	1102 133 673 1505
1259	1062 1236 1358 1161
1260	1609 1409 1590 959
1261	991 1803 1924 1753
1262	278 904 1242 901
1263	150 1415 702 1870
1264	1827 440 1149 259
1265	912 839 959 1464
1266	832 743 719 90
1267	104 424 217 208
1268	584 318 327 1486
1269	1998 1806 891 1474
1270	1772 29 1039 1468
1271	1782 651 44 1660
1272	148 97 1199 1070
1273	1453 722 1947 1089
1274	254 4 16 569
1275	1045 1828 1308 79
1276	874 946 1289 1278
1277	694 673 1324 1910
1278	938 874 429 1673
1279	1154 526 1017 1429
1280	270 1944 1080 1754
1281	79 731 732 1810
1282	1796 1214 1790 1461
1283	628 572 1116 578
1284	616 1832 440 780
1285	1770 1766 1408 1451
1286	673 1607 411 682
1287	36 1951 1469 749
1288	1682 886 1866 1476
1289	427 1938 614 189
1290	1433 1922 1912 321
1291	1644 209 1002 1721
1292	1630 1584 918 670
1293	1929 1154 130 727
1294	1012 154 802 1231
1295	377 911 1791 1392
1296	1668 1218 722 670
1297	811 283 1744 351
1298	1185 1224 259 723
1299	1037 193 1332 1788
1300	519 117 1944 656
1301	1623 1422 1244 1128
1302	1383 677 1756 67
1303	1221 931 764 1146
1304	1283 1660 94 924
1305	1893 1994 934 1891
1306	1372 663 646 1411
1307	1887 586 1299 149
1308	1766 724 556 1704
1309	907 1966 1166 1370
1310	1114 147 358 1058
1311	10 1259 1610 920
1312	1828 1738 231 786
1313	982 1993 1904 339
1314	1633 1730 327 614
1315	278 980 1446 1892
1316	1849 15 1157 671
1317	439 751 1828 1093
1318	1206 21 1288 1957
1319	1267 1791 1227 130
1320	847 513 17 483
1321	1974 272 981 1152
1322	1697 962 72 519
1323	48 651 1874 1233
1324	1360 697 1886 358
1325	607 555 1471 502
1326	358 17 546 1844
1327	1665 1702 1631 1389
1328	620 667 1129 550
1329	1922 1248 1239 251
1330	913 1651 1803 917
1331	427 940 1153 718
1332	129 210 811 1967
1333	1785 690 385 1046
1334	251 997 1265 219
1335	474 822 585 1471
1336	171 942 514 1375
1337	1233 1096 87 93
1338	1542 1145 811 1006
1339	1543 860 930 1212
1340	361 214 941 986
1341	732 1191 590 142
1342	1095 1944 575 766
1343	395 729 427 1572
1344	1780 1924 184 664
1345	506 55 1301 285
1346	798 755 1538 359
1347	834 931 1225 1678
1348	776 1926 1054 1477
1349	115 493 471 923
1350	423 47 553 780
1351	1778 568 92 1861
1352	1004 180 1334 1809
1353	998 711 501 1737
1354	658 1266 1932 61
1355	1318 236 1428 1746
1356	760 312 1357 1780
1357	165 1574 1350 43
1358	152 884 232 1257
1359	1214 604 1332 1317
1360	1206 1754 1781 177
1361	1727 1262 1077 1352
1362	420 1043 1368 1007
1363	766 1708 1988 71
1364	1523 125 951 640
1365	1476 1583 1008 510
1366	902 1708 1688 649
1367	1521 493 124 1853
1368	1593 7 1721 317
1369	199 755 1550 256
1370	1026 1744 1145 358
1371	744 649 1800 1477
1372	1263 802 129 732
1373	1921 1938 1148 558
1374	565 831 1194 1284
1375	108 1284 286 1735
1376	1760 808 805 1068
1377	1779 1297 1395 570
1378	135 632 551 1174
1379	547 1460 288 1894
1380	1341 1204 487 616
1381	716 1905 1812 1567
1382	138 119 444 1446
1383	717 147 275 1285
1384	1738 82 1541 1597
1385	690 248 292 1715
1386	966 491 1494 199
1387	1009 1616 1175 82
1388	464 1216 1858 97
1389	604 652 1731 10
1390	1814 1574 847 125
1391	1558 829 186 1876
1392	563 707 12 1336
1393	1639 1388 1835 1260
1394	1883 140 710 817
1395	1201 1851 964 1144
1396	1869 1191 1067 1998
1397	1185 779 1632 446
1398	329 1034 1895 1426
1399	818 832 1952 1214
1400	335 1759 913 846
1401	1086 61 678 1313
1402	1752 553 539 169
1403	1010 1585 1097 830
1404	523 253 1506 1356
1405	364 326 1481 556
1406	565 1960 596 1643
1407	557 323 1725 1912
1408	799 1117 1912 587
1409	1141 1296 134 1440
1410	48 1574 1268 1436
1411	598 564 821 1627
1412	1329 445 523 1023
1413	944 255 680 1208
1414	415 332 980 2
1415	1986 1768 1471 349
1416	1427 411 331 604
1417	1090 1900 1209 1134
1418	720 242 51 285
1419	1749 1733 1745 1640
1420	1336 1731 1646 682
1421	1346 413 199 566
1422	1902 1648 679 61
1423	1126 1290 742 822
1424	9 1325 1142 125
1425	1562 1539 95 817
1426	819 1711 1391 478
1427	93 338 1094 1264
1428	959 850 610 286
1429	1466 966 1664 1243
1430	1559 1022 1568 776
1431	1854 760 1655 1982
1432	752 254 1294 83
1433	323 1782 1095 383
1434	879 1772 200 1648
1435	1220 250 656 639
1436	1209 1026 216 898
1437	654 314 384 1483
1438	1064 1378 1487 237
1439	1330 1607 65 568
1440	890 306 1345 1535
1441	702 128 1999 282
1442	55 1984 426 234
1443	1669 514 426 901
1444	1929 1516 1009 1954
1445	844 481 1324 1392
1446	1136 758 22 1058
1447	802 1361 1926 1419
1448	794 1666 1432 1013
1449	1655 14 910 137
1450	1026 393 245 589
1451	1805 1134 1945 216
1452	35 26 771 1941
1453	1798 980 1023 1197
1454	1683 1722 1371 441
1455	802 1921 1858 782
1456	599 1298 545 1775
1457	458 1789 1507 1907
1458	1644 868 839 1241
1459	1580 1071 334 1608
1460	771 970 1835 1478
1461	1496 159 462 560
1462	1216 1848 1263 1896
1463	1717 543 901 1910
1464	330 1012 133 1977
1465	1034 1674 1756 584
1466	353 25 1722 1325
1467	168 1481 25 1577
1468	965 578 1230 1828
1469	653 1017 1868 1913
1470	516 347 963 1630
1471	752 567 469 1944
1472	545 873 1025 760
1473	911 1693 1072 1434
1474	361 764 1658 181
1475	495 1170 1183 1298
1476	1862 630 1806 369
1477	504 476 844 1557
1478	1760 1336 599 265
1479	858 1493 1086 478
1480	966 670 1247 1817
1481	1585 916 771 1564
1482	1395 134 1106 1643
1483	1279 1829 1807 580
1484	431 1136 116 1913
1485	1288 222 518 688
1486	1776 1988 1222 492
1487	982 1771 1065 693
1488	512 1703 1456 903
1489	1687 1848 1274 1236
1490	1381 410 283 140
1491	195 654 1010 1031
1492	155 1872 93 1642
1493	1013 394 1142 1082
1494	136 473 1763 1655
1495	1106 499 1886 1248
1496	1332 827 126 1601
1497	1798 15 845 478
1498	668 1140 1865 1131
1499	1692 1528 1423 1572
1500	1687 1402 1865 48
1501	16 222 1456 1423
1502	1648 575 1373 448
1503	1622 1011 1870 360
1504	672 1014 460 1116
1505	1018 95 1998 1412
1506	1627 1560 224 437
1507	1292 713 1752 122
1508	827 972 921 1938
1509	537 409 1280 1874
1510	299 656 797 1911
1511	1503 702 1987 589
1512	366 29 780 1549
1513	1566 1677 800 148
1514	588 1247 371 490
1515	1858 1756 432 1908
1516	1746 564 103 755
1517	391 622 89 283
1518	1474 1078 1751 1682
1519	378 1155 1475 1516
1520	1364 277 1095 1654
1521	1568 91 333 503
1522	1987 1451 1528 1153
1523	1411 1089 1774 776
1524	62 779 5 20
1525	130 1908 628 1658
1526	1265 1688 1949 1637
1527	1344 1461 1744 1941
1528	601 964 583 226
1529	1828 683 1718 1470
1530	104 996 877 428
1531	177 1325 886 513
1532	757 1535 787 917
1533	670 1076 573 1900
1534	1900 385 812 1907
1535	1491 1733 1576 580
1536	1222 1582 992 123
1537	1575 1535 1655 1461
1538	1412 1747 464 38
1539	1850 1238 393 1179
1540	1957 583 408 1004
1541	403 7 1220 787
1542	252 1748 828 284
1543	1169 1814 611 278
1544	1164 1715 949 1924
1545	182 1630 1518 292
1546	515 655 271 897
1547	101 1452 1940 1439
1548	1559 854 266 1058
1549	782 922 225 1221
1550	467 736 1578 5
1551	969 186 123 721
1552	1077 162 184 211
1553	1867 1462 982 1935
1554	703 1366 451 1466
1555	1291 814 1491 1916
1556	1709 1614 1257 1058
1557	1379 586 1371 1731
1558	1687 463 1433 920
1559	1434 67 82 663
1560	606 384 673 1494
1561	366 1091 1193 1027
1562	95 404 1728 1984
1563	428 474 1409 537
1564	133 443 1244 294
1565	1430 464 389 1235
1566	1870 1035 1907 1045
1567	501 1709 1507 657
1568	26 1269 1688 765
1569	589 645 472 132
1570	395 923 958 1585
1571	1343 645 329 900
1572	1320 1042 949 612
1573	844 1819 1800 1060
1574	720 468 1677 1494
1575	1668 1892 1114 1293
1576	218 219 1768 1679
1577	240 267 1561 766
1578	1236 1028 858 1304
1579	92 1074 1822 637
1580	551 1851 1244 1792
1581	1698 756 1811 1215
1582	715 666 1271 1800
1583	1879 1603 1239 1951
1584	8 1554 597 1377
1585	430 506 1413 1178
1586	1141 1671 899 1952
1587	586 197 846 795
1588	1789 488 872 59
1589	1203 211 244 1932
1590	1232 1475 1413 608
1591	148 924 67 1049
1592	1853 1242 1803 937
1593	255 153 507 1887
1594	75 1107 359 1892
1595	1450 1997 984 1217
1596	416 1014 1569 725
1597	1150 1886 503 1452
1598	784 1806 35 764
1599	1905 110 1134 814
1600	875 943 1665 459
1601	355 525 719 1980
1602	600 936 541 1678
1603	1105 1551 1473 936
1604	1815 1014 1612 1964
1605	832 1128 582 1081
1606	345 831 958 1779
1607	61 1857 1130 1546
1608	254 378 740 1779
1609	444 1191 722 1165
1610	636 701 1162 597
1611	79 274 1026 576
1612	816 1501 768 724
1613	439 1756 114 494
1614	790 241 1227 674
1615	1814 1771 987 401
1616	1965 1013 1398 1824
1617	1828 146 1926 587
1618	818 63 1897 73
1619	1540 1866 1434 1757
1620	986 635 1669 1766
1621	1933 1831 453 301
1622	1429 588 119 214
1623	169 35 1254 1678
1624	1871 75 275 1593
1625	1889 1430 1958 1390
1626	1460 1544 91 974
1627	1064 1941 1966 514
1628	769 270 593 837
1629	403 1370 801 876
1630	642 681 814 1520
1631	1189 1262 764 1611
1632	170 1869 638 1770
1633	1548 1188 682 52
1634	116 847 1633 1786
1635	620 360 1555 1715
1636	1485 316 667 982
1637	886 1009 1372 432
1638	1618 1066 1721 69
1639	1976 1553 1586 672
1640	185 1438 1670 1977
1641	707 1184 1760 1469
1642	743 1732 2 677
1643	1789 1259 1766 1498
1644	170 1919 470 980
1645	1676 612 594 1365
1646	198 570 481 69
1647	373 1745 1274 383
1648	515 1523 1656 654
1649	669 750 744 794
1650	1471 480 463 446
1651	1207 1770 1570 708
1652	281 472 1070 918
1653	1102 816 1353 1849
1654	1813 916 1627 224
1655	1396 1852 1633 1531
1656	1855 98 570 526
1657	190 719 1045 1966
1658	912 442 1349 1230
1659	437 885 342 1238
1660	1435 456 1897 787
1661	534 1270 1691 531
1662	407 904 1880 1390
1663	1711 1358 1501 1226
1664	1766 1733 976 536
1665	621 472 1456 1404
1666	987 1054 810 835
1667	331 1929 7 1829
1668	1978 394 868 380
1669	1396 27 1445 1196
1670	1685 1267 548 916
1671	812 513 1594 1418
1672	1119 1475 1380 1463
1673	1267 212 1603 36
1674	1970 797 1017 1741
1675	1852 1340 378 463
1676	1450 701 1609 766
1677	136 719 1782 1683
1678	555 1526 1820 1358
1679	329 1565 886 1302
1680	554 1257 1960 909
1681	1189 1822 270 1365
1682	1165 421 1400 756
1683	241 103 673 1269
1684	1661 1919 822 756
1685	1926 259 120 239
1686	883 666 662 263
1687	349 255 67 1354
1688	61 1802 1612 1604
1689	472 648 87 1915
1690	1224 1941 987 1352
1691	769 257 129 1056
1692	1990 1418 375 245
1693	1651 1811 1506 933
1694	560 830 1087 405
1695	1287 339 400 589
1696	873 300 628 692
1697	1846 1840 917 1614
1698	1024 833 1650 1473
1699	637 1392 487 117
1700	309 1901 669 859
1701	140 270 766 211
1702	1543 1962 1216 1573
1703	511 859 87 167
1704	1673 1000 1005 980
1705	1762 211 1005 1760
1706	1112 385 1230 555
1707	561 1936 487 1892
1708	729 1337 142 1064
1709	327 1773 901 1546
1710	960 1118 720 88
1711	1143 695 1140 353
1712	127 1716 1390 1166
1713	1902 658 886 1610
1714	725 1211 1544 789
1715	1060 230 1367 471
1716	1169 1289 1905 765
1717	371 256 753 1193
1718	289 1438 1647 1050
1719	74 1416 1764 1827
1720	736 1250 1656 48
1721	148 103 1044 552
1722	1379 933 279 1596
1723	431 398 379 962
1724	1741 675 506 373
1725	711 49 917 43
1726	1604 1784 1624 305
1727	164 1406 1242 349
1728	8 723 113 1709
1729	1985 1987 340 893
1730	23 1027 1763 343
1731	1430 1993 1298 1700
1732	954 1931 1836 1350
1733	75 1505 919 583
1734	1898 44 453 1141
1735	1638 299 333 1769
1736	1949 1828 350 670
1737	1356 292 183 237
1738	770 1828 1624 268
1739	1634 449 951 1315
1740	748 594 1160 1235
1741	1430 675 647 1953
1742	466 1092 1081 714
1743	1680 681 176 396
1744	876 992 710 33
1745	1958 111 1474 472
1746	199 706 326 652
1747	514 1306 751 1646
1748	1338 1295 284 141
1749	873 17 1048 108
1750	369 425 1958 1195
1751	1221 99 701 1713
1752	552 449 1396 1588
1753	1985 1752 1298 356
1754	1218 402 597 199
1755	193 1234 234 1510
1756	879 1169 855 1731
1757	478 1146 1068 79
1758	958 448 1773 647
1759	1923 348 1547 448
1760	635 1236 215 907
1761	1320 1382 377 704
1762	508 526 1729 654
1763	900 846 1610 321
1764	962 1677 792 1673
1765	78 623 1867 1334
1766	479 442 1580 630
1767	356 1052 494 992
1768	1456 1095 1950 407
1769	164 1210 280 1181
1770	532 1228 1771 1644
1771	125 293 320 561
1772	916 1845 851 565
1773	998 1785 1275 1251
1774	1742 1178 1297 1527
1775	375 535 393 1169
1776	110 296 365 1390
1777	119 211 1394 1686
1778	1113 20 595 1746
1779	464 656 596 103
1780	1938 1913 327 343
1781	731 1608 1523 1675
1782	1858 1204 1598 603
1783	686 974 1611 366
1784	870 364 1849 67
1785	710 387 644 1351
1786	1589 772 853 779
1787	1160 119 1037 1384
1788	46 403 876 1162
1789	1562 1614 1216 1592
1790	1052 1799 181 1785
1791	615 852 982 1000
1792	923 732 1681 553
1793	357 1567 1986 132
1794	528 1872 1810 328
1795	342 1942 1188 433
1796	845 1595 1489 1758
1797	134 1822 575 901
1798	1544 1586 1422 172
1799	1061 1690 267 351
1800	425 299 1941 1832
1801	789 1746 639 6
1802	22 540 1070 1489
1803	959 1212 123 745
1804	1119 423 1578 278
1805	959 722 931 276
1806	1500 1804 407 273
1807	1661 75 1116 1736
1808	1873 908 44 1714
1809	1902 1967 93 766
1810	1552 322 1169 843
1811	1403 1390 48 1013
1812	237 1782 1212 595
1813	881 307 1480 151
1814	1053 1259 356 965
1815	1133 1969 1546 39
1816	1805 1732 913 757
1817	69 735 860 1422
1818	411 731 67 1657
1819	1838 1641 1897 1707
1820	392 1248 1479 1097
1821	1474 1131 289 1785
1822	1396 1925 421 185
1823	1823 322 922 596
1824	1811 1580 1781 1165
1825	890 975 1994 200
1826	1714 65 515 1314
1827	1215 1963 1947 1505
1828	642 215 1974 951
1829	394 412 574 1443
1830	1942 215 871 343
1831	1449 953 448 420
1832	1871 116 625 1673
1833	1385 528 360 144
1834	968 384 1301 1961
1835	1988 1093 436 578
1836	1787 443 434 843
1837	674 172 1220 672
1838	560 918 657 1467
1839	1038 1740 160 795
1840	1013 986 1239 1397
1841	640 1189 668 1321
1842	212 1651 1388 1393
1843	1521 214 1187 1724
1844	1061 1026 1495 1197
1845	957 414 567 1681
1846	1875 793 367 1068
1847	53 87 1438 203
1848	288 1869 1934 1667
1849	1891 1274 1261 624
1850	733 34 1928 1159
1851	1194 1438 1247 357
1852	1641 763 1585 873
1853	1690 347 455 819
1854	639 834 1552 1737
1855	1725 1685 14 619
1856	1066 432 871 833
1857	1059 741 659 179
1858	1348 1383 1161 895
1859	205 91 1524 340
1860	1979 955 950 1333
1861	245 635 1521 1163
1862	1182 199 1447 1468
1863	1575 1557 496 142
1864	1655 1208 1030 1054
1865	723 1836 1866 1353
1866	1258 856 1199 1884
1867	1060 1779 1442 682
1868	1956 1610 1814 1291
1869	1 1703 761 1198
1870	1917 796 64 1701
1871	128 401 1396 994
1872	1237 381 1810 54
1873	549 290 1431 1365
1874	472 1723 1687 843
1875	1767 1244 593 72
1876	855 61 1668 838
1877	360 1064 342 599
1878	1930 1541 678 104
1879	831 1214 1664 1854
1880	128 1489 262 861
1881	1153 41 269 1497
1882	800 321 1353 934
1883	1722 11 410 277
1884	154 1001 698 43
1885	716 699 678 128
1886	632 1273 687 1067
1887	158 1208 1739 1559
1888	1354 1040 955 526
1889	417 514 1235 1904
1890	419 187 437 1007
1891	290 1828 832 1385
1892	135 933 340 1028
1893	1364 1472 762 612
1894	1485 1343 1863 935
1895	917 13 96 1144
1896	549 1043 1472 805
1897	1249 1419 466 32
1898	1008 343 1007 62
1899	1078 880 993 1900
1900	1326 29 1969 525
1901	359 1577 755 41
1902	794 856 975 961
1903	1745 1175 305 1241
1904	1179 1449 546 1834
1905	1784 106 1467 1632
1906	450 750 150 1945
1907	912 1815 905 691
1908	1747 408 723 1906
1909	1313 37 1831 1752
1910	576 1582 1807 987
1911	1806 1936 1606 1827
1912	74 1513 1821 1768
1913	1036 449 969 1377
1914	113 1929 1053 1266
1915	500 535 1159 1789
1916	989 1826 1461 1687
1917	1149 228 285 733
1918	492 1533 1551 848
1919	1677 309 1975 1324
1920	291 1066 249 1405
1921	991 269 1532 85
1922	1691 1740 966 1546
1923	1798 798 1627 1042
1924	105 1779 1846 1517
1925	788 457 896 1006
1926	1858 203 584 512
1927	1440 434 717 49
1928	296 698 121 780
1929	149 303 1915 1532
1930	620 332 1045 585
1931	1063 1589 176 1612
1932	330 1024 1573 634
1933	1788 564 545 1131
1934	715 467 632 1938
1935	953 1233 1552 1021
1936	458 1860 1730 739
1937	1508 1707 201 1884
1938	1070 247 1077 68
1939	609 297 386 1330
1940	1611 1510 715 1803
1941	1929 1574 1095 804
1942	980 152 308 1663
1943	1331 1348 1213 1111
1944	1877 1882 1666 493
1945	1995 1094 678 710
1946	1494 700 95 385
1947	257 672 1283 908
1948	1965 1722 219 1730
1949	739 1385 527 1551
1950	661 267 1043 1114
1951	620 1369 559 1550
1952	516 895 1742 138
1953	343 122 1479 617
1954	1761 1015 1866 1684
1955	1475 569 69 1984
1956	656 448 1517 952
1957	1970 1491 1336 535
1958	147 898 395 1653
1959	655 351 1182 788
1960	1672 1680 1560 1164
1961	410 611 1980 471
1962	850 227 267 152
1963	1217 490 870 42
1964	189 1946 285 203
1965	14 1750 1180 455
1966	1559 1767 1736 1339
1967	128 1619 537 702
1968	1746 1418 1699 1932
1969	949 206 958 1228
1970	119 1849 1547 516
1971	461 1908 484 1165
1972	126 1537 1325 257
1973	1270 190 791 551
1974	184 458 1334 425
1975	843 869 569 1157
1976	355 369 548 1131
1977	817 1573 502 1361
1978	1144 801 465 1781
1979	434 382 145 1648
1980	1726 610 1584 248
1981	1452 846 141 1712
1982	973 1300 1805 576
1983	169 1546 848 1917
1984	1749 449 1760 210
1985	634 139 686 897
1986	1124 1509 1314 1182
1987	1542 460 286 1465
1988	399 32 305 1465
1989	1846 653 1873 680
1990	1105 1923 955 816
1991	685 523 1223 913
1992	551 733 1347 1791
1993	1885 1367 1997 1043
1994	863 158 829 1372
1995	1985 1374 1314 577
1996	983 984 1310 1629
1997	1508 356 976 361
1998	1627 472 1006 1201
1999	25 1058 967 1853
2000	825 866 1406 1049
2001	467 576 524 428
2002	317 118 1977 1834
2003	1075 522 1397 1105
2004	846 206 419 635
2005	410 480 1733 1235
2006	1169 486 1196 1222
2007	1917 52 1447 195
2008	1455 1394 1475 1080
2009	1685 294 900 933
2010	712 1530 1628 1516
2011	247 1739 249 343
2012	1800 654 996 784
2013	532 1327 913 868
2014	713 441 774 1926
2015	1414 586 1286 461
2016	851 1997 525 1238
2017	1688 151 9 132
2018	238 56 1110 1700
2019	764 1355 1934 1632
2020	1841 572 633 485
2021	1897 11 236 523
2022	452 962 1369 770
2023	1325 751 1047 1908
2024	1967 653 582 1451
2025	352 314 440 1333
2026	304 1795 648 88
2027	1119 1049 1666 74
2028	1706 1984 1964 430
2029	553 1543 1080 1883
2030	1706 689 1743 204
2031	836 1769 411 1553
2032	653 703 986 1512
2033	614 1460 713 214
2034	1371 1363 687 1124
2035	1134 486 1630 114
2036	1254 1588 617 1253
2037	1501 941 457 856
2038	911 1818 1930 975
2039	1333 399 879 1544
2040	313 831 278 352
2041	1240 288 1250 1071
2042	1351 131 1092 1536
2043	1747 739 798 1955
2044	665 1080 1286 1661
2045	1565 1391 1241 1505
2046	681 298 1757 1157
2047	416 634 962 1882
2048	1890 969 724 279
2049	50 1566 1109 1656
2050	1579 1638 1234 109
2051	1504 1516 1761 1840
2052	1458 1874 955 45
2053	1209 1440 1658 1060
2054	941 1697 744 1913
2055	1106 1691 899 1504
2056	175 1101 466 1206
2057	580 1725 480 1629
2058	1353 1160 1965 678
2059	738 1156 1567 1177
2060	333 1253 234 560
2061	304 231 1031 1040
2062	1126 1728 394 982
2063	1254 1279 1869 706
2064	1426 1993 315 1846
2065	1195 984 1927 1600
2066	45 444 463 1356
2067	452 429 1566 1516
2068	829 923 1847 691
2069	831 1776 782 1483
2070	450 443 1856 886
2071	139 1171 714 1923
2072	1318 829 169 888
2073	1643 1022 1406 1782
2074	1785 607 972 984
2075	887 1119 1261 385
2076	1807 984 1239 1293
2077	1538 1266 1695 1260
2078	1255 1089 1981 873
2079	1266 52 1174 1864
2080	206 769 63 1149
2081	53 1181 19 1237
2082	1711 201 417 1807
2083	792 396 1172 964
2084	1750 316 318 100
2085	1537 428 435 1510
2086	415 626 754 1583
2087	357 664 625 1990
2088	714 1412 862 1703
2089	1390 214 1545 732
2090	791 1440 1907 1376
2091	392 1977 1703 624
2092	1880 381 1341 1721
2093	1848 910 323 1162
2094	1825 917 1112 1436
2095	1535 236 1328 351
2096	638 1181 1574 983
2097	337 569 718 190
2098	218 1592 1116 683
2099	1041 1080 1019 1314
2100	1109 1433 1917 1107
2101	1888 712 1373 1567
2102	951 1569 142 1753
2103	710 1205 1183 1770
2104	174 616 304 1867
2105	1638 213 1264 1743
2106	370 532 550 1513
2107	580 162 931 789
2108	1789 148 153 1497
2109	1908 656 584 1229
2110	451 1452 665 1602
2111	1152 1226 991 1383
2112	466 1586 1839 1730
2113	879 996 700 1396
2114	1345 1462 695 29
2115	1388 447 1785 1708
2116	1305 1665 928 1836
2117	369 1892 1490 1635
2118	1873 1871 202 1367
2119	267 1472 1231 526
2120	470 1412 863 483
2121	715 553 889 275
2122	65 1799 1053 1583
2123	125 249 1366 1567
2124	470 1044 305 675
2125	1272 1448 1967 1190
2126	415 411 320 47
2127	563 217 1331 1976
2128	1147 904 1812 1583
2129	1542 744 1349 495
2130	949 1218 50 1751
2131	171 1072 805 494
2132	1750 1132 1070 1545
2133	424 809 1303 255
2134	1763 435 1366 1283
2135	1814 719 459 1544
2136	1966 1316 350 1021
2137	1617 1637 323 618
2138	1156 1863 839 596
2139	1766 512 491 1890
2140	308 1849 407 808
2141	1657 549 1515 280
2142	1989 1263 1577 1106
2143	1418 381 819 1017
2144	732 1207 1493 1284
2145	1621 23 610 1713
2146	1403 1727 1977 1160
2147	840 941 1000 923
2148	866 1888 706 984
2149	1987 1991 1937 45
2150	1532 1993 1582 416
2151	1949 207 449 1454
2152	1739 226 1349 1297
2153	668 1478 1149 1028
2154	1345 191 1991 1175
2155	1535 980 21 1877
2156	1390 1823 502 556
2157	723 910 58 1999
2158	240 6 1274 1189
2159	910 1548 534 1833
2160	1236 804 1506 1341
2161	757 960 1361 246
2162	536 723 819 1011
2163	1433 763 298 1346
2164	593 1641 548 1249
2165	1516 277 1615 1702
2166	487 1127 80 1402
2167	1675 1133 223 49
2168	1215 761 1044 1948
2169	677 945 1250 1362
2170	1950 1753 1145 843
2171	470 1992 1577 287
2172	258 1674 20 1788
2173	359 1038 955 1369
2174	1353 443 1601 1697
2175	628 1391 1957 1266
2176	523 1831 1180 1767
2177	344 101 264 1146
2178	1076 700 605 47
2179	547 1774 1558 1914
2180	1387 1962 1858 1133
2181	527 1935 641 516
2182	891 801 1642 761
2183	1500 1065 297 613
2184	288 1097 1552 1416
2185	598 1507 1911 1214
2186	1590 170 1884 1820
2187	840 1257 862 460
2188	1159 1015 233 185
2189	1467 1366 1328 702
2190	1440 1955 622 439
2191	1897 1108 1272 1244
2192	675 339 1127 302
2193	1435 1400 1133 704
2194	584 1317 1694 35
2195	1804 44 996 1772
2196	1723 999 1157 979
2197	627 282 888 1380
2198	1033 1384 1369 1569
2199	1030 874 1223 738
2200	1950 304 752 1422
2201	1687 1475 1438 545
2202	378 1364 1630 1309
2203	866 1408 335 772
2204	1797 332 1213 343
2205	1242 1124 1797 1849
2206	1856 1776 1293 1547
2207	1629 1598 165 856
2208	876 880 327 1142
2209	1152 1712 793 337
2210	1895 296 1917 1312
2211	826 1284 1106 758
2212	98 691 1431 1038
2213	1047 1802 1783 299
2214	789 172 1948 619
2215	1065 161 644 1650
2216	1419 189 1618 946
2217	160 749 1267 823
2218	609 1708 1034 290
2219	1939 60 382 1572
2220	1587 1443 1284 1378
2221	957 1706 719 969
2222	1013 1773 973 1893
2223	662 148 1120 920
2224	784 1597 1701 171
2225	1594 791 1443 972
2226	61 825 221 824
2227	705 151 84 1600
2228	1533 478 1830 319
2229	674 765 794 397
2230	1687 1418 89 197
2231	1194 839 28 1763
2232	1629 42 707 350
2233	61 574 654 1949
2234	678 1873 810 343
2235	366 991 640 404
2236	465 976 1030 249
2237	538 921 1782 697
2238	1716 1450 3 612
2239	1615 1224 1059 409
2240	1810 198 686 1245
2241	1784 1513 1929 1786
2242	1455 810 667 1971
2243	59 1755 612 572
2244	1517 1880 1941 586
2245	347 418 433 1473
2246	854 1443 1709 1902
2247	1336 772 332 29
2248	1410 1170 139 369
2249	719 1387 1921 1126
2250	3 1439 1772 1474
2251	75 1928 1126 1838
2252	1273 1484 263 1895
2253	1450 938 1335 879
2254	1057 1453 1476 1216
2255	103 457 1270 494
2256	107 1371 1629 883
2257	222 1033 310 1367
2258	504 1789 1125 1067
2259	1481 1993 894 786
2260	1392 184 991 1084
2261	249 1664 1805 1172
2262	720 72 1424 138
2263	1980 643 1616 1872
2264	1566 233 870 263
2265	851 197 413 116
2266	1312 1434 1232 561
2267	1086 1407 2 945
2268	1463 1622 374 1102
2269	1544 753 256 1031
2270	1203 1670 897 177
2271	1147 500 2000 1385
2272	928 456 311 1987
2273	1514 1484 878 1134
2274	953 303 220 1316
2275	756 1647 26 778
2276	1329 1628 874 1225
2277	817 43 61 656
2278	1286 1013 565 1440
2279	1976 935 860 677
2280	1216 1872 703 671
2281	149 71 965 838
2282	291 1362 1181 1890
2283	1507 1268 1007 496
2284	821 1276 591 1288
2285	563 24 1516 1940
2286	293 270 255 1510
2287	398 26 714 414
2288	1654 1957 1644 1646
2289	948 170 446 390
2290	1852 186 1740 393
2291	1399 1966 270 679
2292	1910 1088 169 859
2293	1657 52 911 708
2294	878 1398 1508 1515
2295	1566 1964 785 1190
2296	902 1971 92 1983
2297	1115 1261 1090 339
2298	1327 418 846 520
2299	210 648 97 1733
2300	275 1360 180 364
2301	760 832 1692 25
2302	473 914 1858 391
2303	799 504 972 1771
2304	199 1723 1868 1964
2305	174 1071 762 848
2306	216 98 1794 296
2307	1906 518 1260 1154
2308	1281 1631 1980 1155
2309	761 158 735 1583
2310	405 48 1847 342
2311	817 1926 180 1642
2312	1428 1986 1121 1998
2313	802 318 1115 484
2314	662 1887 473 505
2315	1890 155 1389 1620
2316	1370 273 1047 1519
2317	1267 907 719 147
2318	1672 1278 1751 497
2319	270 497 1997 887
2320	1090 1527 781 1977
2321	210 1891 575 1426
2322	169 1840 1818 57
2323	1618 1206 903 1871
2324	1224 1790 1641 120
2325	291 1594 78 384
2326	247 1055 1760 548
2327	1449 722 380 1195
2328	1779 983 85 1060
2329	1701 815 147 42
2330	33 1621 1617 619
2331	543 1607 594 221
2332	850 842 502 964
2333	1372 160 926 1874
2334	68 1629 1856 1888
2335	459 749 1305 63
2336	147 467 49 926
2337	1510 100 424 130
2338	1143 236 1515 1731
2339	1254 589 662 1601
2340	1937 1818 1733 1845
2341	1825 738 1091 464
2342	1004 1654 1572 1765
2343	639 298 988 44
2344	941 1957 1836 1281
2345	1889 546 1900 870
2346	1489 1955 565 1903
2347	1884 1037 816 1982
2348	1821 563 1405 1851
2349	973 1956 556 1900
2350	538 1255 1192 572
2351	34 498 59 1146
2352	948 520 791 1044
2353	1159 245 981 1646
2354	19 277 1176 203
2355	502 357 1706 1596
2356	1649 1867 770 790
2357	65 617 1689 1452
2358	821 877 133 1593
2359	628 828 1921 1586
2360	629 1891 229 1642
2361	1993 885 1201 851
2362	1155 535 714 1242
2363	1245 966 926 1806
2364	1766 660 947 912
2365	821 1691 1118 676
2366	507 1374 769 260
2367	1856 1896 1553 247
2368	1960 1782 463 631
2369	468 656 1 1857
2370	195 733 1800 1957
2371	1461 624 852 403
2372	251 682 548 1664
2373	1235 1390 1672 1840
2374	1965 837 1453 1704
2375	1626 588 625 49
2376	1892 1173 1284 846
2377	865 760 86 1147
2378	588 1604 309 1180
2379	859 1631 1291 309
2380	1567 1634 1258 488
2381	1626 353 1396 1014
2382	879 1134 1737 1593
2383	1849 548 1936 1244
2384	458 563 884 93
2385	1235 519 348 1615
2386	108 897 58 991
2387	1667 1865 1958 698
2388	356 1800 351 656
2389	1962 1935 636 827
2390	1230 1192 785 1254
2391	1470 1030 171 1610
2392	501 217 221 375
2393	714 87 1357 26
2394	894 887 1194 869
2395	798 672 1762 1531
2396	1364 1148 1161 1145
2397	1430 589 190 1884
2398	658 1994 1981 97
2399	22 1085 1979 572
2400	44 1372 1839 1668
2401	1605 1761 432 1642
2402	381 119 1271 1624
2403	1024 617 1927 503
2404	498 1908 486 1551
2405	1266 1360 1537 1848
2406	1209 310 730 669
2407	109 374 232 283
2408	1436 119 1224 1212
2409	901 1271 1013 119
2410	372 33 122 153
2411	72 1921 1403 13
2412	1625 1953 1043 1849
2413	1469 130 1190 465
2414	149 462 863 1773
2415	1738 451 312 224
2416	149 1990 1422 433
2417	1439 1155 1929 1462
2418	1852 877 1800 1223
2419	1671 1211 896 840
2420	1692 314 352 1043
2421	1011 760 597 58
2422	939 1823 1784 1956
2423	98 1427 9 944
2424	1727 1074 1151 110
2425	998 728 1539 1148
2426	1610 30 1968 698
2427	1606 1836 706 1038
2428	353 1694 1805 806
2429	1744 1993 1048 560
2430	1438 66 1732 1681
2431	1405 1999 1775 491
2432	1986 283 1741 141
2433	617 1342 1634 1765
2434	191 402 899 1669
2435	777 806 227 1381
2436	1191 786 395 1052
2437	984 677 1554 1766
2438	367 1636 1862 334
2439	1916 25 1995 409
2440	1439 1857 421 344
2441	64 967 92 90
2442	1501 1150 1712 1072
2443	793 1311 536 1086
2444	88 1985 888 1769
2445	1604 1515 1559 1353
2446	767 949 972 1813
2447	1231 1523 1594 904
2448	1366 1853 327 85
2449	1761 1686 1488 319
2450	913 1930 40 1904
2451	1832 1761 829 658
2452	1656 1474 1973 402
2453	1130 716 1009 922
2454	1091 369 942 1630
2455	1949 1991 1548 1641
2456	1864 73 46 1653
2457	310 1747 1869 1176
2458	587 843 491 1451
2459	1338 1640 265 885
2460	159 1252 448 1485
2461	942 708 1083 428
2462	17 380 1464 516
2463	673 1051 311 1168
2464	880 438 1693 412
2465	615 1188 690 1904
2466	1022 1078 891 528
2467	584 1179 229 952
2468	1896 107 450 1539
2469	572 925 588 1983
2470	1986 949 1057 1537
2471	1371 1405 164 1980
2472	1206 816 536 685
2473	1610 41 922 146
2474	1839 1256 1327 719
2475	79 1857 5 697
2476	71 533 714 219
2477	110 1669 1017 56
2478	470 1092 1379 1718
2479	79 1121 1465 213
2480	464 1282 1153 423
2481	589 92 311 698
2482	784 461 970 628
2483	827 715 865 1993
2484	1135 600 885 729
2485	1707 34 1277 1040
2486	1965 1625 1814 1170
2487	1967 230 1821 968
2488	1063 1833 1135 1610
2489	1133 1226 814 150
2490	1956 966 1689 143
2491	439 1491 1572 270
2492	1606 1757 1854 487
2493	1181 903 1071 1215
2494	1714 122 1364 729
2495	1752 652 1176 276
2496	1126 546 1320 1437
2497	1644 1329 1192 415
2498	273 1665 1458 1698
2499	1098 1581 297 1165
2500	367 1591 1148 1049
2501	724 20 1953 87
2502	150 1061 820 1107
2503	457 437 1808 683
2504	1406 1177 1573 1232
2505	1478 771 1767 132
2506	1148 1189 547 1551
2507	370 1813 1948 1302
2508	1433 527 345 296
2509	1708 129 1041 108
2510	1070 163 224 538
2511	1531 1326 240 1481
2512	1169 1215 1099 145
2513	1678 452 347 955
2514	409 1720 1504 64
2515	1875 47 1918 213
2516	207 1472 1540 1871
2517	604 1177 400 1788
2518	536 1935 619 1946
2519	1314 637 70 563
2520	57 1369 303 598
2521	1311 425 310 1727
2522	1431 507 1927 1998
2523	800 1592 1242 385
2524	202 1407 1841 880
2525	984 1600 1084 1178
2526	1499 1401 1096 611
2527	858 463 711 917
2528	928 1509 1181 480
2529	408 81 1859 1537
2530	503 68 1027 1808
2531	1274 1444 170 445
2532	1245 1923 912 847
2533	640 1670 843 745
2534	1156 1033 119 1348
2535	92 1202 1044 744
2536	669 51 1253 1114
2537	498 911 1433 653
2538	1418 91 972 948
2539	582 1346 1156 470
2540	156 1702 546 932
2541	799 1916 496 626
2542	23 1871 143 190
2543	1350 397 990 219
2544	1991 1785 37 1971
2545	1755 837 286 349
2546	292 33 30 189
2547	1245 665 256 439
2548	902 1945 1286 398
2549	438 1610 1968 1265
2550	1749 1846 525 1586
2551	1241 1898 1994 1882
2552	1199 1150 1061 1151
2553	1737 1110 1234 604
2554	1608 1413 495 1940
2555	1939 93 1946 813
2556	1230 1743 1078 1345
2557	705 336 987 433
2558	640 294 1722 95
2559	1874 353 1417 1651
2560	933 1953 413 611
2561	731 784 558 689
2562	485 795 401 1575
2563	273 1166 351 247
2564	779 394 969 698
2565	434 1612 1451 1629
2566	1925 1664 1774 1599
2567	436 5 1854 1489
2568	894 534 828 1161
2569	699 1754 75 1641
2570	179 475 34 771
2571	414 605 1886 1438
2572	1657 1668 841 448
2573	1772 1597 454 871
2574	1739 1428 79 1018
2575	119 826 353 682
2576	1541 1378 322 211
2577	824 1369 377 1606
2578	1803 1856 221 1855
2579	569 472 317 103
2580	513 1013 180 1161
2581	899 1861 980 857
2582	1833 1174 1460 1534
2583	1398 951 561 762
2584	1765 169 355 1283
2585	659 1615 225 1085
2586	1279 526 1416 159
2587	1314 1157 1229 89
2588	1069 708 894 1738
2589	850 1225 1258 1524
2590	16 1910 1519 325
2591	666 456 772 1066
2592	1544 1292 541 269
2593	1879 1862 1118 1042
2594	517 18 572 1374
2595	1775 173 915 1622
2596	134 1965 1162 430
2597	1448 1676 1783 1978
2598	1321 552 273 1802
2599	1212 1434 897 1912
2600	567 778 891 1460
2601	1631 193 16 912
2602	1816 1283 805 926
2603	662 1781 673 1682
2604	101 969 1321 122
2605	1326 1349 1001 809
2606	893 607 1095 1356
2607	1561 1407 1346 426
2608	1841 1699 602 325
2609	487 291 1233 1478
2610	495 844 843 348
2611	1155 429 1519 1512
2612	911 1869 803 859
2613	1056 1577 653 1795
2614	1611 62 1925 618
2615	154 1051 823 1991
2616	1274 1001 378 48
2617	1 907 491 1642
2618	749 653 1266 1668
2619	639 1017 320 265
2620	497 1713 1097 649
2621	384 1019 1797 1985
2622	1430 1455 1788 1218
2623	1389 1241 36 331
2624	230 787 1292 826
2625	866 888 144 71
2626	1735 638 536 795
2627	294 975 327 1775
2628	710 329 1760 1502
2629	560 1848 473 1158
2630	1456 1151 1585 58
2631	10 424 320 1229
2632	65 1048 1191 924
2633	667 784 555 733
2634	879 952 1816 928
2635	1533 1168 1141 1470
2636	1712 146 461 1749
2637	771 1018 52 1678
2638	1743 809 186 1091
2639	845 1298 177 877
2640	1637 832 1638 485
2641	248 22 649 1305
2642	1414 910 1573 954
2643	297 618 1075 413
2644	1851 970 70 1599
2645	1676 1598 1238 1723
2646	1815 45 807 605
2647	901 1828 726 1859
2648	796 864 387 1103
2649	1668 648 624 1476
2650	1142 1626 982 1871
2651	190 47 942 1471
2652	13 696 1780 968
2653	1046 1175 737 897
2654	920 1290 670 1022
2655	806 1569 1069 1767
2656	843 610 408 146
2657	765 643 1823 125
2658	1423 1347 1104 209
2659	1484 1240 250 632
2660	1452 971 1275 560
2661	502 331 1589 1229
2662	1009 1843 966 196
2663	604 318 572 1448
2664	979 784 444 846
2665	1323 1809 779 384
2666	1396 474 862 1460
2667	956 1230 819 434
2668	88 800 927 1204
2669	350 184 165 549
2670	1437 124 92 1226
2671	903 79 1061 1890
2672	1713 304 105 1141
2673	1832 1222 414 1584
2674	413 1287 810 517
2675	1591 302 803 549
2676	292 1098 1041 456
2677	1532 7 829 1256
2678	396 1114 1188 1773
2679	374 1355 1924 730
2680	264 689 510 273
2681	1862 1256 1412 1085
2682	1716 1364 1676 124
2683	1127 813 130 478
2684	1143 1186 1138 1446
2685	1659 1913 1262 1459
2686	73 1997 958 1884
2687	596 757 1142 1404
2688	926 909 1458 153
2689	1029 1184 747 985
2690	330 1687 713 327
2691	460 1844 360 1398
2692	159 235 273 1001
2693	166 1609 1453 1503
2694	532 993 780 1330
2695	1265 934 1217 1930
2696	1417 1668 145 471
2697	1566 1340 380 717
2698	184 458 824 1939
2699	894 658 1950 126
2700	1511 655 1393 7
2701	1548 224 1349 885
2702	1328 392 1109 1442
2703	741 1819 1028 313
2704	201 146 418 578
2705	1493 855 1121 523
2706	1462 1594 1483 1007
2707	1245 1990 1939 230
2708	1706 422 738 1041
2709	1717 204 175 545
2710	1840 775 164 465
2711	956 208 593 1599
2712	1793 174 1565 1110
2713	1395 1969 651 818
2714	1179 932 445 1296
2715	1796 148 1040 1261
2716	1753 1365 1277 260
2717	446 282 413 1541
2718	1337 1440 1906 1410
2719	1669 641 1748 1548
2720	1028 866 1650 386
2721	1794 1899 714 428
2722	1978 1117 1242 1767
2723	103 944 1158 1124
2724	802 383 1183 539
2725	923 510 1449 1110
2726	1771 14 307 1424
2727	1071 621 1742 1946
2728	1322 683 384 551
2729	129 1296 462 721
2730	166 195 1472 77
2731	1658 437 306 581
2732	261 617 353 879
2733	1401 373 1882 1109
2734	287 266 905 1660
2735	1751 1138 738 548
2736	1895 1958 531 483
2737	329 254 979 609
2738	1966 896 872 1079
2739	394 1499 1951 888
2740	1389 1563 1955 1062
2741	1956 960 1498 1839
2742	476 1114 652 655
2743	999 1528 238 659
2744	983 852 863 459
2745	1999 906 1959 1445
2746	994 1612 187 1331
2747	49 1204 1762 1557
2748	1365 1133 29 571
2749	1338 217 1904 256
2750	1334 1829 1046 226
2751	476 1639 1418 1339
2752	17 1762 1642 1571
2753	198 1577 1549 793
2754	1977 73 1822 610
2755	1378 33 781 1266
2756	833 658 116 765
2757	932 265 836 1559
2758	968 429 1554 855
2759	221 326 376 1247
2760	1784 1176 1652 912
2761	824 1511 358 86
2762	1680 720 1282 1443
2763	219 1904 1997 884
2764	1930 1842 1313 816
2765	1786 1119 1160 15
2766	276 328 1602 22
2767	1266 1293 1115 1564
2768	1970 1762 1508 595
2769	1178 631 1169 69
2770	766 413 1635 1410
2771	16 1351 1643 1779
2772	653 1069 1882 921
2773	483 1299 46 1791
2774	1858 1206 1514 1129
2775	1083 512 1859 240
2776	1149 32 15 642
2777	1133 1586 715 701
2778	1957 1412 813 1554
2779	1521 133 1437 467
2780	1165 764 89 292
2781	611 935 516 170
2782	780 1998 1543 1326
2783	810 529 1316 390
2784	40 1360 1173 690
2785	464 1913 1535 1339
2786	1032 647 1970 1641
2787	8 1818 250 500
2788	348 671 708 1455
2789	575 1562 1298 184
2790	937 1072 1973 349
2791	1657 898 622 352
2792	1921 661 12 851
2793	1797 439 1764 1790
2794	1873 1252 1026 519
2795	817 290 1727 730
2796	795 1693 1129 877
2797	1603 306 1062 354
2798	1891 1223 359 658
2799	108 1050 1213 1263
2800	102 594 826 13
2801	1877 1960 933 1974
2802	348 1514 1389 214
2803	162 506 1868 1760
2804	400 1855 87 539
2805	480 1174 1298 1746
2806	1439 1824 965 562
2807	1333 25 1468 83
2808	1453 819 1894 1837
2809	720 1229 1922 1220
2810	859 54 527 107
2811	1086 549 1858 1825
2812	1981 202 638 1599
2813	1366 1004 1594 752
2814	378 282 719 693
2815	1922 120 1980 1589
2816	367 1802 968 1343
2817	332 116 1797 1785
2818	1573 793 1551 959
2819	1227 118 33 156
2820	1847 1750 399 1163
2821	1671 1076 284 604
2822	468 1766 668 830
2823	942 1452 462 343
2824	181 151 511 1114
2825	1 932 528 1602
2826	1361 706 797 1786
2827	1409 414 1976 810
2828	312 467 41 1159
2829	1010 1395 1483 601
2830	580 240 1947 83
2831	310 433 1283 1645
2832	1033 497 1702 87
2833	1158 906 594 1253
2834	1423 1367 426 592
2835	51 452 1744 1982
2836	1150 1298 1045 308
2837	222 628 1513 79
2838	55 1770 1252 1416
2839	1491 1156 638 459
2840	1169 911 187 1956
2841	808 842 463 170
2842	608 1284 1023 1946
2843	399 777 1232 1798
2844	1001 226 1713 197
2845	1465 716 1694 97
2846	244 1133 821 1531
2847	1510 702 354 1308
2848	696 860 598 169
2849	535 931 966 1065
2850	1440 22 1213 414
2851	1578 1608 665 1575
2852	1719 1374 435 458
2853	375 1138 535 1852
2854	1253 706 1928 1103
2855	1292 1358 1323 160
2856	772 705 826 532
2857	71 723 1542 1576
2858	1825 1113 1275 845
2859	459 378 1230 1565
2860	665 146 1219 44
2861	1299 1850 299 820
2862	877 649 874 361
2863	1314 745 1573 1278
2864	1256 1735 1050 413
2865	440 275 1374 158
2866	1464 760 1770 505
2867	1355 1706 832 172
2868	1950 1405 472 1609
2869	601 1883 954 1628
2870	734 1376 498 1023
2871	1585 868 1969 54
2872	1788 1740 527 1543
2873	1670 1453 406 1180
2874	1958 1322 176 61
2875	531 770 1987 1648
2876	1613 1694 48 1987
2877	1030 602 503 645
2878	589 1311 188 1589
2879	942 1074 548 813
2880	1327 1125 1139 1428
2881	77 401 1240 262
2882	1604 600 532 423
2883	534 1099 854 1263
2884	1758 490 1540 1778
2885	167 636 701 1305
2886	1882 942 1403 974
2887	668 1923 485 603
2888	1123 561 695 353
2889	121 179 917 838
2890	1895 1900 1082 431
2891	1349 1780 386 952
2892	623 1505 849 1028
2893	1938 1469 1154 1157
2894	1441 155 1699 1502
2895	1426 981 696 1952
2896	145 1181 996 993
2897	1825 555 1586 936
2898	707 1890 940 401
2899	1369 1080 626 443
2900	1608 1017 1991 16
2901	197 693 797 1637
2902	395 1861 271 244
2903	521 1519 66 1607
2904	1945 302 1652 1626
2905	772 1969 1048 1198
2906	1185 1251 750 509
2907	1190 1475 1130 853
2908	232 251 1172 142
2909	1384 1925 1763 1571
2910	1286 915 1992 1720
2911	478 1130 321 248
2912	1975 1702 661 1943
2913	1670 661 184 1114
2914	1328 1109 362 1044
2915	1223 1103 525 1769
2916	52 786 127 1913
2917	1243 395 624 1402
2918	371 1316 968 934
2919	1937 1258 521 178
2920	342 1424 745 463
2921	487 1957 276 489
2922	1260 257 514 1501
2923	128 622 199 800
2924	514 12 1699 1038
2925	622 1187 24 1146
2926	120 704 599 1778
2927	1876 641 195 1993
2928	1018 126 444 550
2929	153 726 1193 1140
2930	1206 176 1518 1528
2931	1068 490 1123 609
2932	1759 1623 694 1613
2933	1340 1157 1690 1070
2934	912 1144 1778 146
2935	1675 106 1222 483
2936	965 964 30 838
2937	1997 1477 1810 1155
2938	828 1960 725 783
2939	1651 806 420 1366
2940	143 981 1420 1116
2941	1498 1828 101 924
2942	1195 1801 193 1335
2943	679 1641 1950 824
2944	25 1789 1411 1800
2945	740 1302 1317 1227
2946	256 402 295 485
2947	645 1386 1001 48
2948	503 1860 318 580
2949	1990 1899 962 1216
2950	273 286 468 942
2951	1086 1852 415 274
2952	280 47 1701 1796
2953	1813 1317 924 1728
2954	960 1097 1547 1575
2955	121 1848 123 1289
2956	1644 678 743 1349
2957	1896 1782 1030 1012
2958	302 926 36 884
2959	542 1108 1579 196
2960	98 633 834 1070
2961	1073 375 941 1901
2962	69 708 250 1172
2963	1771 1382 1499 1925
2964	1169 709 1302 170
2965	530 316 1924 175
2966	1651 260 475 1310
2967	920 397 1681 1517
2968	1285 95 1688 1913
2969	650 1142 547 381
2970	296 1034 1836 476
2971	678 866 199 674
2972	29 1291 477 142
2973	493 227 820 1876
2974	364 1145 1009 1747
2975	249 1253 1764 1599
2976	1666 1269 717 788
2977	1381 590 1845 330
2978	691 752 460 938
2979	75 1487 1535 1611
2980	250 1220 1421 1999
2981	561 437 489 466
2982	1676 368 371 556
2983	1558 1315 1175 567
2984	1205 1683 174 1023
2985	1421 374 1139 284
2986	176 1153 907 1261
2987	1522 1495 432 1583
2988	696 401 865 469
2989	1250 755 1066 1531
2990	823 774 9 1717
2991	1629 524 47 69
2992	666 706 941 1088
2993	2000 87 441 1679
2994	868 899 352 211
2995	1490 88 267 579
2996	1878 759 1119 702
2997	39 1955 543 1153
2998	133 891 1651 1928
2999	672 946 1755 1493
3000	1814 468 955 1422
3001	1362 404 199 89
3002	198 780 972 260
3003	1368 1425 192 33
3004	793 1405 181 1768
3005	1253 228 987 1361
3006	1411 1073 210 1032
3007	1907 1235 350 620
3008	147 1529 245 851
3009	1852 1105 258 1146
3010	815 1482 407 1037
3011	1879 1787 1931 85
3012	811 1062 942 225
3013	1621 1029 1491 778
3014	617 1140 1057 751
3015	63 724 1966 1733
3016	1182 307 1565 1561
3017	1180 982 48 159
3018	1276 1362 1081 1611
3019	910 850 1049 779
3020	1593 751 494 758
3021	486 1293 843 1465
3022	1825 540 628 755
3023	1792 151 1209 156
3024	1261 1265 1622 1646
3025	841 627 987 434
3026	530 1230 1361 584
3027	1756 111 1703 205
3028	52 1725 544 888
3029	1689 1049 926 959
3030	1475 4 1398 1044
3031	996 14 1517 254
3032	1917 860 1919 234
3033	702 1109 128 1280
3034	1191 1141 1578 1011
3035	782 1428 1869 597
3036	1356 1675 1922 752
3037	109 1401 1848 504
3038	1915 1718 196 1649
3039	67 1565 500 1871
3040	759 240 192 169
3041	756 1524 18 721
3042	594 190 1898 1141
3043	1494 711 42 1362
3044	964 184 199 952
3045	1874 1907 1791 483
3046	1229 1001 875 658
3047	42 1432 1256 211
3048	1911 1709 1445 1272
3049	1030 435 1790 1890
3050	652 324 1040 1969
3051	24 1732 420 68
3052	705 440 1398 1473
3053	1231 326 591 42
3054	359 486 336 1555
3055	673 878 665 168
3056	983 1942 1596 1178
3057	671 194 483 131
3058	1484 1150 851 622
3059	1037 1073 1552 365
3060	1894 209 813 679
3061	1083 1761 46 1907
3062	512 1822 900 892
3063	1412 685 1655 103
3064	1582 963 717 727
3065	1185 1145 1583 1792
3066	1852 762 1730 555
3067	1041 1209 1477 1861
3068	490 1067 1926 1367
3069	187 178 1946 1399
3070	1853 1863 32 1266
3071	303 681 448 59
3072	364 1881 878 941
3073	845 708 1797 1706
3074	1373 1565 1900 1569
3075	118 718 329 938
3076	1289 884 428 902
3077	23 1307 835 647
3078	498 385 419 629
3079	1798 893 1783 1431
3080	1621 375 1592 563
3081	1262 354 1047 380
3082	1524 120 1540 656
3083	1068 632 1423 1515
3084	160 575 340 418
3085	314 1928 494 990
3086	785 302 1399 909
3087	482 1334 1114 1074
3088	413 952 1865 1168
3089	1122 1452 699 1872
3090	442 1980 762 653
3091	966 1910 1819 757
3092	1316 97 1235 86
3093	227 542 1154 579
3094	1837 1384 738 958
3095	1710 1425 786 859
3096	1234 949 1843 846
3097	81 1004 1006 1360
3098	499 552 442 1726
3099	134 1056 1356 725
3100	629 717 1566 1462
3101	224 418 435 174
3102	1419 495 1762 817
3103	163 46 1185 1674
3104	1218 1298 1060 1454
3105	1832 266 792 1416
3106	1684 953 900 672
3107	1525 860 1170 979
3108	1981 525 1087 1893
3109	1583 33 1012 133
3110	80 1331 841 302
3111	1313 1226 1867 871
3112	886 1052 296 436
3113	1333 1247 354 1967
3114	1759 1877 1434 1037
3115	1523 1275 687 1120
3116	1652 215 1383 4
3117	582 1883 6 1600
3118	580 667 221 910
3119	808 455 1664 157
3120	1432 666 22 218
3121	1193 92 588 953
3122	212 478 1708 1060
3123	1160 1430 86 279
3124	1750 120 1500 1247
3125	351 687 1101 887
3126	1617 113 1213 45
3127	765 646 764 929
3128	1546 1029 462 171
3129	235 347 1351 686
3130	998 1249 1985 433
3131	738 1773 1249 553
3132	1684 1499 1677 528
3133	1380 1967 394 51
3134	831 377 727 568
3135	1981 709 1768 61
3136	776 1272 248 142
3137	1207 1112 41 895
3138	1065 1914 1217 885
3139	876 1343 179 1382
3140	665 1096 174 897
3141	1697 16 960 666
3142	106 1036 164 660
3143	1056 1775 727 1128
3144	431 309 676 560
3145	676 1068 1410 1477
3146	1676 1331 1985 1581
3147	963 1183 1898 1878
3148	258 1940 209 1314
3149	1711 242 1157 1791
3150	157 815 1654 1013
3151	1433 43 1151 81
3152	1025 1162 566 110
3153	65 1395 1597 1929
3154	1513 400 1289 350
3155	28 881 824 94
3156	1965 1417 1993 484
3157	713 904 1643 1135
3158	1405 1375 649 335
3159	1346 1267 1998 361
3160	1252 1021 726 1973
3161	873 567 1393 491
3162	577 975 192 1722
3163	1026 1241 1617 238
3164	851 1588 867 1756
3165	48 1223 135 410
3166	145 1604 1869 180
3167	1690 1865 637 470
3168	1508 75 1011 1648
3169	1044 35 1729 1977
3170	1867 1788 1314 797
3171	1533 95 1512 838
3172	206 778 540 103
3173	1945 879 883 1894
3174	1002 1423 1593 97
3175	799 1675 1789 973
3176	952 100 992 1329
3177	1514 1787 395 1295
3178	1863 386 1179 1925
3179	1862 240 1118 846
3180	250 1408 430 167
3181	1016 1889 1872 1170
3182	670 94 1310 99
3183	1142 1331 1446 1953
3184	1099 1799 1216 1865
3185	1910 796 979 1676
3186	783 62 409 1210
3187	1585 510 703 688
3188	1876 1098 105 370
3189	1417 1873 758 1078
3190	1950 40 1712 1447
3191	928 1278 761 1916
3192	959 1905 79 1283
3193	417 1349 1041 588
3194	1637 806 778 1836
3195	1477 984 948 1266
3196	428 18 1828 103
3197	670 1697 523 1851
3198	1070 1167 50 768
3199	1631 1424 923 1130
3200	712 1039 1293 888
3201	816 255 503 346
3202	1070 1260 112 1211
3203	1868 1325 1182 1897
3204	522 1502 197 982
3205	1157 499 1859 450
3206	1296 702 1832 478
3207	426 413 1 416
3208	923 1326 955 1923
3209	1673 1945 1276 425
3210	991 680 35 933
3211	410 1248 92 201
3212	906 921 1898 1173
3213	268 1103 1279 95
3214	1833 1531 1876 534
3215	538 1541 768 386
3216	295 771 1220 1808
3217	705 443 1106 457
3218	1995 1903 1582 572
3219	266 126 1909 936
3220	358 1808 550 1788
3221	223 810 1955 993
3222	1013 49 1717 507
3223	509 303 503 122
3224	962 1394 1579 950
3225	1300 1232 652 936
3226	1569 332 1648 278
3227	1696 728 1073 773
3228	1626 246 1651 354
3229	548 576 279 1254
3230	776 519 360 967
3231	1372 566 1763 302
3232	324 112 726 1114
3233	208 1990 787 605
3234	92 1916 1298 1206
3235	79 85 374 24
3236	397 514 635 348
3237	227 1571 1158 1013
3238	1434 934 1389 1201
3239	749 388 1144 1771
3240	410 1397 42 375
3241	1393 1222 1126 1549
3242	1621 1144 922 765
3243	1328 497 1562 307
3244	320 984 1022 1805
3245	504 120 1025 736
3246	1728 1391 1427 238
3247	855 454 1001 559
3248	1797 674 1672 1634
3249	1047 1764 780 978
3250	467 50 1250 1678
3251	1735 1666 1451 1163
3252	1058 1285 1671 1998
3253	1362 27 1590 731
3254	1178 1972 948 204
3255	1417 158 1163 341
3256	1054 1488 201 1705
3257	773 176 343 707
3258	560 1220 1210 1876
3259	1220 963 476 614
3260	379 1720 138 1182
3261	657 1286 1301 848
3262	1711 1131 434 994
3263	513 310 1613 1348
3264	731 1427 941 1975
3265	1930 1016 93 1331
3266	605 1809 1643 200
3267	1001 832 751 669
3268	1294 1938 1132 418
3269	925 168 1549 1377
3270	1590 896 1263 318
3271	1478 1144 715 885
3272	1797 1809 1631 140
3273	996 1432 94 21
3274	1568 1866 931 673
3275	322 583 773 1222
3276	1873 1075 454 838
3277	1695 586 142 622
3278	745 1735 739 765
3279	967 999 1280 1150
3280	64 1818 462 960
3281	23 548 1455 677
3282	1874 90 138 1701
3283	1751 477 206 1928
3284	1759 693 345 1498
3285	176 788 1664 574
3286	961 856 128 1422
3287	485 1832 339 44
3288	1157 223 1721 119
3289	1299 1349 1412 772
3290	687 843 333 1511
3291	1607 419 1162 1432
3292	115 1214 456 53
3293	1971 1265 1412 60
3294	760 707 1506 71
3295	1557 1792 586 859
3296	1881 1579 528 1230
3297	329 145 346 1024
3298	1311 12 921 1995
3299	1774 323 1166 337
3300	1068 879 707 303
3301	617 1504 1480 1118
3302	1416 1318 234 1599
3303	1387 1352 1038 1646
3304	201 1612 1422 908
3305	1412 1293 1978 163
3306	866 363 657 1667
3307	1831 1520 783 1191
3308	510 497 1278 1667
3309	578 1298 772 1026
3310	583 1242 1199 1655
3311	1907 53 68 1027
3312	1377 905 715 890
3313	14 675 75 1561
3314	1331 1996 729 254
3315	1587 480 432 356
3316	1361 67 778 1419
3317	1696 1363 136 375
3318	905 471 1073 1990
3319	1326 810 1043 333
3320	204 1187 1476 1545
3321	1094 1645 1350 1496
3322	434 840 877 81
3323	197 663 798 1488
3324	1740 1091 701 466
3325	472 609 313 1511
3326	995 1673 461 226
3327	625 379 619 1590
3328	114 558 1195 1212
3329	1121 767 930 1235
3330	175 925 384 532
3331	11 1587 271 275
3332	235 948 1532 496
3333	74 596 175 502
3334	760 1745 964 1269
3335	32 1276 587 1258
3336	1866 1278 1597 1423
3337	1320 1247 609 1121
3338	208 1469 459 650
3339	916 1839 431 1436
3340	1273 354 1532 1517
3341	76 192 247 1599
3342	78 691 152 1338
3343	467 134 248 733
3344	845 1129 1634 999
3345	1148 1061 893 1667
3346	1067 1791 1052 861
3347	144 1035 574 970
3348	1594 877 1175 771
3349	918 1423 522 1213
3350	1829 811 1454 1641
3351	970 1512 330 606
3352	1960 1349 628 40
3353	997 779 1836 661
3354	243 1041 1069 837
3355	565 1722 274 667
3356	824 1530 259 41
3357	94 1517 1567 394
3358	276 1226 1962 677
3359	1101 143 1447 1672
3360	1147 128 589 791
3361	1116 85 1661 1273
3362	125 1750 1014 496
3363	446 229 980 1883
3364	1153 1436 672 331
3365	1068 149 1912 825
3366	1795 705 1149 169
3367	1317 631 94 1708
3368	467 688 690 392
3369	1766 1987 174 180
3370	773 201 1034 1123
3371	1697 1457 1664 1561
3372	1114 1557 1828 935
3373	1918 874 733 1315
3374	965 1826 1499 1639
3375	332 1597 1183 1006
3376	1812 918 910 511
3377	1605 1729 1960 686
3378	562 620 1385 1631
3379	1586 622 1492 1517
3380	457 501 1769 1884
3381	702 1761 823 1808
3382	999 1453 56 602
3383	442 1257 113 1654
3384	211 1593 1837 862
3385	1286 1396 380 1862
3386	1663 192 307 960
3387	938 939 549 1986
3388	1133 1390 920 783
3389	553 220 850 1895
3390	1531 532 1879 1410
3391	1836 1464 1391 1588
3392	1732 155 1640 1602
3393	1300 1212 1346 684
3394	1382 1886 321 1596
3395	1800 248 1595 416
3396	1380 806 1522 1023
3397	1502 1022 1907 834
3398	760 205 420 1709
3399	880 1179 775 396
3400	994 1065 1201 1616
3401	1027 538 1888 184
3402	352 114 1928 1233
3403	1594 1598 1860 534
3404	1898 807 1721 380
3405	25 522 1349 81
3406	936 1253 1809 1548
3407	1381 397 1972 1880
3408	1277 1731 414 1676
3409	30 1557 515 609
3410	574 199 1735 1565
3411	740 756 1880 655
3412	1144 1006 1322 996
3413	1319 66 922 1324
3414	204 1852 59 105
3415	1818 1512 866 372
3416	231 997 647 1495
3417	562 666 358 585
3418	306 673 1987 1208
3419	755 1683 375 259
3420	712 1730 206 1745
3421	1302 1605 175 1032
3422	1796 649 180 1060
3423	1563 1137 285 1816
3424	188 1212 364 1652
3425	309 555 107 1294
3426	813 1383 512 1760
3427	1834 939 158 1822
3428	1824 1243 418 1976
3429	1341 496 166 500
3430	1577 163 208 1586
3431	1067 1356 314 604
3432	80 860 920 1408
3433	355 1980 1737 648
3434	1959 432 89 1989
3435	898 44 92 907
3436	1923 38 907 1643
3437	708 500 460 418
3438	946 1502 1153 1986
3439	1029 1430 1139 1166
3440	1954 773 1513 1400
3441	1377 242 16 486
3442	1657 929 218 1158
3443	1133 775 81 1510
3444	359 1208 1944 821
3445	1758 1978 404 930
3446	76 1404 1851 954
3447	1542 950 1435 1321
3448	1086 897 299 221
3449	1058 1346 815 1766
3450	165 565 314 478
3451	1989 417 99 1662
3452	187 1877 192 1598
3453	839 282 1709 219
3454	521 595 1745 1474
3455	208 1428 1290 391
3456	705 645 679 1882
3457	1741 868 1194 771
3458	241 1005 1312 1696
3459	669 1953 263 298
3460	1059 709 1445 1351
3461	1927 1338 1303 581
3462	164 469 561 350
3463	242 1337 674 1063
3464	308 1810 1741 1155
3465	1295 514 284 1321
3466	143 107 682 1821
3467	87 203 940 373
3468	224 481 37 411
3469	1983 1426 1485 1024
3470	1522 1089 1920 366
3471	1540 1599 436 13
3472	589 1050 1875 1799
3473	217 1367 1958 1994
3474	480 1953 1864 973
3475	306 908 1896 1242
3476	622 733 1901 1106
3477	1041 156 362 1363
3478	398 1507 1840 84
3479	1731 515 853 293
3480	1957 948 540 674
3481	1957 843 288 1355
3482	1923 1708 1115 373
3483	450 1756 1485 1296
3484	1083 1482 306 1183
3485	27 1641 1582 830
3486	1889 1402 1175 273
3487	203 1139 708 467
3488	1663 638 1210 729
3489	1470 327 796 188
3490	759 294 766 1459
3491	95 357 872 1857
3492	1634 1011 1252 623
3493	1292 863 346 184
3494	746 1046 951 1965
3495	108 101 1912 1511
3496	528 1001 471 1881
3497	994 518 487 1745
3498	1298 1884 1899 1143
3499	1135 164 301 1329
3500	895 726 1526 827
3501	884 229 716 340
3502	1078 582 1628 1156
3503	1340 873 665 470
3504	272 1434 289 771
3505	55 1461 1678 993
3506	136 1225 1439 196
3507	1126 1331 399 608
3508	588 83 427 1196
3509	1538 1336 1213 493
3510	416 1625 1265 1129
3511	1494 484 153 1866
3512	440 1186 441 407
3513	701 275 610 1877
3514	1266 1768 651 1760
3515	1104 1531 1519 748
3516	138 587 155 86
3517	1400 918 1699 761
3518	1126 186 1608 1411
3519	1795 672 1789 1878
3520	1939 270 111 688
3521	957 1579 1856 1584
3522	1039 1629 57 1007
3523	883 1705 124 1890
3524	386 1861 1863 1148
3525	1469 1995 551 331
3526	171 1915 1089 371
3527	1008 489 1988 263
3528	166 936 1644 809
3529	1514 1616 1511 820
3530	1981 363 1774 917
3531	826 1764 1205 442
3532	1394 782 369 53
3533	775 1216 1125 107
3534	228 659 1739 441
3535	330 1352 1482 1049
3536	747 728 1473 551
3537	636 1060 176 1091
3538	459 1567 250 1199
3539	1097 1236 1748 1521
3540	1356 695 538 596
3541	274 1397 507 880
3542	1155 1351 1012 976
3543	244 1531 178 977
3544	870 93 1204 1456
3545	300 1535 728 1998
3546	1197 294 429 1336
3547	1383 1853 227 1653
3548	1610 1686 327 1188
3549	478 254 1553 1992
3550	809 207 1531 1744
3551	364 1090 552 705
3552	1224 1579 1868 878
3553	563 817 1881 1527
3554	1650 291 321 769
3555	100 1091 1149 725
3556	755 938 1491 722
3557	1805 333 1219 1514
3558	217 1255 1738 48
3559	1250 272 581 1766
3560	1540 1592 334 1925
3561	1147 1736 537 366
3562	1219 60 991 1214
3563	69 1652 1626 207
3564	859 145 953 834
3565	661 1132 182 934
3566	96 176 467 486
3567	1196 327 1216 289
3568	729 1724 888 278
3569	1264 1773 1921 1208
3570	329 736 959 107
3571	1676 1887 998 618
3572	783 1007 1847 1536
3573	245 422 746 1344
3574	1728 467 425 338
3575	1006 1786 1394 477
3576	626 656 978 895
3577	654 353 512 83
3578	347 785 16 187
3579	498 170 484 1257
3580	1595 1790 1209 1237
3581	1080 1763 39 149
3582	1187 929 1591 1587
3583	1734 1180 1588 834
3584	334 1629 120 1597
3585	861 832 756 679
3586	1367 527 1452 205
3587	418 217 1881 1195
3588	1092 1953 1347 146
3589	273 1210 1502 1268
3590	1910 1468 1525 577
3591	407 1208 899 163
3592	170 483 968 538
3593	1725 175 577 686
3594	826 1471 1702 1777
3595	1206 347 294 514
3596	419 1853 1869 60
3597	503 222 1659 1855
3598	630 223 1595 298
3599	725 1346 678 315
3600	212 1270 1551 555
3601	111 1344 667 1137
3602	1992 1481 399 1357
3603	1581 1689 1914 816
3604	1795 518 1371 1528
3605	1730 1761 1188 521
3606	1652 1010 117 306
3607	1735 1901 1704 693
3608	446 435 1671 1409
3609	1856 1360 569 1763
3610	1289 750 1851 352
3611	752 339 1828 1983
3612	335 483 1797 1406
3613	635 589 1266 67
3614	488 87 1408 1280
3615	1482 514 1882 1520
3616	1520 567 465 894
3617	1949 82 557 1355
3618	1483 1608 923 368
3619	1432 454 869 195
3620	977 708 459 1788
3621	786 758 221 1723
3622	1835 1240 1752 1204
3623	640 107 1492 861
3624	1091 726 138 1844
3625	1932 662 288 129
3626	1710 1135 336 582
3627	1327 1302 508 206
3628	1510 556 721 1328
3629	528 1297 1454 1897
3630	915 194 1283 188
3631	1114 1272 977 404
3632	784 329 846 14
3633	1530 710 1262 1106
3634	1368 1612 383 259
3635	107 1245 784 881
3636	702 1850 346 1934
3637	1604 1094 1667 428
3638	1156 1331 783 919
3639	622 111 260 998
3640	741 1617 1759 1847
3641	1510 1147 57 1495
3642	848 1773 57 1389
3643	851 1677 272 988
3644	534 1993 510 1855
3645	1498 1973 368 1353
3646	1230 1744 388 1747
3647	254 515 617 952
3648	784 1688 1276 1123
3649	765 1754 1359 1086
3650	123 1894 591 468
3651	965 1904 1090 249
3652	1527 1162 478 143
3653	508 969 1674 1173
3654	446 1603 1211 1401
3655	5 1894 67 86
3656	1166 1099 1410 1489
3657	619 418 1780 649
3658	193 1695 412 405
3659	1583 1969 1947 644
3660	181 573 946 1504
3661	543 792 1391 1638
3662	1485 1840 887 336
3663	1286 1351 1325 544
3664	1938 42 1337 1875
3665	1368 1071 1467 1340
3666	367 56 518 1562
3667	438 422 228 984
3668	1508 813 1043 526
3669	649 1490 401 27
3670	1497 159 16 1725
3671	1415 1296 1275 1366
3672	1905 1087 1105 1792
3673	42 1330 495 123
3674	416 1570 1254 930
3675	1218 34 117 1728
3676	1668 1247 3 298
3677	258 312 1318 1948
3678	540 361 535 1064
3679	1077 1514 991 1812
3680	190 1496 511 1512
3681	393 823 1057 184
3682	559 899 1514 435
3683	388 465 1764 1069
3684	1711 1491 494 399
3685	1168 759 1452 1638
3686	380 2000 997 1429
3687	1765 671 1296 450
3688	1399 107 143 130
3689	114 1219 433 1371
3690	315 1959 1354 1380
3691	497 860 488 1272
3692	1414 1956 620 1286
3693	1248 1831 1044 772
3694	635 1343 1763 1352
3695	200 269 860 1001
3696	1388 1794 1581 511
3697	278 946 1759 1628
3698	1197 927 1016 17
3699	957 1412 1015 270
3700	224 465 1575 49
3701	867 474 1806 784
3702	1272 664 1113 339
3703	725 46 1835 1936
3704	628 487 1765 117
3705	10 1613 1576 443
3706	262 61 1369 1250
3707	1304 850 1764 1521
3708	300 1939 1977 559
3709	1051 222 740 1690
3710	460 852 1265 1014
3711	670 1820 31 837
3712	177 1769 530 721
3713	1383 1119 1170 1303
3714	1515 1348 763 1478
3715	1926 888 163 1121
3716	662 152 1847 999
3717	371 1026 250 423
3718	772 344 1316 901
3719	1706 779 633 513
3720	1246 44 298 2000
3721	1537 460 708 155
3722	153 969 1299 1562
3723	1277 607 11 1173
3724	1430 555 1271 1768
3725	1547 1289 1541 1672
3726	733 1367 87 836
3727	164 1218 450 1878
3728	1376 1272 942 11
3729	1033 1237 1154 880
3730	679 1580 1508 934
3731	562 1794 1874 415
3732	1181 1177 712 781
3733	794 1089 309 236
3734	729 519 1893 1011
3735	1338 1719 1712 578
3736	211 276 807 1553
3737	1423 848 979 767
3738	1850 1422 453 1827
3739	904 216 1527 1109
3740	390 590 1993 1141
3741	878 1604 1721 1876
3742	263 651 216 1656
3743	758 774 402 385
3744	1870 1620 902 1407
3745	1058 383 658 1000
3746	1487 1245 233 651
3747	1977 1846 1423 1184
3748	1987 1944 941 200
3749	910 1721 1680 1683
3750	1562 1082 301 1345
3751	1447 1861 122 344
3752	927 1052 1249 1467
3753	111 219 1957 1153
3754	132 55 1912 1493
3755	1130 1028 215 637
3756	7 77 698 1000
3757	1862 856 1381 949
3758	534 1130 1664 1945
3759	148 958 508 678
3760	989 529 399 741
3761	1835 296 1011 691
3762	561 680 1858 751
3763	1976 1600 1306 1192
3764	1344 693 694 1101
3765	811 956 160 1548
3766	81 1964 1508 1188
3767	1533 1507 1178 452
3768	874 1798 1117 1247
3769	1047 100 186 479
3770	143 154 1491 1905
3771	1463 1942 1445 220
3772	1609 608 286 1782
3773	910 700 1624 824
3774	765 1772 61 1885
3775	1384 1818 219 1997
3776	1395 1559 1222 786
3777	829 1339 1735 1299
3778	1052 1931 1457 1415
3779	417 992 362 1915
3780	85 72 54 639
3781	81 902 1987 1813
3782	1261 826 765 1753
3783	1924 213 1084 1743
3784	1189 597 1599 473
3785	314 241 375 1336
3786	905 1201 759 572
3787	189 432 721 786
3788	151 1774 553 1443
3789	97 245 1019 1492
3790	461 740 1952 1096
3791	879 807 1867 468
3792	48 1363 1906 1633
3793	979 849 906 1829
3794	261 970 1592 1060
3795	371 1394 32 621
3796	194 43 46 457
3797	1336 1242 1081 1819
3798	1864 1255 71 391
3799	1499 815 1572 72
3800	1339 214 1328 1718
3801	1708 287 1607 1922
3802	1146 1214 1055 1395
3803	615 1096 1132 1650
3804	358 574 25 1805
3805	1163 1902 1436 635
3806	875 1324 1993 222
3807	1556 864 1956 190
3808	1556 1919 1193 1508
3809	748 1678 1256 1182
3810	149 417 200 1921
3811	26 1285 1409 453
3812	208 154 1896 995
3813	1800 337 1878 21
3814	584 1314 203 1847
3815	403 1575 511 382
3816	488 985 726 1989
3817	1370 135 1252 1820
3818	1621 325 557 741
3819	1464 1437 814 1592
3820	388 1266 77 1684
3821	1515 808 1662 73
3822	1862 817 810 1239
3823	61 290 437 1526
3824	802 488 115 1428
3825	1718 157 1179 1017
3826	1792 1607 1833 126
3827	226 1621 1586 179
3828	360 374 1877 1739
3829	196 889 1950 1022
3830	1777 1387 1186 1107
3831	1741 1329 368 808
3832	193 1066 1468 1661
3833	350 1799 375 98
3834	1731 913 1741 1393
3835	663 1405 233 543
3836	1216 875 1772 1021
3837	1115 1907 763 712
3838	1322 1188 236 1889
3839	813 794 852 1315
3840	1104 1074 650 618
3841	473 642 516 1555
3842	108 357 965 1267
3843	1750 1804 765 4
3844	558 1709 1054 1887
3845	1884 1683 1435 427
3846	1476 553 305 725
3847	1220 904 597 1236
3848	1018 906 1002 68
3849	1881 549 198 926
3850	786 408 256 712
3851	601 1263 195 738
3852	448 644 1871 1432
3853	1615 555 1586 65
3854	576 1463 1716 1408
3855	343 882 1469 1653
3856	319 482 1940 1594
3857	1577 211 539 525
3858	235 1200 659 1250
3859	921 678 1291 753
3860	1434 1211 640 451
3861	1271 1694 1591 1670
3862	13 1930 937 303
3863	1300 1362 1248 1941
3864	723 896 1444 1794
3865	101 474 776 20
3866	1757 1250 1878 1741
3867	1417 463 1585 966
3868	1637 314 1854 123
3869	208 705 1561 315
3870	1249 309 1390 1255
3871	1703 1356 1146 1772
3872	1281 1227 1423 1708
3873	545 1473 879 867
3874	1539 598 1766 655
3875	1139 644 1645 1376
3876	1915 1500 1262 1432
3877	1918 1522 1838 1331
3878	1149 508 1879 465
3879	1853 742 1078 714
3880	952 1519 968 1468
3881	1271 534 170 1591
3882	1527 1354 1961 807
3883	780 1010 1600 1342
3884	96 894 1437 304
3885	1966 1587 1991 895
3886	643 1125 1669 343
3887	1378 1304 1693 434
3888	743 923 483 1184
3889	1315 1879 948 925
3890	111 660 635 1583
3891	913 280 927 963
3892	1281 794 728 1479
3893	1123 1322 1317 961
3894	1699 1490 1178 1341
3895	1325 1305 163 504
3896	425 2000 1702 1047
3897	1498 1116 124 1792
3898	1643 1071 1397 1627
3899	175 1334 489 557
3900	1215 1940 590 105
3901	692 889 1861 1554
3902	1619 1628 1319 762
3903	688 599 729 808
3904	813 193 588 1663
3905	220 1520 1863 1147
3906	1768 1347 1314 1016
3907	397 1461 1840 1247
3908	1732 1433 298 58
3909	1028 1237 929 1403
3910	1660 1130 462 1542
3911	390 1282 1009 1550
3912	624 1459 115 1615
3913	957 1096 235 665
3914	1572 655 1070 1908
3915	1682 660 783 1642
3916	1271 1330 51 1994
3917	262 440 128 1936
3918	967 1943 38 12
3919	1702 886 1051 1860
3920	897 1066 1934 1244
3921	453 1441 870 1280
3922	1559 1192 259 665
3923	421 975 183 1622
3924	1454 900 1446 118
3925	207 326 1890 1617
3926	837 70 1769 1637
3927	112 1110 164 14
3928	1988 557 1917 1669
3929	606 1389 627 585
3930	445 220 809 454
3931	1262 1872 1041 227
3932	746 1538 348 691
3933	472 390 526 1645
3934	290 1188 1536 1730
3935	1641 1085 488 235
3936	136 1875 590 22
3937	1045 444 265 69
3938	1767 510 1538 1327
3939	23 648 829 645
3940	179 1352 1133 1256
3941	1764 2000 775 1997
3942	1973 1176 878 138
3943	599 186 330 1119
3944	595 1652 1445 1913
3945	1412 1010 1127 1216
3946	1318 207 845 769
3947	543 889 77 1301
3948	142 410 1317 1588
3949	1385 1893 863 824
3950	1377 562 1119 917
3951	1790 1378 264 642
3952	345 662 137 129
3953	331 397 825 1453
3954	405 1108 533 1736
3955	488 1958 219 51
3956	1254 1645 1570 1383
3957	1930 1953 1072 200
3958	373 1879 1139 1971
3959	164 103 973 782
3960	1359 1442 1560 547
3961	72 1630 939 948
3962	1917 348 1765 1157
3963	1097 529 1702 472
3964	293 439 113 1659
3965	175 289 818 1222
3966	78 938 1764 1671
3967	907 1706 1864 738
3968	1456 1073 1811 281
3969	1921 38 1724 1262
3970	224 505 150 1920
3971	1874 1156 1343 1260
3972	204 1854 490 893
3973	1159 591 1228 1462
3974	29 1013 1803 1458
3975	985 398 1432 1749
3976	1714 124 35 1057
3977	1229 632 816 851
3978	1892 1123 967 1330
3979	1226 881 1958 1726
3980	1178 542 1735 880
3981	471 784 241 1769
3982	687 943 703 1411
3983	1126 762 388 518
3984	1455 765 1148 811
3985	1173 1282 960 417
3986	215 638 1519 1050
3987	48 884 1230 391
3988	1795 305 1912 1323
3989	1720 1965 1198 1425
3990	253 148 852 1798
3991	1257 795 536 231
3992	1805 1038 453 511
3993	197 667 1733 1119
3994	573 1730 1617 1509
3995	1248 171 854 1687
3996	1243 334 41 144
3997	208 632 1955 648
3998	814 1553 501 1606
3999	371 1489 419 190
4000	819 300 1126 1215
