Students	100
1	9 8 12 5
2	9 12 7 1
3	9 10 12 4
4	11 7 9 8
5	10 12 5 4
6	6 3 12 5
7	9 2 8 4
8	3 6 5 2
9	12 9 4 3
10	1 10 11 9
11	5 8 9 7
12	7 3 10 9
13	12 8 11 10
14	9 1 5 11
15	4 1 7 12
16	6 1 3 2
17	11 8 1 12
18	6 11 1 8
19	6 8 3 12
20	11 5 9 12
21	3 7 6 9
22	5 3 8 1
23	6 8 12 5
24	2 3 8 9
25	11 5 6 4
26	8 7 10 9
27	11 9 2 4
28	9 11 12 7
29	12 6 4 10
30	4 7 10 9
31	11 7 1 5
32	7 1 5 12
33	9 4 5 10
34	1 5 11 2
35	4 11 12 7
36	7 8 10 3
37	12 9 6 4
38	3 10 9 12
39	12 8 5 9
40	3 12 4 8
41	4 2 6 8
42	2 9 12 4
43	7 6 4 8
44	12 5 6 7
45	7 9 11 6
46	8 4 7 2
47	9 10 12 11
48	10 5 3 9
49	6 11 7 3
50	12 6 4 1
51	1 9 7 12
52	12 6 5 4
53	5 10 1 7
54	9 6 5 4
55	9 2 1 6
56	3 6 9 12
57	10 6 11 8
58	12 8 4 7
59	10 5 6 1
60	4 11 10 6
61	7 1 6 10
62	4 12 2 3
63	6 11 12 9
64	5 4 1 6
65	6 5 1 7
66	6 8 12 7
67	12 5 7 2
68	1 5 4 11
69	2 12 5 8
70	5 1 2 7
71	4 11 2 6
72	7 5 4 11
73	5 12 1 11
74	6 11 5 12
75	7 5 11 9
76	3 2 12 7
77	11 6 4 1
78	9 4 5 11
79	6 3 4 7
80	2 4 1 9
81	1 2 12 9
82	12 7 10 1
83	1 10 6 12
84	7 12 4 5
85	5 1 7 9
86	12 7 1 5
87	10 3 8 7
88	10 11 6 3
89	10 12 2 4
90	3 9 4 8
91	7 6 8 12
92	10 5 11 8
93	2 11 1 7
94	4 6 12 10
95	7 11 6 2
96	11 8 9 3
97	6 5 9 8
98	1 12 10 3
99	8 1 3 6
100	6 3 7 5
