Students	100
1	12 5 6 4
2	1 5 12 11
3	11 5 8 2
4	3 9 1 4
5	1 4 12 2
6	7 6 4 12
7	12 5 2 9
8	12 5 9 1
9	10 9 2 3
10	5 7 8 4
11	3 7 9 4
12	11 7 12 1
13	4 12 5 6
14	11 9 6 5
15	5 9 3 4
16	4 1 7 5
17	9 7 5 8
18	8 3 4 1
19	2 4 8 7
20	3 9 5 11
21	10 6 9 2
22	3 5 8 10
23	2 11 3 1
24	11 2 5 1
25	12 4 5 6
26	10 4 3 1
27	5 2 12 9
28	5 10 1 4
29	4 6 3 12
30	6 3 12 9
31	11 5 1 4
32	1 3 8 2
33	5 7 3 1
34	8 6 5 9
35	6 4 1 5
36	4 9 1 6
37	2 4 9 3
38	5 9 8 11
39	4 1 11 10
40	8 12 11 10
41	5 8 11 6
42	1 6 2 7
43	5 4 7 9
44	12 2 7 10
45	8 12 2 11
46	6 8 5 10
47	10 6 7 8
48	7 9 5 6
49	5 12 7 4
50	9 5 1 11
51	9 6 8 2
52	1 12 9 3
53	6 9 7 8
54	2 5 10 11
55	5 1 4 7
56	3 10 11 5
57	6 11 2 5
58	7 3 6 5
59	2 1 6 12
60	4 3 7 12
61	11 6 10 7
62	11 8 2 4
63	8 1 6 2
64	12 9 8 4
65	2 10 7 3
66	2 10 1 6
67	1 11 7 9
68	9 3 12 7
69	3 2 12 6
70	7 2 5 8
71	6 2 5 10
72	3 9 4 5
73	11 8 4 3
74	7 8 5 10
75	9 2 12 8
76	5 4 8 1
77	10 5 7 11
78	6 4 8 12
79	2 7 8 3
80	2 4 8 6
81	1 11 10 6
82	9 10 3 11
83	4 9 7 11
84	1 12 3 6
85	7 9 5 4
86	7 8 11 4
87	7 4 6 5
88	8 2 12 1
89	5 11 8 3
90	4 1 10 8
91	12 11 6 1
92	1 11 5 6
93	6 9 4 5
94	11 4 7 3
95	11 2 10 12
96	12 9 7 2
97	1 10 9 7
98	12 8 11 3
99	7 12 9 2
100	5 11 4 12
