Students	100
1	5 10 2 11
2	7 12 8 11
3	4 5 2 6
4	10 11 9 4
5	10 11 5 7
6	5 1 3 7
7	4 6 2 1
8	5 12 8 4
9	12 7 2 11
10	5 1 3 11
11	6 3 4 5
12	10 11 5 4
13	11 4 3 12
14	4 9 3 7
15	4 1 3 2
16	6 7 3 11
17	3 5 12 11
18	12 2 7 9
19	5 8 7 1
20	1 7 2 12
21	2 11 8 1
22	9 12 4 11
23	12 4 7 3
24	8 10 1 2
25	8 12 7 10
26	10 11 6 4
27	6 10 12 11
28	7 4 3 9
29	4 11 8 3
30	1 12 6 10
31	8 4 10 3
32	10 5 2 12
33	9 8 11 4
34	2 3 10 4
35	7 12 4 10
36	8 12 10 4
37	3 9 6 10
38	10 1 3 6
39	9 3 4 12
40	5 2 1 10
41	1 12 4 11
42	4 12 5 10
43	3 2 7 12
44	12 9 1 10
45	4 12 2 8
46	6 12 11 8
47	2 10 3 1
48	9 11 5 1
49	10 12 9 5
50	8 5 10 1
51	9 3 8 11
52	6 7 11 3
53	4 9 12 11
54	5 8 11 3
55	2 1 10 12
56	1 7 3 10
57	11 3 2 1
58	12 9 10 6
59	1 8 11 7
60	3 7 9 11
61	6 10 7 9
62	10 6 2 12
63	6 11 8 12
64	1 4 5 9
65	7 2 1 4
66	6 5 10 2
67	6 7 1 8
68	3 9 11 10
69	1 12 6 2
70	1 6 9 2
71	2 3 1 8
72	9 11 4 10
73	2 8 5 6
74	2 11 1 12
75	2 1 4 12
76	6 12 11 8
77	3 2 1 10
78	2 11 7 12
79	9 5 1 10
80	8 11 7 5
81	11 10 7 5
82	5 3 1 7
83	4 2 11 1
84	6 9 3 10
85	6 5 9 4
86	2 7 11 9
87	5 8 12 10
88	7 2 3 9
89	9 3 11 12
90	8 11 12 2
91	6 10 7 11
92	12 11 4 7
93	10 4 8 2
94	9 6 1 2
95	12 1 2 3
96	4 1 3 7
97	2 1 7 4
98	6 12 2 3
99	6 9 5 4
100	7 4 8 9
