Students	100
1	12 7 5 2
2	5 10 12 7
3	12 9 3 10
4	3 4 6 11
5	7 3 12 9
6	7 6 1 10
7	1 7 11 2
8	6 10 8 4
9	1 9 11 5
10	2 8 10 4
11	7 10 11 9
12	8 2 11 3
13	1 8 10 6
14	1 10 5 2
15	3 5 10 11
16	5 3 6 12
17	9 3 7 11
18	1 12 5 9
19	8 11 6 10
20	9 6 2 3
21	1 10 5 2
22	11 2 12 10
23	9 10 3 8
24	6 11 8 10
25	6 5 3 11
26	3 6 12 7
27	12 7 6 5
28	12 4 11 5
29	6 12 10 8
30	12 8 11 3
31	1 12 7 2
32	1 6 10 4
33	12 2 1 8
34	5 3 11 6
35	11 9 3 12
36	11 2 3 7
37	3 12 6 11
38	11 3 4 9
39	6 12 2 8
40	2 1 10 3
41	10 4 5 6
42	11 2 4 7
43	11 12 4 9
44	5 1 7 4
45	4 8 11 10
46	2 6 4 7
47	9 6 3 8
48	10 1 7 5
49	10 2 7 12
50	10 4 1 9
51	4 8 9 10
52	9 4 7 12
53	10 2 12 9
54	8 9 10 4
55	5 11 2 10
56	7 12 5 11
57	3 4 6 11
58	9 8 12 10
59	11 4 10 9
60	2 7 6 8
61	5 4 7 3
62	7 1 4 8
63	7 12 11 2
64	10 11 7 9
65	6 1 12 7
66	8 12 3 2
67	3 11 6 2
68	11 4 7 5
69	4 5 1 8
70	7 1 6 3
71	10 3 5 2
72	7 6 11 2
73	10 5 3 7
74	9 1 4 12
75	9 6 7 10
76	6 5 11 7
77	12 5 11 9
78	12 1 9 10
79	9 7 12 8
80	2 9 11 7
81	4 8 3 10
82	8 5 10 9
83	8 1 10 11
84	4 1 5 10
85	12 6 1 4
86	2 7 10 11
87	2 12 9 5
88	8 5 2 11
89	12 10 6 9
90	5 10 6 8
91	7 1 8 9
92	12 1 2 11
93	6 5 3 2
94	4 3 10 7
95	9 11 1 2
96	4 8 12 10
97	6 5 1 12
98	8 1 10 12
99	9 1 2 12
100	10 5 2 7
