Students	100
1	11 8 1 5
2	6 10 11 4
3	9 11 6 3
4	6 11 2 12
5	1 7 12 8
6	12 3 9 11
7	2 3 5 6
8	9 10 4 8
9	8 6 12 2
10	12 9 8 1
11	6 11 1 2
12	4 5 12 2
13	9 11 6 3
14	9 8 10 11
15	2 11 6 10
16	6 2 5 8
17	1 4 3 9
18	12 11 10 4
19	11 7 6 5
20	8 4 12 6
21	12 11 3 4
22	11 4 3 7
23	8 2 5 9
24	7 3 5 6
25	5 11 8 4
26	8 5 2 1
27	1 7 4 2
28	10 5 3 8
29	7 12 5 3
30	11 12 7 8
31	11 7 4 5
32	11 5 6 12
33	1 8 10 6
34	12 3 10 2
35	7 9 11 8
36	11 5 6 1
37	5 8 1 2
38	4 2 8 10
39	11 7 6 9
40	3 6 2 9
41	2 4 10 12
42	5 4 8 7
43	7 6 4 11
44	9 10 4 1
45	6 7 4 10
46	8 3 11 6
47	8 3 10 12
48	10 7 2 5
49	10 2 6 5
50	4 11 9 2
51	11 12 9 3
52	11 10 5 7
53	3 5 8 11
54	11 9 4 2
55	4 5 2 12
56	11 10 12 4
57	12 3 9 11
58	5 12 7 8
59	3 6 10 5
60	2 10 11 8
61	1 4 3 8
62	3 11 8 7
63	10 1 7 11
64	6 11 5 12
65	11 2 12 8
66	9 6 11 12
67	10 9 4 6
68	3 11 6 5
69	9 6 12 5
70	5 3 4 7
71	1 3 4 9
72	7 3 2 1
73	4 8 10 2
74	1 7 3 2
75	5 3 1 12
76	12 4 7 6
77	7 1 12 9
78	4 2 1 11
79	2 10 4 8
80	3 4 9 5
81	12 5 3 4
82	9 1 4 12
83	1 5 2 3
84	6 9 7 10
85	10 2 12 6
86	2 8 7 1
87	8 11 1 10
88	2 6 12 7
89	9 5 12 2
90	10 11 1 2
91	5 11 12 9
92	7 5 6 8
93	9 5 11 6
94	3 4 5 12
95	7 11 8 9
96	7 10 11 5
97	9 7 2 12
98	10 8 2 3
99	12 6 2 8
100	4 9 2 12
