Students	100
1	1 4 10 6
2	7 10 3 4
3	5 2 12 6
4	6 2 12 3
5	9 1 5 3
6	6 1 2 12
7	6 12 11 3
8	12 11 4 5
9	10 3 12 8
10	2 1 6 9
11	2 4 1 7
12	2 4 11 8
13	5 6 12 9
14	3 9 4 1
15	10 3 9 5
16	4 8 5 7
17	5 12 1 11
18	3 12 7 2
19	2 10 12 6
20	8 6 10 9
21	9 4 1 8
22	8 11 7 5
23	4 9 12 8
24	7 3 10 11
25	10 2 5 12
26	1 5 4 8
27	9 11 7 3
28	6 12 11 8
29	1 8 9 10
30	9 5 3 8
31	1 9 6 3
32	6 3 1 11
33	4 12 1 10
34	5 10 1 8
35	5 3 7 8
36	12 10 2 5
37	11 5 4 6
38	12 2 4 5
39	6 4 10 11
40	3 9 6 8
41	10 6 3 9
42	6 9 11 5
43	11 1 12 10
44	7 9 5 1
45	8 11 10 1
46	2 1 4 3
47	7 10 1 8
48	3 4 10 1
49	1 8 7 10
50	9 2 3 5
51	11 1 5 4
52	3 12 9 6
53	8 4 12 11
54	10 7 2 1
55	4 11 1 7
56	10 7 2 11
57	2 11 1 6
58	12 6 1 10
59	7 9 2 10
60	4 9 11 3
61	3 4 1 9
62	7 5 8 10
63	12 1 10 11
64	3 11 7 9
65	6 3 5 8
66	1 12 10 4
67	6 10 2 1
68	10 11 7 3
69	6 1 9 5
70	4 6 7 11
71	2 10 5 11
72	4 8 12 1
73	10 3 4 9
74	12 7 9 5
75	2 9 1 6
76	12 11 2 10
77	4 8 9 5
78	7 12 4 2
79	10 2 5 7
80	10 12 4 9
81	4 1 12 9
82	2 11 1 3
83	10 9 6 3
84	6 5 11 4
85	3 8 4 9
86	12 3 11 1
87	1 8 3 9
88	3 10 4 2
89	9 3 4 7
90	1 6 7 11
91	12 9 5 11
92	10 12 8 5
93	8 10 3 9
94	6 3 1 7
95	10 8 12 4
96	10 3 12 6
97	8 11 1 2
98	11 4 5 10
99	6 12 9 10
100	10 2 7 6
