Students	100
1	4 5 7 6
2	8 7 11 6
3	5 4 1 7
4	10 4 3 6
5	9 6 3 2
6	12 10 9 1
7	4 8 1 2
8	1 12 7 9
9	3 10 9 2
10	4 6 3 8
11	12 8 4 10
12	3 2 6 8
13	2 10 4 1
14	11 9 1 5
15	5 11 6 10
16	1 6 8 7
17	6 8 5 3
18	8 11 7 6
19	7 6 12 5
20	4 11 9 6
21	7 9 4 12
22	12 8 2 6
23	2 10 11 3
24	9 11 5 8
25	7 12 2 9
26	12 9 10 8
27	5 9 2 12
28	1 3 5 10
29	10 9 12 8
30	6 2 10 12
31	9 2 1 10
32	11 7 8 4
33	8 10 2 4
34	9 12 5 1
35	1 4 7 8
36	2 1 9 5
37	7 9 11 8
38	10 11 2 8
39	5 10 1 12
40	5 10 1 6
41	8 1 10 9
42	10 1 4 3
43	1 3 5 12
44	9 5 1 6
45	3 9 8 11
46	12 3 9 6
47	6 2 9 3
48	9 5 11 1
49	1 8 6 9
50	11 6 1 3
51	8 7 9 10
52	8 1 7 12
53	6 10 12 5
54	4 1 6 5
55	10 3 9 8
56	10 7 12 8
57	6 9 12 8
58	11 8 2 7
59	7 12 10 5
60	11 1 5 8
61	1 3 6 7
62	7 10 2 8
63	11 7 4 12
64	3 12 6 1
65	4 10 12 8
66	9 7 12 3
67	6 1 11 10
68	6 5 11 7
69	2 3 12 6
70	6 9 5 7
71	3 10 7 12
72	7 2 3 4
73	9 3 2 6
74	4 8 10 7
75	10 9 11 6
76	11 7 12 5
77	8 1 10 9
78	11 5 3 1
79	9 8 11 12
80	9 10 3 4
81	3 11 4 7
82	7 3 1 4
83	5 12 4 2
84	4 2 3 9
85	7 3 5 8
86	9 3 12 2
87	4 1 3 8
88	12 3 11 7
89	3 8 5 10
90	9 12 4 11
91	7 2 6 5
92	5 2 3 6
93	11 6 5 2
94	1 8 7 10
95	9 7 8 10
96	8 9 2 3
97	2 10 11 5
98	11 5 7 12
99	2 12 8 1
100	1 6 10 5
