Students	100
1	6 7 8 11
2	1 5 2 7
3	6 4 12 7
4	12 6 8 11
5	7 10 3 9
6	10 6 1 4
7	4 12 2 11
8	8 7 5 9
9	10 1 3 12
10	2 7 5 3
11	1 4 8 7
12	3 5 1 9
13	8 4 5 3
14	3 4 9 5
15	9 3 10 6
16	6 10 4 9
17	7 2 4 8
18	4 7 5 3
19	11 3 2 1
20	3 2 5 4
21	9 4 1 5
22	5 8 7 6
23	9 5 1 12
24	8 6 7 3
25	5 9 4 10
26	10 11 2 4
27	9 12 7 4
28	2 11 4 6
29	10 5 12 4
30	11 6 12 7
31	1 6 8 2
32	1 5 11 7
33	11 12 5 3
34	10 9 4 3
35	3 10 8 1
36	5 8 11 1
37	2 12 6 5
38	6 1 5 3
39	1 11 7 8
40	9 5 10 4
41	10 12 11 3
42	10 2 7 8
43	9 11 2 5
44	9 3 1 5
45	7 6 9 5
46	10 6 4 3
47	2 5 8 11
48	8 11 6 9
49	4 1 12 9
50	6 4 7 8
51	10 9 7 1
52	8 7 4 1
53	9 5 8 6
54	1 7 9 8
55	8 6 2 3
56	8 9 5 6
57	1 12 7 10
58	1 8 10 7
59	11 5 8 3
60	7 5 12 9
61	7 3 6 10
62	6 1 8 2
63	7 3 9 12
64	6 11 1 10
65	10 6 1 3
66	4 6 9 5
67	5 6 11 4
68	5 7 3 8
69	6 3 9 10
70	9 7 12 11
71	5 3 4 10
72	3 6 2 8
73	12 10 9 7
74	6 11 2 5
75	4 9 11 12
76	6 7 4 8
77	12 11 6 10
78	3 1 4 9
79	3 8 1 2
80	11 9 12 3
81	4 8 5 1
82	8 3 7 1
83	7 10 5 8
84	9 7 10 3
85	7 5 8 12
86	8 5 12 4
87	7 9 10 1
88	6 4 11 12
89	2 7 6 10
90	1 9 12 7
91	2 11 1 9
92	8 9 2 11
93	3 1 2 6
94	1 2 7 6
95	5 8 10 2
96	5 11 12 6
97	7 10 5 1
98	9 12 3 5
99	11 8 10 6
100	8 1 2 7
