Students	100
1	2 4 8 5
2	10 2 11 12
3	7 4 12 6
4	9 12 11 6
5	2 3 10 6
6	9 5 2 4
7	9 6 12 8
8	5 9 3 2
9	5 2 4 7
10	3 9 5 11
11	10 2 7 12
12	10 11 1 6
13	2 10 7 3
14	8 7 2 1
15	8 9 10 5
16	7 1 6 5
17	9 2 7 6
18	1 11 10 2
19	4 12 2 3
20	5 12 6 1
21	9 2 4 8
22	7 5 1 6
23	3 7 9 10
24	3 1 4 6
25	11 9 6 4
26	8 4 10 3
27	9 2 12 3
28	5 8 3 2
29	10 11 3 9
30	2 12 3 9
31	11 10 9 3
32	8 7 2 3
33	8 6 1 12
34	7 2 1 5
35	1 4 12 3
36	5 12 1 9
37	9 2 5 12
38	11 10 1 2
39	1 9 10 7
40	10 2 11 12
41	4 3 7 1
42	7 8 2 4
43	2 7 12 11
44	8 12 6 10
45	4 11 8 2
46	5 1 3 10
47	2 10 3 5
48	11 12 3 2
49	9 6 1 7
50	3 8 12 4
51	10 9 3 1
52	7 9 1 3
53	12 6 5 1
54	5 10 4 8
55	7 1 10 5
56	11 6 12 4
57	6 10 9 7
58	10 6 1 7
59	11 5 8 12
60	2 1 4 5
61	10 12 1 9
62	9 5 10 11
63	7 4 6 1
64	4 9 5 1
65	4 6 10 8
66	6 9 4 10
67	11 8 2 4
68	1 5 12 8
69	9 1 6 11
70	4 1 9 2
71	10 1 9 2
72	2 11 4 9
73	5 11 12 9
74	4 1 7 6
75	2 9 7 1
76	1 6 3 10
77	4 7 8 10
78	5 6 4 11
79	2 3 9 1
80	12 1 8 6
81	5 1 9 4
82	10 4 9 3
83	3 2 1 12
84	3 12 9 10
85	8 6 11 2
86	4 2 9 7
87	1 8 11 7
88	8 3 5 10
89	5 1 2 9
90	11 2 12 1
91	9 6 7 3
92	12 5 2 11
93	9 5 12 11
94	10 1 12 6
95	8 1 4 12
96	7 10 2 5
97	5 8 6 10
98	4 9 5 7
99	7 3 1 6
100	9 8 7 10
