Students	500
1	2 5 7 10
2	2 1 9 7
3	5 8 10 1
4	10 4 1 9
5	7 1 2 9
6	1 5 6 4
7	1 5 10 9
8	3 2 10 4
9	1 9 7 4
10	3 6 5 9
11	1 6 5 3
12	7 1 6 8
13	9 5 10 2
14	9 5 7 10
15	3 5 7 8
16	4 5 2 7
17	2 3 6 8
18	3 2 8 4
19	5 6 2 3
20	3 4 5 1
21	1 8 10 7
22	4 3 10 7
23	2 8 3 4
24	9 1 7 8
25	10 9 4 3
26	5 9 10 4
27	6 5 2 10
28	1 3 10 6
29	5 9 3 10
30	1 5 6 2
31	5 2 3 7
32	4 10 5 8
33	7 4 1 8
34	8 2 6 9
35	2 5 3 1
36	7 5 2 8
37	6 3 1 7
38	4 2 6 3
39	4 9 1 7
40	8 10 5 9
41	10 5 1 6
42	1 7 4 3
43	1 7 5 2
44	1 9 7 4
45	3 7 9 10
46	5 3 10 2
47	1 6 3 2
48	10 5 1 8
49	3 5 1 9
50	5 3 4 8
51	1 8 6 3
52	9 7 8 3
53	2 5 9 1
54	6 2 4 7
55	3 2 8 9
56	8 3 1 5
57	6 4 1 9
58	1 7 6 9
59	7 8 3 5
60	1 8 7 9
61	4 1 2 5
62	8 4 5 10
63	6 9 5 8
64	2 5 3 4
65	6 2 1 9
66	4 8 3 1
67	10 6 9 5
68	3 1 7 2
69	7 8 3 6
70	3 8 2 5
71	7 9 1 4
72	8 7 4 1
73	2 6 8 4
74	8 5 1 3
75	1 3 7 8
76	2 8 4 3
77	4 5 7 9
78	8 3 2 4
79	7 4 8 1
80	9 2 7 1
81	10 5 1 3
82	1 9 2 7
83	5 1 2 8
84	4 6 8 1
85	1 2 6 7
86	3 5 2 6
87	10 1 8 9
88	4 7 3 9
89	8 5 7 4
90	8 4 7 1
91	4 6 7 2
92	4 2 10 7
93	9 1 6 8
94	7 1 5 3
95	8 5 9 1
96	3 2 1 5
97	7 4 9 3
98	2 7 5 3
99	10 8 6 1
100	8 9 1 5
101	6 4 9 2
102	9 10 8 2
103	8 4 2 9
104	3 2 10 4
105	7 9 4 6
106	8 1 10 4
107	7 6 10 4
108	2 3 8 1
109	7 10 3 9
110	6 9 1 7
111	6 3 8 7
112	5 3 2 6
113	5 10 4 3
114	1 6 4 10
115	10 8 6 1
116	9 8 4 7
117	8 2 6 10
118	6 3 5 2
119	1 2 9 7
120	1 7 8 3
121	4 2 1 7
122	4 6 5 9
123	10 4 3 6
124	9 7 2 5
125	2 9 4 8
126	1 5 4 8
127	3 2 8 6
128	10 1 9 7
129	4 9 10 2
130	9 2 3 8
131	1 3 4 2
132	9 1 3 4
133	5 4 1 3
134	4 2 6 9
135	8 1 7 5
136	4 5 7 2
137	6 1 3 2
138	3 2 10 6
139	6 7 4 5
140	5 4 6 2
141	8 7 3 4
142	6 7 9 8
143	6 10 2 4
144	9 6 4 10
145	6 2 10 5
146	4 3 10 9
147	2 5 7 6
148	5 3 2 4
149	6 4 3 5
150	5 10 7 3
151	3 8 5 10
152	3 2 1 9
153	5 2 1 7
154	6 1 9 4
155	3 7 10 8
156	8 7 10 6
157	1 5 9 4
158	4 9 2 1
159	10 2 7 3
160	9 7 3 2
161	4 7 2 3
162	3 4 5 9
163	7 3 5 1
164	6 7 8 4
165	6 2 7 4
166	3 2 1 10
167	9 4 1 5
168	4 3 8 5
169	1 2 5 10
170	6 4 7 1
171	5 3 9 2
172	2 3 1 8
173	4 3 9 1
174	7 3 9 5
175	8 4 7 3
176	7 9 8 4
177	4 10 7 8
178	4 3 2 7
179	1 5 2 7
180	7 8 9 5
181	2 9 10 1
182	5 1 6 7
183	7 10 6 3
184	5 8 3 7
185	6 3 2 7
186	5 3 10 2
187	1 2 8 5
188	10 2 4 7
189	2 10 4 7
190	9 1 2 4
191	10 6 9 8
192	2 7 4 3
193	3 8 2 1
194	7 10 1 3
195	4 2 1 9
196	6 10 1 2
197	7 4 2 1
198	8 9 3 7
199	6 9 4 7
200	1 6 10 2
201	2 4 9 10
202	5 7 1 6
203	4 6 1 8
204	8 3 7 10
205	3 1 8 2
206	8 7 5 9
207	6 2 4 8
208	1 2 7 4
209	5 8 3 9
210	9 1 7 2
211	9 5 8 1
212	4 6 5 3
213	3 6 7 1
214	7 5 8 6
215	8 7 9 2
216	10 3 9 2
217	5 9 4 6
218	4 2 10 1
219	6 9 3 1
220	2 10 1 8
221	6 1 4 3
222	6 4 10 9
223	10 6 7 3
224	4 5 2 1
225	5 10 2 7
226	7 6 10 3
227	7 8 3 6
228	1 9 8 10
229	9 5 8 1
230	2 7 4 3
231	1 6 2 9
232	10 7 8 2
233	3 10 9 8
234	10 9 1 3
235	4 3 6 1
236	5 3 6 7
237	7 4 6 10
238	10 8 7 4
239	5 7 6 3
240	8 7 10 9
241	2 8 9 5
242	7 4 6 2
243	8 6 10 4
244	8 2 6 9
245	7 2 3 5
246	5 1 8 3
247	10 5 7 1
248	2 1 3 9
249	3 1 4 7
250	1 8 6 2
251	4 5 1 3
252	4 3 5 10
253	7 3 8 2
254	10 1 5 6
255	10 9 3 4
256	7 1 8 6
257	10 4 6 2
258	6 1 7 5
259	5 8 1 9
260	10 2 5 1
261	4 7 2 5
262	1 9 8 3
263	2 10 1 7
264	7 6 9 1
265	6 2 7 1
266	10 2 8 1
267	4 5 6 8
268	9 2 7 4
269	8 4 7 1
270	6 10 7 2
271	2 9 10 3
272	3 7 6 8
273	10 3 6 9
274	2 1 9 3
275	6 4 9 7
276	10 9 1 8
277	9 5 7 4
278	1 2 6 4
279	9 3 8 7
280	3 8 9 4
281	10 5 3 7
282	10 4 8 3
283	9 4 7 5
284	2 5 3 8
285	4 9 1 7
286	6 9 7 2
287	10 6 5 3
288	10 1 8 5
289	3 1 10 9
290	10 4 5 1
291	1 4 10 9
292	10 5 9 7
293	3 10 9 8
294	5 4 8 6
295	4 7 9 8
296	7 2 9 6
297	4 9 10 5
298	8 2 6 4
299	4 1 3 6
300	8 1 9 7
301	8 4 10 6
302	9 4 6 2
303	10 9 1 3
304	2 1 10 8
305	6 2 10 9
306	9 3 10 8
307	2 5 1 7
308	4 5 10 3
309	1 9 3 4
310	7 6 8 1
311	9 8 6 1
312	7 4 5 1
313	10 7 8 4
314	2 1 9 3
315	4 3 1 9
316	4 3 8 7
317	4 10 8 9
318	1 5 3 8
319	6 2 5 10
320	2 7 10 6
321	2 9 1 5
322	6 10 8 4
323	2 10 1 6
324	7 6 5 9
325	1 6 2 10
326	7 1 2 4
327	9 6 2 7
328	9 10 1 6
329	8 4 5 2
330	7 2 5 3
331	9 3 6 1
332	3 4 1 2
333	10 7 4 8
334	6 3 8 2
335	3 9 6 4
336	5 10 2 1
337	8 3 1 9
338	8 7 4 2
339	6 8 3 5
340	9 7 5 2
341	4 3 6 1
342	6 3 4 8
343	7 1 6 3
344	7 9 10 3
345	7 3 6 9
346	7 3 6 1
347	4 3 5 10
348	1 7 10 2
349	7 5 10 2
350	1 9 2 10
351	10 7 8 2
352	4 8 3 2
353	5 10 2 6
354	8 2 9 6
355	6 8 1 4
356	6 8 9 3
357	7 6 3 4
358	4 5 2 7
359	4 8 3 10
360	7 8 1 3
361	1 5 9 3
362	4 7 3 2
363	5 3 8 6
364	2 6 10 5
365	4 8 6 1
366	10 5 7 2
367	1 7 5 9
368	3 5 9 7
369	8 4 7 2
370	9 6 5 8
371	2 6 10 9
372	6 2 3 1
373	9 7 2 10
374	8 9 3 1
375	3 4 5 1
376	3 7 4 8
377	5 6 2 3
378	8 4 7 3
379	5 10 6 4
380	4 9 8 6
381	9 10 5 1
382	2 1 10 4
383	1 9 10 7
384	8 7 5 2
385	8 5 7 4
386	9 7 2 1
387	4 7 3 1
388	9 4 6 7
389	3 2 8 7
390	3 8 10 4
391	8 9 5 2
392	10 8 5 4
393	10 3 4 5
394	8 2 4 5
395	7 5 10 1
396	5 9 6 2
397	10 6 8 1
398	10 5 1 9
399	8 10 5 7
400	2 6 4 7
401	5 1 2 6
402	3 8 9 4
403	2 3 10 6
404	2 6 3 1
405	3 7 10 8
406	1 4 6 8
407	8 3 2 9
408	2 5 6 4
409	6 3 8 4
410	10 8 5 4
411	10 3 5 6
412	8 6 7 3
413	4 1 5 2
414	8 6 3 9
415	8 1 10 2
416	3 7 6 4
417	3 4 8 6
418	8 6 9 10
419	1 10 7 5
420	2 6 3 5
421	4 7 10 8
422	8 9 3 5
423	5 10 7 2
424	3 8 4 6
425	6 2 10 3
426	7 9 2 1
427	6 7 9 10
428	5 3 8 2
429	3 4 5 1
430	2 7 3 10
431	6 1 2 3
432	3 5 6 4
433	6 2 3 9
434	7 3 6 1
435	10 3 2 7
436	5 7 8 2
437	6 7 1 5
438	10 5 4 2
439	2 3 5 7
440	9 7 4 10
441	1 4 9 10
442	3 2 8 4
443	3 8 6 7
444	3 7 8 2
445	10 5 2 1
446	10 9 4 8
447	3 10 5 2
448	8 2 6 10
449	4 1 6 8
450	9 7 3 10
451	5 9 4 2
452	4 1 7 10
453	4 6 10 9
454	8 5 9 3
455	6 2 3 9
456	3 2 8 7
457	7 1 6 5
458	1 4 9 3
459	8 1 6 10
460	1 7 9 8
461	6 4 10 3
462	3 10 5 6
463	2 3 10 1
464	5 4 8 2
465	8 10 2 9
466	8 7 3 2
467	2 10 8 3
468	2 4 9 7
469	8 1 10 2
470	6 5 7 8
471	3 2 8 7
472	5 8 10 3
473	3 7 1 9
474	4 6 10 2
475	7 5 6 9
476	1 5 8 4
477	10 3 2 6
478	10 5 3 9
479	6 10 4 8
480	10 2 8 3
481	9 7 2 1
482	5 10 8 6
483	7 6 3 10
484	1 7 2 8
485	5 4 7 3
486	10 9 7 1
487	6 5 8 7
488	1 8 6 2
489	5 3 9 7
490	1 2 4 6
491	10 3 6 2
492	3 5 10 9
493	3 8 1 6
494	10 7 2 4
495	1 6 7 3
496	8 1 9 5
497	4 10 6 2
498	5 8 4 2
499	10 2 9 1
500	4 7 1 8
