Students	500
1	1 5 8 4
2	1 5 7 2
3	3 8 2 6
4	1 4 6 3
5	1 9 2 10
6	4 3 8 6
7	5 7 6 8
8	10 2 8 6
9	10 2 3 1
10	6 9 5 3
11	10 2 4 8
12	10 2 9 6
13	2 6 3 7
14	3 1 7 9
15	5 2 1 10
16	6 7 2 5
17	7 8 2 10
18	8 6 7 3
19	10 9 4 1
20	8 6 10 9
21	10 5 9 4
22	6 3 9 1
23	4 2 10 5
24	6 9 7 1
25	1 9 10 7
26	8 7 10 2
27	4 2 1 9
28	3 1 10 8
29	2 3 5 10
30	8 1 3 6
31	5 1 7 8
32	7 8 2 1
33	10 7 6 4
34	2 1 10 3
35	7 1 9 5
36	4 10 9 3
37	8 9 4 7
38	2 4 8 9
39	4 7 1 3
40	7 6 3 5
41	9 10 5 4
42	8 10 3 2
43	10 9 2 8
44	8 3 2 4
45	3 10 5 7
46	3 2 9 7
47	4 8 3 5
48	8 4 10 1
49	7 1 9 8
50	3 4 2 1
51	9 6 2 10
52	5 10 7 1
53	2 3 6 9
54	7 10 5 9
55	1 7 4 8
56	10 1 5 4
57	10 2 4 5
58	8 1 5 9
59	3 7 8 9
60	1 4 3 5
61	3 8 6 10
62	6 3 2 10
63	4 1 3 9
64	7 4 10 3
65	9 4 8 7
66	2 10 3 1
67	7 9 10 3
68	2 8 4 6
69	1 3 7 2
70	10 4 7 8
71	8 6 4 7
72	10 8 3 5
73	5 7 3 10
74	1 4 5 2
75	4 8 6 7
76	7 6 4 10
77	5 2 6 7
78	7 8 9 10
79	10 5 3 1
80	4 3 5 6
81	4 2 5 6
82	2 10 1 9
83	6 10 5 9
84	9 10 4 7
85	6 1 2 8
86	10 9 2 8
87	2 8 9 5
88	10 2 4 1
89	4 8 6 7
90	1 6 9 8
91	2 4 5 8
92	3 10 1 5
93	8 7 9 2
94	4 3 8 6
95	1 6 7 3
96	7 10 5 3
97	2 3 6 10
98	1 4 5 7
99	4 1 5 2
100	7 9 1 6
101	6 9 2 3
102	5 8 10 4
103	5 2 10 6
104	7 2 5 9
105	8 6 4 5
106	1 2 9 8
107	3 7 8 4
108	10 7 1 9
109	1 7 10 2
110	6 5 10 1
111	8 3 6 1
112	9 1 7 10
113	5 1 4 2
114	6 8 3 9
115	6 2 8 9
116	6 10 2 9
117	9 2 7 4
118	10 6 2 4
119	5 4 10 7
120	3 5 4 9
121	9 8 4 6
122	2 3 7 5
123	4 7 9 2
124	7 2 5 8
125	2 1 5 3
126	9 3 1 10
127	4 1 2 8
128	5 2 7 3
129	8 3 9 4
130	10 8 2 1
131	4 1 5 2
132	6 2 5 9
133	3 4 6 5
134	8 7 3 6
135	7 4 1 6
136	3 9 4 6
137	3 4 6 2
138	2 7 10 6
139	7 6 10 2
140	9 6 4 7
141	9 7 2 1
142	7 10 5 3
143	1 7 9 2
144	4 6 10 7
145	7 5 9 4
146	8 1 4 2
147	10 3 2 4
148	8 7 10 9
149	4 3 6 2
150	6 4 8 1
151	3 5 2 9
152	7 4 3 5
153	8 3 1 2
154	10 8 9 1
155	4 1 8 6
156	3 7 6 4
157	1 5 3 4
158	1 4 5 10
159	2 7 9 3
160	3 4 6 1
161	2 10 4 3
162	1 7 8 5
163	7 9 4 5
164	4 6 10 5
165	5 6 10 9
166	2 4 6 8
167	2 10 4 6
168	7 1 10 8
169	4 8 6 1
170	2 6 3 1
171	1 8 5 7
172	1 5 4 8
173	5 8 9 3
174	2 9 6 8
175	3 7 1 10
176	6 10 2 9
177	3 8 10 7
178	2 7 6 8
179	2 9 6 10
180	6 4 9 10
181	7 2 5 9
182	6 3 5 4
183	9 6 5 7
184	4 5 6 9
185	8 7 2 10
186	2 5 4 1
187	4 2 7 10
188	7 2 1 3
189	6 1 3 10
190	2 8 10 7
191	4 10 5 3
192	9 2 5 1
193	10 3 4 2
194	9 1 7 4
195	9 5 2 1
196	3 9 1 6
197	1 6 9 4
198	10 9 2 3
199	5 1 9 4
200	1 9 10 3
201	10 9 8 7
202	4 7 5 6
203	6 10 4 3
204	10 1 7 9
205	8 5 4 3
206	4 7 5 8
207	8 5 3 6
208	5 6 1 8
209	3 2 10 9
210	6 10 5 1
211	9 10 4 2
212	1 5 2 6
213	2 1 7 5
214	9 5 6 10
215	2 4 9 6
216	3 5 1 2
217	10 2 3 1
218	5 3 8 2
219	8 5 10 2
220	10 2 1 3
221	9 10 8 1
222	8 4 6 1
223	6 10 8 2
224	7 8 3 10
225	7 6 10 4
226	4 8 6 10
227	5 10 9 2
228	2 7 4 1
229	3 4 10 1
230	1 9 7 10
231	2 6 7 8
232	6 4 8 9
233	2 1 7 3
234	5 4 10 9
235	7 10 4 5
236	4 2 7 8
237	9 7 5 1
238	6 7 2 4
239	8 5 6 4
240	7 9 4 1
241	1 10 4 2
242	2 6 4 5
243	10 8 3 9
244	1 5 10 3
245	9 3 10 6
246	1 3 4 5
247	6 1 3 8
248	8 9 4 10
249	9 5 2 3
250	1 4 2 7
251	1 2 4 7
252	4 10 9 3
253	10 9 1 2
254	6 2 5 9
255	4 1 7 6
256	8 2 6 7
257	9 10 3 4
258	5 1 9 10
259	1 8 10 2
260	3 10 4 2
261	5 2 10 7
262	10 5 4 6
263	10 2 4 9
264	5 7 1 8
265	3 9 7 10
266	6 4 10 3
267	1 5 3 8
268	8 1 5 7
269	4 8 3 6
270	7 1 4 9
271	10 8 1 3
272	6 9 7 10
273	5 4 2 8
274	1 7 9 3
275	5 7 4 2
276	8 1 2 5
277	7 2 5 9
278	8 3 9 1
279	1 10 7 3
280	5 10 3 8
281	4 9 3 6
282	6 4 5 2
283	3 5 1 6
284	2 6 3 5
285	10 2 1 8
286	8 5 3 1
287	6 8 7 3
288	5 9 4 2
289	7 5 9 1
290	5 7 3 2
291	8 9 4 2
292	7 5 3 4
293	10 5 6 3
294	4 5 10 6
295	9 10 8 3
296	8 5 10 6
297	6 3 8 4
298	8 10 6 7
299	9 2 8 6
300	5 10 4 2
301	7 8 10 1
302	10 8 6 2
303	6 3 5 7
304	1 6 10 4
305	1 8 5 6
306	7 1 4 8
307	7 10 2 9
308	5 2 8 4
309	7 4 5 8
310	2 5 3 9
311	8 6 7 10
312	8 7 9 3
313	10 7 5 9
314	8 2 6 7
315	10 7 3 5
316	7 4 8 3
317	6 7 2 10
318	2 6 8 4
319	4 5 2 6
320	2 7 10 9
321	2 1 6 7
322	7 4 3 10
323	4 2 5 7
324	4 10 7 8
325	1 7 6 2
326	4 10 5 1
327	1 6 8 7
328	9 7 2 8
329	8 3 5 7
330	3 1 8 2
331	4 10 8 9
332	10 7 2 5
333	8 10 1 7
334	8 5 4 9
335	7 2 5 6
336	4 2 5 1
337	3 9 8 1
338	6 1 7 10
339	2 4 8 10
340	2 10 7 6
341	10 1 6 4
342	7 8 10 4
343	8 4 2 3
344	1 7 6 9
345	9 2 4 10
346	10 3 4 8
347	1 5 4 3
348	3 10 9 5
349	7 1 6 2
350	8 6 1 10
351	5 2 9 8
352	9 5 10 2
353	1 7 3 8
354	6 2 3 8
355	6 7 1 10
356	4 8 9 7
357	1 6 3 9
358	9 6 7 2
359	8 4 9 1
360	7 1 6 4
361	1 2 9 3
362	1 3 7 6
363	3 4 7 2
364	2 5 1 8
365	3 6 9 4
366	1 10 8 5
367	9 6 8 4
368	2 3 6 8
369	6 1 5 4
370	7 8 1 3
371	8 7 4 10
372	4 8 7 2
373	5 2 6 3
374	5 9 4 10
375	7 4 2 6
376	10 8 6 3
377	5 2 9 6
378	8 4 9 1
379	1 5 9 4
380	4 1 9 7
381	3 10 9 4
382	4 5 7 6
383	3 9 5 7
384	8 4 7 6
385	6 8 7 1
386	7 4 2 1
387	10 2 4 8
388	7 8 9 2
389	7 5 1 2
390	5 8 10 9
391	7 6 10 4
392	7 9 6 5
393	8 6 10 7
394	10 5 1 9
395	2 5 3 4
396	9 4 8 1
397	8 5 7 1
398	7 10 4 3
399	1 7 2 3
400	9 10 6 7
401	9 3 6 7
402	10 1 9 5
403	5 2 3 8
404	1 8 3 6
405	3 5 7 10
406	9 5 3 6
407	8 2 5 6
408	4 2 8 1
409	1 6 5 8
410	5 10 2 8
411	4 2 3 5
412	1 7 9 10
413	1 2 9 8
414	5 2 4 1
415	7 4 6 1
416	9 8 1 2
417	8 10 2 5
418	1 8 6 10
419	3 10 8 2
420	9 2 3 1
421	9 10 2 1
422	5 10 1 8
423	6 2 7 10
424	6 3 4 5
425	8 3 9 2
426	9 1 5 7
427	4 7 8 6
428	2 1 9 3
429	10 5 6 9
430	6 10 5 1
431	10 9 2 1
432	6 1 9 10
433	2 1 7 4
434	4 2 7 10
435	1 2 6 10
436	6 3 9 4
437	4 8 5 6
438	6 7 9 1
439	8 7 3 9
440	4 9 7 6
441	8 2 3 10
442	6 10 4 7
443	9 2 1 5
444	1 2 7 8
445	2 4 1 8
446	3 9 8 4
447	7 9 5 2
448	5 10 4 1
449	3 1 4 7
450	2 7 3 6
451	8 10 2 3
452	7 5 3 9
453	1 7 2 5
454	2 10 5 8
455	9 2 6 7
456	9 5 6 4
457	8 4 7 1
458	7 5 10 1
459	10 7 6 2
460	10 2 6 1
461	5 4 8 7
462	5 3 1 7
463	6 8 10 2
464	8 6 4 2
465	8 9 7 1
466	2 3 7 8
467	3 1 5 2
468	10 4 5 9
469	4 1 5 9
470	3 10 2 7
471	4 5 8 10
472	4 8 10 5
473	9 2 4 5
474	8 2 6 10
475	6 10 9 1
476	1 6 10 3
477	7 4 9 3
478	5 3 8 7
479	9 5 8 3
480	10 3 1 5
481	6 1 4 8
482	9 2 3 6
483	10 1 9 8
484	1 3 9 7
485	4 10 6 8
486	10 5 3 1
487	7 5 8 3
488	2 1 4 8
489	4 8 10 3
490	10 4 3 5
491	9 4 1 2
492	8 2 10 9
493	10 6 1 4
494	3 5 10 7
495	3 6 2 4
496	4 2 1 8
497	10 2 8 6
498	7 9 2 1
499	3 7 6 2
500	6 7 8 9
