Students	500
1	9 8 5 2
2	3 7 1 5
3	8 1 10 7
4	6 3 1 5
5	1 6 2 8
6	5 10 1 9
7	1 7 8 10
8	7 2 8 1
9	4 9 1 7
10	2 10 6 3
11	6 5 2 3
12	10 8 3 9
13	3 5 4 1
14	1 6 9 8
15	5 3 1 6
16	10 8 5 9
17	9 7 6 4
18	9 1 10 4
19	2 9 3 7
20	2 5 8 1
21	6 1 10 8
22	3 2 1 10
23	10 2 1 4
24	7 6 3 2
25	2 3 10 8
26	4 8 3 5
27	10 2 6 4
28	3 1 4 7
29	3 4 2 7
30	3 8 6 10
31	6 1 8 4
32	6 10 2 8
33	6 2 5 3
34	4 10 8 1
35	10 3 8 4
36	2 5 1 6
37	4 1 10 2
38	7 9 6 8
39	9 1 2 8
40	5 3 4 1
41	3 8 7 9
42	5 2 9 1
43	9 6 10 1
44	2 5 1 9
45	8 1 7 3
46	3 10 4 9
47	8 6 4 10
48	10 7 6 4
49	10 2 3 1
50	1 9 3 10
51	2 10 8 9
52	4 10 1 6
53	1 10 2 4
54	1 6 2 4
55	7 6 5 8
56	2 1 10 3
57	9 5 3 2
58	3 9 10 6
59	2 1 4 7
60	9 6 10 8
61	1 9 2 8
62	7 3 10 5
63	3 10 1 7
64	9 7 6 5
65	8 7 1 2
66	2 9 6 5
67	9 4 7 6
68	2 5 10 6
69	8 1 2 9
70	7 4 10 6
71	3 2 1 9
72	2 8 10 3
73	8 10 3 2
74	3 1 4 6
75	7 9 10 2
76	7 1 4 3
77	6 8 10 4
78	5 6 2 7
79	2 7 1 10
80	9 8 1 10
81	7 3 9 2
82	10 9 7 5
83	2 1 7 5
84	1 6 5 4
85	3 9 6 5
86	9 7 6 10
87	5 7 2 9
88	8 10 5 9
89	4 9 1 6
90	5 3 10 1
91	3 4 5 7
92	7 1 2 3
93	7 9 6 2
94	9 8 3 7
95	1 5 2 9
96	3 10 4 6
97	2 10 7 4
98	9 5 2 1
99	2 8 3 4
100	8 2 5 1
101	9 5 10 1
102	1 10 2 5
103	3 1 6 10
104	8 10 2 4
105	4 9 6 3
106	3 2 1 7
107	5 4 10 3
108	8 4 9 1
109	1 10 6 4
110	6 8 9 1
111	6 4 2 5
112	3 1 7 6
113	1 8 4 10
114	10 1 8 7
115	3 7 6 1
116	8 6 9 5
117	7 9 3 10
118	1 10 9 3
119	1 8 2 10
120	9 8 6 7
121	1 3 9 7
122	9 2 1 5
123	10 4 3 7
124	7 3 10 1
125	9 5 1 7
126	9 7 6 2
127	6 8 5 1
128	9 6 4 1
129	5 4 1 3
130	5 4 8 6
131	7 3 5 9
132	10 8 7 2
133	7 8 9 10
134	4 6 8 3
135	4 3 7 2
136	2 3 6 5
137	8 3 2 6
138	9 3 8 7
139	7 2 6 10
140	10 1 7 8
141	7 5 3 9
142	4 10 5 1
143	10 2 6 4
144	2 6 9 4
145	2 10 6 1
146	10 4 8 5
147	6 4 5 1
148	3 7 4 6
149	7 9 6 10
150	9 4 1 8
151	10 1 9 8
152	1 8 5 7
153	3 10 6 1
154	4 2 5 1
155	9 4 6 5
156	7 1 8 4
157	2 3 5 10
158	3 1 6 2
159	3 8 9 10
160	9 7 4 10
161	8 6 4 2
162	8 10 9 1
163	5 1 7 10
164	9 8 10 6
165	4 2 5 7
166	7 10 4 2
167	9 1 4 2
168	5 10 4 8
169	10 9 8 7
170	6 7 1 9
171	7 2 5 10
172	10 7 3 5
173	7 3 2 1
174	4 7 5 6
175	9 6 7 1
176	3 7 8 2
177	10 9 8 3
178	9 5 3 1
179	10 8 1 5
180	10 8 7 3
181	1 10 3 2
182	9 5 1 8
183	4 5 8 9
184	5 9 8 10
185	9 1 2 3
186	1 3 5 7
187	2 9 5 8
188	4 9 10 8
189	6 5 3 4
190	6 2 4 8
191	9 3 2 1
192	2 10 4 1
193	2 7 8 10
194	1 7 10 4
195	4 3 2 10
196	4 1 7 8
197	4 9 1 8
198	7 6 4 2
199	5 1 10 3
200	1 10 2 7
201	2 7 9 1
202	9 8 10 1
203	6 4 1 3
204	3 6 9 5
205	2 1 5 3
206	6 9 5 4
207	5 3 9 4
208	3 9 10 7
209	7 6 8 4
210	7 5 2 10
211	3 8 9 4
212	2 5 4 8
213	4 5 7 6
214	4 1 6 7
215	3 4 1 10
216	6 3 1 8
217	6 7 9 4
218	8 7 4 10
219	1 4 10 2
220	4 5 3 7
221	4 8 7 10
222	8 1 9 6
223	8 3 2 7
224	9 5 8 7
225	3 9 2 6
226	1 3 6 9
227	4 8 7 10
228	4 6 7 9
229	10 6 8 3
230	10 5 7 4
231	3 5 6 2
232	5 7 6 9
233	1 9 8 10
234	2 4 7 5
235	3 2 8 1
236	8 9 7 10
237	4 5 6 2
238	1 5 10 9
239	3 7 10 8
240	6 9 1 7
241	5 6 8 3
242	6 7 9 5
243	1 2 8 9
244	8 5 3 9
245	8 3 1 10
246	4 1 8 2
247	10 1 2 5
248	9 4 7 6
249	6 1 4 8
250	4 8 5 1
251	9 4 5 7
252	4 8 6 7
253	10 1 9 4
254	4 3 7 10
255	9 8 2 7
256	1 8 7 5
257	9 7 4 10
258	7 8 1 5
259	2 1 8 7
260	8 1 6 7
261	8 1 6 2
262	9 2 8 1
263	6 1 7 5
264	10 4 5 7
265	6 9 4 10
266	9 4 10 3
267	9 6 3 7
268	9 1 4 2
269	5 9 1 7
270	6 3 4 7
271	4 5 9 10
272	8 1 5 3
273	10 3 8 2
274	1 3 7 2
275	1 7 8 9
276	8 7 4 2
277	3 6 8 10
278	10 8 6 3
279	2 10 6 9
280	3 1 6 9
281	5 1 8 2
282	4 3 1 5
283	6 10 1 2
284	10 5 8 3
285	2 9 6 10
286	2 8 9 7
287	6 8 5 4
288	8 9 10 7
289	8 9 5 2
290	4 7 6 3
291	9 8 1 5
292	10 3 5 9
293	9 7 10 8
294	5 7 3 1
295	10 4 2 9
296	7 4 10 8
297	8 4 6 10
298	9 10 7 4
299	9 4 3 1
300	4 6 10 5
301	6 2 4 9
302	7 4 10 3
303	4 2 3 6
304	8 10 3 5
305	5 10 3 4
306	4 9 3 8
307	2 5 3 8
308	8 6 3 7
309	5 10 7 3
310	9 5 3 2
311	2 4 6 1
312	2 6 3 1
313	6 7 2 5
314	4 3 2 9
315	6 5 4 10
316	8 3 9 5
317	2 8 10 9
318	6 1 8 5
319	8 6 5 1
320	1 10 2 7
321	2 8 9 4
322	3 5 8 7
323	8 4 3 7
324	6 5 2 10
325	5 2 9 10
326	1 7 2 4
327	7 9 1 5
328	4 1 8 5
329	10 5 3 4
330	9 2 8 7
331	2 8 9 7
332	8 5 6 4
333	1 2 9 7
334	5 10 4 3
335	1 3 8 2
336	6 2 3 7
337	3 4 7 6
338	3 2 6 5
339	5 3 10 4
340	4 5 6 7
341	9 4 10 5
342	9 7 1 6
343	3 1 7 8
344	5 7 10 3
345	3 1 7 9
346	6 5 7 8
347	5 8 7 6
348	6 10 4 1
349	3 5 8 6
350	7 1 10 5
351	10 9 7 1
352	10 5 9 6
353	7 9 1 8
354	8 5 10 3
355	4 8 6 10
356	9 1 7 5
357	7 1 5 3
358	8 7 3 1
359	9 3 1 10
360	8 2 7 9
361	10 2 9 7
362	4 6 2 1
363	1 10 2 6
364	2 10 7 9
365	1 4 5 10
366	5 10 6 3
367	9 3 10 8
368	7 5 6 4
369	4 2 8 1
370	10 2 9 4
371	6 8 2 4
372	4 10 8 2
373	8 9 3 1
374	5 4 6 3
375	6 9 8 7
376	5 10 2 1
377	7 6 2 9
378	8 6 1 9
379	8 5 7 4
380	1 4 5 6
381	4 3 1 6
382	7 4 10 2
383	2 10 5 4
384	5 3 6 2
385	6 9 10 4
386	4 2 9 5
387	5 2 7 8
388	9 2 6 3
389	1 8 7 9
390	7 3 8 2
391	10 1 5 2
392	3 8 5 1
393	2 10 4 1
394	8 10 3 9
395	5 9 8 7
396	1 3 8 9
397	8 10 7 9
398	5 3 8 2
399	3 8 7 9
400	3 2 10 7
401	1 6 5 9
402	6 4 2 7
403	1 4 2 5
404	9 5 8 7
405	10 2 5 4
406	10 7 5 3
407	10 9 3 4
408	4 6 2 7
409	2 7 3 8
410	1 4 9 6
411	10 1 2 4
412	7 6 1 4
413	7 9 2 8
414	8 6 7 5
415	2 9 7 10
416	5 7 4 2
417	6 9 2 5
418	4 2 3 7
419	10 8 9 4
420	1 5 8 6
421	2 8 10 4
422	6 10 2 3
423	7 8 5 2
424	4 6 3 9
425	3 6 7 2
426	8 2 6 7
427	8 5 3 1
428	9 2 8 10
429	1 6 2 8
430	10 2 6 4
431	6 5 4 8
432	10 9 5 4
433	3 9 8 4
434	10 2 6 7
435	6 7 5 4
436	9 1 4 2
437	8 9 6 5
438	1 10 8 6
439	10 8 3 4
440	7 9 6 8
441	7 8 3 2
442	1 4 8 5
443	9 5 8 1
444	7 5 9 6
445	8 10 4 6
446	10 6 3 7
447	2 6 4 8
448	7 3 9 8
449	4 2 6 3
450	9 6 8 4
451	3 8 7 5
452	1 10 3 6
453	6 7 8 10
454	6 2 3 9
455	6 4 5 1
456	1 5 9 10
457	3 5 2 4
458	5 2 7 4
459	3 7 2 8
460	3 1 4 5
461	3 10 2 4
462	10 7 1 5
463	6 8 4 7
464	4 9 7 2
465	5 7 6 9
466	1 4 8 3
467	6 9 8 7
468	4 3 9 6
469	3 1 6 10
470	5 7 10 8
471	3 4 8 6
472	7 4 2 8
473	6 1 7 9
474	8 9 7 1
475	2 1 3 7
476	4 5 8 10
477	10 2 1 4
478	10 8 5 9
479	7 6 10 2
480	3 2 7 8
481	4 9 10 5
482	1 10 9 5
483	8 6 9 7
484	6 2 3 7
485	8 3 1 5
486	6 4 5 7
487	1 4 9 8
488	1 9 3 5
489	6 9 10 1
490	7 3 4 5
491	9 4 6 7
492	10 3 8 7
493	3 1 9 7
494	1 4 6 3
495	7 4 5 9
496	1 6 4 10
497	7 6 9 2
498	8 4 10 5
499	7 3 1 2
500	2 9 1 7
