Students	500
1	8 7 5 4
2	5 1 4 2
3	9 1 7 3
4	3 9 1 8
5	6 8 3 7
6	7 2 6 10
7	7 4 3 6
8	10 2 7 6
9	5 7 9 10
10	6 10 2 9
11	10 4 1 7
12	4 2 8 6
13	7 2 5 3
14	4 9 7 10
15	8 5 3 4
16	4 3 2 1
17	5 1 8 4
18	3 2 9 1
19	4 10 3 2
20	6 1 7 4
21	7 10 8 4
22	3 2 5 6
23	7 1 9 8
24	8 9 5 3
25	5 7 10 6
26	4 5 7 9
27	8 6 7 4
28	5 1 6 10
29	10 5 1 8
30	7 1 3 4
31	9 3 10 5
32	3 7 8 4
33	7 1 8 2
34	5 8 9 10
35	10 6 9 8
36	1 7 5 10
37	7 3 5 8
38	8 6 5 10
39	6 5 1 9
40	9 8 4 7
41	10 6 2 4
42	9 6 5 1
43	10 5 2 3
44	7 1 4 5
45	8 3 1 7
46	9 3 6 2
47	1 3 2 10
48	10 6 4 5
49	10 9 2 4
50	8 1 10 2
51	3 10 5 1
52	9 8 7 5
53	7 8 6 1
54	8 1 7 6
55	9 10 2 4
56	7 6 8 4
57	8 1 3 10
58	3 7 8 6
59	8 10 7 4
60	7 4 8 6
61	7 6 5 2
62	2 3 5 9
63	6 3 10 8
64	4 6 7 8
65	7 5 1 4
66	7 4 8 1
67	3 9 5 7
68	3 6 10 9
69	2 3 5 6
70	2 6 1 8
71	8 7 9 4
72	2 5 4 6
73	2 9 6 7
74	2 5 7 3
75	4 10 2 1
76	4 6 7 10
77	10 5 7 8
78	10 9 8 1
79	4 5 10 2
80	4 10 8 9
81	8 2 3 1
82	2 7 8 6
83	7 1 3 4
84	2 10 8 3
85	4 2 9 1
86	2 10 6 1
87	2 10 8 9
88	10 4 9 5
89	2 3 7 1
90	6 8 10 4
91	1 5 10 7
92	9 2 8 5
93	4 1 9 8
94	1 10 9 3
95	8 2 1 7
96	5 3 8 6
97	9 3 6 5
98	7 10 3 5
99	1 5 9 3
100	9 3 10 2
101	3 4 5 9
102	5 1 10 6
103	10 1 7 2
104	10 8 9 3
105	8 5 3 10
106	9 6 10 1
107	3 2 10 4
108	3 10 8 5
109	10 6 4 2
110	4 3 5 6
111	4 5 7 2
112	8 9 3 10
113	6 7 2 8
114	8 10 7 9
115	3 8 10 2
116	7 8 5 2
117	8 3 7 1
118	4 10 9 1
119	7 8 5 1
120	9 8 4 2
121	7 1 4 5
122	10 4 6 7
123	5 10 3 1
124	8 9 5 10
125	4 6 5 9
126	9 6 8 7
127	5 3 7 9
128	4 7 3 5
129	8 6 9 7
130	5 8 6 10
131	1 2 10 7
132	2 8 1 4
133	2 4 5 10
134	5 10 8 4
135	8 9 2 7
136	3 9 10 4
137	4 7 9 3
138	8 1 2 7
139	8 4 2 10
140	3 2 5 6
141	2 7 4 5
142	3 6 9 2
143	5 4 10 3
144	7 1 6 2
145	3 4 1 6
146	4 3 7 6
147	7 3 8 4
148	5 1 4 8
149	7 10 8 6
150	3 8 7 4
151	3 5 6 1
152	7 4 3 1
153	9 10 4 5
154	3 6 7 4
155	8 3 1 2
156	3 10 6 5
157	3 5 1 6
158	1 9 6 10
159	4 6 8 3
160	9 5 1 2
161	3 4 7 5
162	4 9 7 1
163	1 9 10 2
164	8 1 9 10
165	9 4 3 8
166	7 9 3 1
167	7 3 9 6
168	6 5 4 2
169	10 9 8 2
170	7 5 2 3
171	10 9 8 4
172	4 3 5 10
173	4 7 2 3
174	9 10 6 4
175	7 1 2 4
176	4 2 6 7
177	7 1 4 2
178	1 8 6 9
179	10 4 2 3
180	3 4 8 2
181	4 10 3 8
182	2 1 8 10
183	7 6 2 10
184	9 3 6 2
185	1 2 10 5
186	6 9 2 1
187	8 10 4 2
188	3 7 5 10
189	2 1 3 5
190	8 3 6 7
191	10 3 1 7
192	9 8 6 3
193	9 10 2 1
194	2 5 8 9
195	4 6 5 1
196	5 6 7 3
197	3 2 9 7
198	6 5 3 8
199	9 3 8 7
200	2 1 9 3
201	2 3 1 8
202	3 4 6 1
203	10 3 9 5
204	4 2 7 9
205	10 5 6 4
206	9 7 2 5
207	1 10 9 5
208	9 8 6 5
209	1 4 8 6
210	9 7 1 8
211	5 2 9 1
212	9 7 8 2
213	6 5 7 9
214	7 1 5 10
215	10 7 9 1
216	5 10 9 2
217	10 9 7 2
218	4 7 8 10
219	1 9 6 8
220	1 8 9 2
221	3 4 9 10
222	2 9 7 4
223	4 7 2 10
224	2 3 5 10
225	9 1 6 8
226	4 1 9 5
227	5 4 10 9
228	4 2 9 5
229	8 1 4 3
230	10 5 7 4
231	4 5 9 1
232	4 5 2 7
233	9 1 10 3
234	6 3 4 5
235	5 1 3 6
236	5 4 2 10
237	4 2 5 7
238	4 10 6 3
239	10 3 2 7
240	9 3 7 5
241	8 5 3 10
242	2 5 4 6
243	4 10 2 9
244	9 6 10 7
245	8 7 1 9
246	5 7 3 9
247	1 4 3 7
248	3 9 5 4
249	5 2 9 7
250	4 1 2 6
251	5 9 4 1
252	9 10 2 5
253	9 5 3 6
254	10 3 8 6
255	7 8 10 6
256	4 2 5 7
257	8 9 10 2
258	1 8 10 4
259	10 4 7 6
260	10 2 7 6
261	7 3 2 5
262	1 10 6 2
263	9 10 1 2
264	4 3 9 2
265	1 2 4 7
266	10 8 4 5
267	7 5 3 4
268	9 6 5 7
269	9 10 4 5
270	10 6 7 9
271	4 9 2 5
272	5 4 10 8
273	1 5 9 4
274	3 9 5 10
275	10 6 4 2
276	8 10 6 7
277	1 3 2 7
278	5 9 7 2
279	6 9 10 8
280	1 3 4 6
281	1 2 10 6
282	5 2 1 7
283	4 5 2 9
284	5 7 6 3
285	2 3 6 8
286	1 3 9 7
287	3 10 4 5
288	8 2 4 10
289	7 9 10 5
290	3 5 1 7
291	3 8 1 10
292	4 5 6 1
293	3 8 1 5
294	2 10 7 1
295	5 7 2 3
296	8 5 2 9
297	8 5 9 3
298	10 2 5 6
299	10 7 2 3
300	10 4 1 5
301	8 7 10 3
302	10 5 2 8
303	8 7 2 5
304	10 5 1 2
305	6 10 9 3
306	3 2 5 10
307	5 10 3 2
308	9 7 4 8
309	3 4 8 1
310	9 3 4 2
311	6 4 3 2
312	8 4 5 10
313	4 6 5 7
314	5 2 9 8
315	6 3 10 7
316	1 4 8 6
317	8 3 7 2
318	4 3 9 10
319	1 8 10 5
320	1 6 9 7
321	1 10 3 6
322	9 1 7 10
323	9 3 8 1
324	6 7 10 4
325	7 3 4 5
326	6 1 3 10
327	9 4 1 8
328	1 10 4 8
329	2 6 10 1
330	1 6 3 8
331	6 4 2 9
332	9 7 6 2
333	10 2 4 6
334	8 10 1 6
335	2 7 5 10
336	4 1 8 9
337	5 9 2 4
338	5 3 9 2
339	4 8 3 10
340	5 4 9 7
341	5 1 4 6
342	6 5 2 3
343	10 5 8 1
344	5 10 8 3
345	9 2 3 8
346	9 2 5 10
347	6 4 8 9
348	7 10 2 8
349	6 3 2 7
350	9 8 3 10
351	8 10 6 1
352	9 1 6 2
353	9 10 8 4
354	5 3 4 1
355	1 10 4 7
356	5 1 8 7
357	1 10 9 6
358	7 10 2 6
359	3 2 6 5
360	8 9 1 10
361	1 10 8 7
362	9 2 7 6
363	9 10 7 3
364	3 4 8 2
365	2 5 1 6
366	6 10 7 1
367	3 8 6 9
368	8 7 6 10
369	4 8 1 3
370	9 4 3 5
371	1 5 2 10
372	7 4 1 6
373	9 5 8 2
374	5 6 9 7
375	2 1 4 7
376	1 3 10 9
377	9 2 5 7
378	8 6 10 4
379	5 4 8 1
380	1 10 5 7
381	3 9 2 10
382	3 2 1 5
383	7 4 2 3
384	6 2 7 3
385	9 8 10 4
386	5 3 2 6
387	5 3 1 10
388	3 7 2 5
389	1 5 6 9
390	1 6 5 10
391	3 2 9 7
392	1 10 4 8
393	10 4 2 5
394	6 4 10 8
395	9 6 10 8
396	9 5 7 2
397	3 6 4 8
398	3 5 10 8
399	6 10 2 3
400	8 7 2 4
401	2 5 7 6
402	8 3 1 6
403	3 6 5 4
404	6 9 3 7
405	7 2 1 5
406	6 5 7 1
407	9 1 5 8
408	10 8 2 5
409	9 2 5 3
410	2 6 3 4
411	1 5 2 8
412	5 6 1 3
413	8 2 9 5
414	7 3 1 8
415	3 8 1 4
416	6 7 4 10
417	10 3 7 6
418	3 4 1 6
419	10 4 7 6
420	10 4 7 8
421	8 10 3 4
422	10 5 6 3
423	5 3 8 10
424	7 2 1 4
425	10 3 2 4
426	4 6 9 1
427	5 2 10 8
428	10 7 8 5
429	2 5 7 8
430	3 9 1 7
431	4 6 8 5
432	5 7 2 10
433	2 8 4 6
434	10 4 3 6
435	3 2 5 9
436	1 9 8 5
437	4 2 1 3
438	9 10 8 6
439	8 2 1 10
440	7 6 5 8
441	3 1 5 2
442	1 7 6 9
443	2 10 6 4
444	10 5 9 6
445	9 2 5 4
446	10 8 9 3
447	3 9 4 7
448	3 8 7 5
449	10 9 3 6
450	10 4 9 8
451	5 4 1 6
452	7 6 10 8
453	3 8 9 5
454	2 3 8 10
455	3 7 9 5
456	7 9 3 5
457	5 6 7 8
458	2 3 8 5
459	4 6 9 7
460	6 7 8 10
461	6 9 3 2
462	3 2 5 1
463	9 7 3 2
464	8 10 9 5
465	5 3 8 10
466	10 1 3 5
467	9 10 5 2
468	5 7 2 9
469	6 4 5 8
470	8 5 2 10
471	2 1 9 6
472	5 2 1 3
473	3 9 1 5
474	6 3 4 5
475	1 3 8 10
476	10 4 6 9
477	4 2 9 3
478	7 1 6 10
479	8 1 2 6
480	6 1 4 5
481	1 9 3 10
482	1 7 5 9
483	10 1 3 4
484	9 6 2 10
485	6 7 3 2
486	2 6 4 9
487	4 6 5 9
488	2 5 7 3
489	7 2 10 5
490	2 4 7 8
491	3 4 6 1
492	1 2 10 4
493	10 8 9 2
494	6 5 8 4
495	1 10 6 7
496	7 5 4 6
497	9 7 5 1
498	1 4 7 2
499	1 2 8 6
500	1 3 10 4
