Students	500
1	3 2 5 7
2	6 2 8 10
3	5 8 3 4
4	2 3 7 10
5	7 2 9 1
6	8 5 2 3
7	7 8 4 5
8	1 3 7 8
9	8 10 3 4
10	6 10 1 5
11	7 6 8 1
12	10 5 7 8
13	1 2 9 8
14	9 1 8 2
15	6 9 8 7
16	3 4 7 1
17	8 4 5 9
18	3 7 2 8
19	8 2 4 9
20	5 3 6 1
21	7 2 3 8
22	3 7 9 2
23	8 2 6 9
24	2 9 6 8
25	4 2 1 7
26	5 8 9 1
27	8 3 10 1
28	3 4 2 6
29	6 7 8 3
30	5 7 9 4
31	2 10 6 1
32	10 8 6 4
33	6 4 1 10
34	1 6 3 7
35	6 4 10 8
36	2 4 10 3
37	7 3 2 5
38	7 2 5 9
39	1 9 5 2
40	6 5 3 7
41	2 9 4 3
42	1 7 6 2
43	7 4 2 1
44	10 5 4 7
45	4 6 9 2
46	3 4 8 1
47	7 10 9 4
48	5 3 10 9
49	5 8 4 10
50	4 5 9 2
51	2 5 10 6
52	6 3 2 10
53	8 10 2 1
54	2 10 8 1
55	4 9 2 1
56	9 7 5 4
57	1 6 10 7
58	10 7 8 9
59	2 8 7 1
60	6 2 3 4
61	4 10 8 3
62	9 6 8 3
63	1 5 6 2
64	5 9 10 1
65	6 5 1 8
66	10 4 5 2
67	3 2 9 5
68	10 6 3 1
69	7 1 8 9
70	2 10 5 9
71	1 10 2 7
72	6 8 5 4
73	1 3 4 5
74	8 2 7 1
75	2 1 9 10
76	5 8 7 4
77	3 7 5 10
78	7 8 4 3
79	5 9 6 3
80	8 9 3 4
81	1 7 9 3
82	1 2 7 8
83	7 4 2 3
84	9 5 3 4
85	6 2 10 7
86	10 4 6 8
87	10 2 3 5
88	6 9 10 8
89	5 7 1 9
90	3 6 8 10
91	7 9 1 5
92	1 7 8 9
93	2 10 8 7
94	8 1 6 5
95	10 4 5 3
96	9 5 7 8
97	1 5 8 4
98	10 1 5 9
99	9 8 1 6
100	9 5 4 10
101	5 8 7 6
102	3 9 4 8
103	3 8 1 7
104	2 4 10 6
105	9 10 1 6
106	4 2 9 7
107	6 10 2 8
108	7 8 4 5
109	2 5 1 6
110	7 1 9 5
111	1 4 9 2
112	1 6 10 3
113	5 8 2 3
114	4 1 5 7
115	3 2 6 4
116	8 7 4 2
117	6 2 10 9
118	1 2 9 7
119	5 7 4 10
120	8 3 1 6
121	9 8 2 6
122	7 4 2 6
123	2 5 9 7
124	7 9 2 10
125	1 4 9 5
126	9 3 7 6
127	6 2 8 10
128	8 2 5 9
129	7 10 5 1
130	4 2 10 5
131	2 5 8 1
132	5 3 6 7
133	4 8 7 6
134	5 1 10 7
135	2 7 8 1
136	5 2 3 4
137	2 5 10 8
138	8 2 10 4
139	1 4 9 7
140	7 6 8 3
141	10 6 1 2
142	1 7 6 5
143	6 4 5 9
144	7 8 10 2
145	2 3 7 6
146	4 6 2 3
147	3 6 7 10
148	5 4 7 10
149	10 5 7 9
150	3 6 5 9
151	6 7 5 9
152	6 3 5 8
153	4 9 7 8
154	1 6 8 2
155	6 2 4 8
156	5 9 3 10
157	5 8 2 7
158	1 8 2 4
159	5 1 4 2
160	1 10 7 4
161	8 4 5 9
162	8 2 4 9
163	9 5 2 3
164	6 1 5 8
165	8 5 3 6
166	2 1 8 5
167	3 2 10 8
168	8 1 5 7
169	1 4 9 10
170	3 9 6 2
171	7 3 2 6
172	3 8 2 5
173	2 1 10 9
174	8 9 10 3
175	1 5 10 4
176	2 6 5 8
177	1 9 7 6
178	5 10 8 7
179	8 10 2 6
180	6 3 4 8
181	8 3 1 4
182	5 7 1 8
183	10 6 5 1
184	1 4 3 9
185	2 3 1 5
186	7 2 10 6
187	5 9 6 7
188	6 2 3 9
189	2 3 6 4
190	10 3 7 5
191	4 6 10 8
192	9 2 1 6
193	6 9 5 7
194	8 3 6 5
195	6 3 2 5
196	2 1 3 6
197	2 3 8 4
198	2 5 8 9
199	7 1 6 4
200	1 5 2 7
201	2 6 1 7
202	7 1 6 8
203	1 2 8 3
204	6 9 3 4
205	5 6 9 10
206	2 4 8 9
207	9 3 1 10
208	4 5 1 3
209	1 8 3 2
210	5 2 10 9
211	4 7 10 1
212	6 1 7 2
213	10 9 2 5
214	1 9 8 7
215	3 5 2 7
216	8 9 10 6
217	2 8 10 1
218	9 2 8 5
219	10 8 2 6
220	7 9 2 1
221	9 8 3 6
222	8 3 10 7
223	5 8 6 2
224	1 10 7 3
225	7 4 9 6
226	2 1 7 10
227	8 10 7 5
228	1 6 7 8
229	3 7 6 8
230	7 4 10 9
231	4 5 8 10
232	3 6 1 9
233	7 2 8 5
234	7 3 1 9
235	5 2 6 4
236	5 10 8 4
237	2 7 9 4
238	10 5 6 3
239	5 10 2 3
240	7 10 4 1
241	5 4 6 10
242	10 9 2 6
243	3 7 9 5
244	2 4 7 6
245	7 5 1 4
246	9 4 5 8
247	6 3 2 5
248	1 6 9 3
249	4 9 8 3
250	8 2 5 10
251	8 9 5 4
252	9 7 3 2
253	10 7 5 9
254	10 8 2 5
255	6 7 2 4
256	5 1 6 7
257	4 6 1 7
258	6 10 4 3
259	3 8 9 4
260	10 2 5 8
261	4 1 5 9
262	7 10 1 5
263	3 8 1 7
264	6 2 10 5
265	2 4 9 5
266	5 8 10 4
267	8 3 9 5
268	6 4 8 3
269	4 5 9 8
270	7 4 5 9
271	5 3 6 4
272	4 1 6 9
273	4 1 2 3
274	3 10 1 2
275	10 4 9 6
276	1 6 9 5
277	10 1 6 8
278	2 9 8 4
279	6 3 2 8
280	9 1 6 8
281	5 4 6 9
282	5 4 3 6
283	3 1 9 7
284	10 7 5 1
285	3 6 1 7
286	10 9 7 5
287	1 9 2 4
288	8 2 6 4
289	7 3 5 9
290	5 1 4 6
291	6 3 2 1
292	3 7 8 6
293	5 8 7 2
294	1 6 7 2
295	5 1 10 6
296	9 7 4 10
297	7 2 9 3
298	6 10 5 3
299	4 7 10 9
300	6 4 8 2
301	2 4 9 5
302	2 10 3 6
303	4 8 7 2
304	10 4 9 2
305	1 4 7 9
306	8 10 5 3
307	4 3 2 8
308	2 7 6 9
309	3 5 4 7
310	7 4 3 8
311	4 2 1 7
312	6 4 9 10
313	6 3 2 5
314	1 9 7 6
315	2 1 3 5
316	4 7 10 9
317	10 2 9 1
318	4 10 2 9
319	5 6 3 9
320	1 7 6 2
321	4 7 9 3
322	9 10 8 6
323	10 1 5 9
324	3 2 6 5
325	2 10 1 9
326	8 9 6 1
327	5 9 4 10
328	2 6 7 10
329	10 3 5 4
330	7 9 3 2
331	1 2 8 4
332	6 10 2 3
333	10 7 6 8
334	1 2 5 8
335	1 4 8 6
336	5 1 9 7
337	1 6 2 9
338	9 1 2 4
339	8 7 9 3
340	7 6 2 10
341	2 3 5 9
342	2 7 8 1
343	10 8 9 6
344	7 6 5 1
345	2 4 6 9
346	8 2 4 3
347	1 2 9 6
348	4 10 8 7
349	6 1 4 2
350	9 10 3 6
351	1 4 3 10
352	4 10 3 1
353	2 3 4 10
354	1 6 8 3
355	2 5 4 1
356	9 7 8 4
357	9 6 8 1
358	3 10 5 8
359	3 8 5 9
360	5 3 1 9
361	7 10 8 1
362	2 8 4 10
363	6 7 1 3
364	8 7 5 10
365	9 8 3 10
366	5 8 7 4
367	2 5 3 6
368	10 5 1 3
369	6 2 1 4
370	8 1 7 3
371	5 3 4 2
372	3 1 2 8
373	6 8 10 3
374	8 7 9 10
375	3 9 8 7
376	5 6 7 1
377	9 3 5 4
378	10 1 4 2
379	10 8 9 6
380	8 9 5 6
381	8 7 1 5
382	6 7 1 9
383	10 7 6 1
384	4 8 7 10
385	3 6 1 2
386	8 6 5 3
387	6 2 3 4
388	8 4 6 5
389	1 5 10 2
390	9 4 3 7
391	9 6 4 10
392	1 10 5 4
393	3 9 10 6
394	4 1 3 6
395	4 10 9 3
396	8 3 6 1
397	5 7 6 3
398	6 8 2 3
399	2 9 6 3
400	4 6 7 2
401	7 5 3 9
402	3 2 7 4
403	7 10 6 2
404	8 9 5 6
405	9 4 8 6
406	3 5 1 7
407	5 10 2 8
408	9 7 2 1
409	3 8 5 4
410	4 3 5 10
411	8 10 6 5
412	2 9 10 7
413	3 5 8 10
414	2 9 8 7
415	3 9 1 2
416	9 7 4 5
417	10 7 5 6
418	7 6 1 10
419	1 8 3 9
420	8 7 4 10
421	7 8 9 10
422	9 3 1 7
423	1 2 10 9
424	1 10 6 5
425	5 7 9 10
426	8 1 10 5
427	9 6 5 10
428	3 7 5 1
429	6 2 4 9
430	2 1 8 10
431	9 10 1 6
432	8 5 10 2
433	9 8 1 5
434	9 8 6 2
435	4 9 7 10
436	3 10 8 1
437	2 4 7 3
438	10 8 5 3
439	6 3 1 10
440	8 10 5 7
441	4 8 1 6
442	7 3 8 2
443	9 4 6 2
444	7 5 2 9
445	8 3 9 1
446	6 9 3 7
447	8 6 2 1
448	4 5 3 9
449	5 6 10 1
450	2 6 10 5
451	10 3 6 9
452	5 4 9 6
453	9 1 3 4
454	5 3 1 2
455	10 2 3 4
456	7 4 8 6
457	3 2 5 4
458	6 4 5 1
459	8 2 6 10
460	2 4 5 1
461	1 10 7 9
462	1 10 2 3
463	9 5 10 4
464	6 5 8 9
465	10 8 5 9
466	4 3 10 6
467	8 2 10 1
468	10 1 9 2
469	3 8 1 10
470	1 10 3 2
471	5 2 9 1
472	5 6 8 4
473	9 7 10 5
474	4 7 6 1
475	7 3 8 2
476	2 6 4 3
477	4 6 9 7
478	8 7 2 10
479	1 7 5 8
480	9 6 10 8
481	3 6 9 7
482	2 9 3 6
483	8 1 3 6
484	9 4 10 8
485	9 7 2 3
486	10 8 5 6
487	4 5 2 1
488	2 8 10 3
489	1 2 8 10
490	7 9 8 1
491	9 8 1 4
492	8 2 7 10
493	1 9 5 3
494	8 2 1 5
495	6 3 10 9
496	3 4 1 6
497	4 6 1 10
498	1 10 5 8
499	4 6 5 2
500	3 9 7 5
