Class Times	20
Rooms	100
1	20
2	87
3	67
4	47
5	61
6	74
7	77
8	86
9	47
10	85
11	22
12	77
13	31
14	58
15	40
16	48
17	33
18	96
19	61
20	51
21	52
22	87
23	28
24	70
25	20
26	81
27	26
28	59
29	54
30	35
31	47
32	46
33	15
34	97
35	56
36	31
37	38
38	54
39	65
40	80
41	65
42	78
43	49
44	37
45	16
46	86
47	66
48	32
49	24
50	39
51	43
52	15
53	91
54	29
55	68
56	84
57	18
58	54
59	46
60	97
61	85
62	91
63	55
64	67
65	74
66	82
67	97
68	55
69	84
70	61
71	37
72	66
73	50
74	62
75	62
76	26
77	43
78	22
79	86
80	33
81	84
82	14
83	56
84	52
85	96
86	66
87	28
88	84
89	73
90	90
91	64
92	49
93	39
94	30
95	43
96	16
97	10
98	20
99	94
100	23
Classes	1000
Teachers	500
1	236
2	266
3	156
4	400
5	214
6	184
7	440
8	380
9	328
10	396
11	118
12	466
13	318
14	7
15	283
16	323
17	256
18	59
19	480
20	440
21	393
22	320
23	134
24	418
25	265
26	146
27	490
28	424
29	63
30	317
31	464
32	210
33	376
34	130
35	28
36	466
37	168
38	429
39	347
40	396
41	318
42	366
43	190
44	20
45	106
46	474
47	242
48	379
49	126
50	174
51	404
52	358
53	430
54	286
55	289
56	29
57	28
58	361
59	83
60	125
61	219
62	62
63	313
64	464
65	212
66	151
67	244
68	312
69	393
70	351
71	385
72	492
73	26
74	196
75	381
76	59
77	489
78	446
79	168
80	31
81	429
82	497
83	350
84	1
85	434
86	51
87	107
88	200
89	22
90	211
91	314
92	98
93	243
94	121
95	460
96	340
97	55
98	109
99	31
100	53
101	462
102	313
103	206
104	423
105	330
106	436
107	496
108	332
109	247
110	260
111	40
112	197
113	216
114	81
115	227
116	349
117	190
118	69
119	234
120	252
121	63
122	102
123	185
124	376
125	394
126	499
127	75
128	97
129	359
130	472
131	109
132	125
133	178
134	475
135	164
136	87
137	199
138	158
139	67
140	259
141	448
142	404
143	6
144	15
145	192
146	489
147	473
148	97
149	30
150	323
151	181
152	321
153	285
154	273
155	283
156	248
157	206
158	244
159	197
160	144
161	307
162	146
163	29
164	228
165	384
166	449
167	366
168	459
169	387
170	239
171	478
172	350
173	461
174	351
175	99
176	398
177	498
178	103
179	81
180	261
181	87
182	117
183	403
184	126
185	326
186	220
187	268
188	19
189	189
190	413
191	213
192	382
193	500
194	13
195	256
196	169
197	49
198	472
199	284
200	203
201	467
202	424
203	445
204	426
205	38
206	290
207	288
208	319
209	247
210	311
211	230
212	15
213	215
214	442
215	340
216	430
217	482
218	378
219	378
220	290
221	95
222	331
223	2
224	124
225	278
226	228
227	394
228	202
229	302
230	303
231	66
232	232
233	180
234	437
235	122
236	288
237	482
238	174
239	213
240	165
241	85
242	72
243	58
244	363
245	327
246	203
247	170
248	490
249	80
250	449
251	274
252	147
253	58
254	486
255	474
256	212
257	179
258	189
259	208
260	147
261	238
262	470
263	164
264	443
265	337
266	451
267	210
268	172
269	439
270	262
271	277
272	195
273	369
274	467
275	20
276	406
277	43
278	84
279	14
280	405
281	469
282	453
283	119
284	159
285	271
286	301
287	431
288	335
289	346
290	373
291	3
292	96
293	310
294	433
295	246
296	330
297	116
298	479
299	398
300	171
301	341
302	67
303	111
304	400
305	68
306	98
307	72
308	436
309	257
310	497
311	5
312	327
313	198
314	485
315	124
316	149
317	111
318	96
319	251
320	392
321	480
322	100
323	116
324	172
325	286
326	427
327	326
328	27
329	349
330	216
331	66
332	303
333	331
334	357
335	485
336	107
337	240
338	75
339	245
340	223
341	432
342	338
343	403
344	118
345	260
346	311
347	358
348	33
349	78
350	320
351	463
352	347
353	380
354	41
355	309
356	19
357	186
358	273
359	246
360	496
361	95
362	343
363	353
364	346
365	202
366	469
367	428
368	114
369	295
370	437
371	477
372	314
373	410
374	385
375	41
376	65
377	191
378	296
379	362
380	30
381	226
382	411
383	89
384	205
385	401
386	277
387	214
388	215
389	200
390	463
391	279
392	488
393	421
394	379
395	64
396	492
397	293
398	250
399	339
400	348
401	149
402	446
403	456
404	462
405	411
406	178
407	369
408	301
409	297
410	152
411	21
412	333
413	44
414	450
415	302
416	279
417	179
418	238
419	413
420	334
421	298
422	342
423	488
424	180
425	428
426	348
427	24
428	281
429	441
430	257
431	412
432	361
433	252
434	40
435	237
436	409
437	305
438	36
439	27
440	47
441	476
442	208
443	211
444	484
445	249
446	14
447	140
448	456
449	352
450	47
451	46
452	76
453	103
454	93
455	36
456	225
457	356
458	13
459	83
460	498
461	152
462	121
463	139
464	470
465	410
466	477
467	26
468	122
469	287
470	367
471	52
472	221
473	114
474	205
475	194
476	427
477	481
478	169
479	487
480	265
481	274
482	475
483	209
484	62
485	60
486	339
487	12
488	151
489	137
490	145
491	10
492	241
493	34
494	263
495	82
496	61
497	194
498	70
499	298
500	284
501	308
502	478
503	128
504	417
505	419
506	234
507	280
508	321
509	491
510	128
511	240
512	263
513	17
514	444
515	458
516	343
517	218
518	198
519	1
520	35
521	278
522	219
523	34
524	186
525	77
526	344
527	78
528	248
529	337
530	307
531	365
532	94
533	138
534	261
535	360
536	362
537	159
538	473
539	364
540	225
541	420
542	89
543	130
544	297
545	2
546	325
547	432
548	158
549	296
550	293
551	476
552	187
553	24
554	483
555	132
556	381
557	60
558	484
559	16
560	94
561	123
562	370
563	68
564	232
565	486
566	61
567	422
568	382
569	220
570	450
571	249
572	236
573	345
574	153
575	65
576	458
577	388
578	354
579	435
580	435
581	140
582	471
583	291
584	242
585	7
586	299
587	64
588	157
589	264
590	233
591	84
592	487
593	280
594	154
595	372
596	322
597	426
598	423
599	100
600	434
601	275
602	356
603	425
604	39
605	217
606	150
607	448
608	88
609	305
610	231
611	304
612	415
613	231
614	481
615	144
616	342
617	199
618	90
619	241
620	245
621	431
622	43
623	494
624	367
625	267
626	46
627	50
628	243
629	99
630	254
631	18
632	391
633	51
634	391
635	157
636	141
637	188
638	239
639	5
640	390
641	264
642	292
643	52
644	421
645	112
646	425
647	322
648	289
649	191
650	420
651	127
652	282
653	105
654	54
655	21
656	250
657	373
658	120
659	399
660	444
661	154
662	110
663	281
664	495
665	79
666	336
667	235
668	345
669	452
670	42
671	417
672	106
673	491
674	113
675	229
676	438
677	445
678	399
679	136
680	442
681	45
682	300
683	353
684	196
685	452
686	93
687	317
688	433
689	258
690	461
691	300
692	38
693	56
694	266
695	33
696	17
697	412
698	182
699	136
700	91
701	415
702	171
703	262
704	55
705	73
706	16
707	359
708	193
709	139
710	229
711	82
712	163
713	397
714	341
715	226
716	177
717	460
718	384
719	401
720	187
721	123
722	129
723	90
724	104
725	181
726	397
727	135
728	388
729	253
730	69
731	9
732	79
733	42
734	409
735	142
736	88
737	365
738	54
739	465
740	338
741	22
742	363
743	77
744	309
745	222
746	227
747	334
748	132
749	254
750	120
751	364
752	71
753	167
754	110
755	275
756	441
757	387
758	8
759	102
760	233
761	218
762	39
763	372
764	115
765	156
766	386
767	177
768	308
769	115
770	113
771	312
772	37
773	258
774	127
775	222
776	392
777	70
778	207
779	390
780	414
781	276
782	48
783	135
784	325
785	406
786	332
787	235
788	134
789	56
790	163
791	370
792	287
793	499
794	344
795	355
796	80
797	73
798	438
799	25
800	335
801	282
802	253
803	166
804	57
805	105
806	192
807	167
808	204
809	374
810	131
811	471
812	371
813	357
814	453
815	494
816	395
817	48
818	50
819	170
820	270
821	6
822	119
823	57
824	329
825	447
826	408
827	53
828	407
829	217
830	71
831	175
832	176
833	405
834	324
835	117
836	85
837	255
838	201
839	352
840	223
841	9
842	267
843	304
844	368
845	299
846	201
847	272
848	193
849	188
850	183
851	306
852	148
853	276
854	44
855	354
856	175
857	418
858	129
859	8
860	165
861	173
862	74
863	209
864	133
865	45
866	268
867	416
868	176
869	138
870	285
871	310
872	18
873	162
874	237
875	86
876	419
877	142
878	153
879	479
880	204
881	324
882	184
883	133
884	465
885	173
886	368
887	101
888	447
889	108
890	35
891	386
892	271
893	407
894	291
895	3
896	315
897	4
898	221
899	195
900	49
901	32
902	37
903	443
904	108
905	155
906	104
907	4
908	416
909	360
910	457
911	86
912	355
913	76
914	414
915	269
916	131
917	402
918	161
919	185
920	495
921	493
922	336
923	389
924	455
925	160
926	315
927	166
928	316
929	148
930	92
931	155
932	375
933	11
934	395
935	11
936	145
937	162
938	371
939	316
940	383
941	500
942	255
943	141
944	459
945	294
946	74
947	183
948	402
949	439
950	251
951	295
952	328
953	101
954	25
955	457
956	454
957	292
958	112
959	272
960	483
961	182
962	143
963	143
964	91
965	329
966	12
967	408
968	454
969	374
970	23
971	207
972	468
973	230
974	92
975	161
976	319
977	422
978	160
979	32
980	270
981	333
982	377
983	468
984	269
985	493
986	137
987	451
988	10
989	306
990	375
991	259
992	224
993	383
994	150
995	455
996	23
997	224
998	389
999	377
1000	294
