Students	500
1	6 9 12 8
2	10 6 1 12
3	10 4 6 2
4	8 11 12 5
5	4 5 12 3
6	6 1 11 4
7	2 4 3 11
8	1 3 2 8
9	6 5 12 3
10	8 9 6 2
11	7 10 4 6
12	5 9 4 12
13	1 11 6 2
14	4 3 8 5
15	4 6 2 3
16	11 12 9 8
17	4 6 3 5
18	11 3 6 4
19	4 6 5 7
20	1 11 5 2
21	6 8 3 11
22	4 6 12 7
23	6 12 7 3
24	12 9 10 5
25	1 7 12 5
26	9 10 12 3
27	8 3 7 10
28	12 10 5 7
29	12 1 5 2
30	5 11 7 2
31	1 8 4 10
32	11 12 5 6
33	12 3 6 9
34	7 9 3 1
35	11 4 6 10
36	2 11 6 5
37	12 7 5 6
38	6 8 7 9
39	3 6 9 5
40	9 5 3 10
41	5 6 7 1
42	1 12 2 10
43	3 6 5 8
44	10 8 4 6
45	10 11 12 3
46	6 9 4 8
47	7 2 4 9
48	9 6 11 2
49	11 1 10 6
50	5 1 9 3
51	1 3 8 5
52	8 11 2 7
53	8 1 4 9
54	4 3 10 11
55	11 3 12 8
56	10 5 7 8
57	6 2 8 5
58	12 1 4 10
59	10 12 11 8
60	3 4 6 8
61	5 12 1 4
62	8 6 2 9
63	6 9 2 1
64	5 3 1 7
65	6 11 8 3
66	10 7 11 4
67	5 4 11 10
68	4 6 3 12
69	11 6 8 1
70	9 4 8 1
71	9 6 8 11
72	5 3 6 9
73	12 2 9 8
74	9 10 3 2
75	1 11 4 10
76	1 8 12 2
77	4 5 3 12
78	8 10 6 5
79	5 10 3 7
80	4 9 8 11
81	12 7 5 2
82	5 3 9 4
83	11 4 12 3
84	10 2 5 12
85	5 6 1 9
86	1 3 7 5
87	12 5 3 9
88	5 6 4 9
89	9 8 2 7
90	7 10 11 1
91	7 4 5 6
92	10 11 7 5
93	12 3 10 6
94	3 12 2 10
95	3 4 10 1
96	2 12 11 8
97	8 6 11 9
98	1 7 5 4
99	8 12 5 3
100	5 9 7 3
101	1 4 11 8
102	2 6 12 11
103	8 3 1 10
104	5 4 1 12
105	6 7 4 3
106	8 4 3 9
107	8 12 2 10
108	5 7 4 1
109	5 4 7 6
110	2 10 6 5
111	5 1 2 12
112	2 6 5 8
113	2 12 10 7
114	3 10 11 9
115	9 2 12 1
116	1 8 10 4
117	9 11 3 5
118	12 10 9 7
119	10 6 3 2
120	2 8 6 7
121	10 5 7 1
122	5 4 9 8
123	7 2 1 12
124	12 1 2 3
125	1 2 4 11
126	6 12 9 5
127	8 10 4 6
128	4 1 3 6
129	1 8 10 9
130	5 6 3 10
131	11 12 8 10
132	8 12 1 9
133	11 3 2 4
134	7 1 3 6
135	4 7 1 10
136	10 9 4 8
137	2 11 4 6
138	4 9 12 6
139	8 10 2 6
140	11 2 1 9
141	10 6 4 8
142	10 1 11 7
143	3 11 2 10
144	11 8 3 2
145	1 7 10 4
146	8 1 12 10
147	10 1 8 9
148	6 10 12 2
149	10 11 12 2
150	7 11 2 4
151	4 7 1 9
152	7 3 5 12
153	7 4 9 2
154	4 5 1 7
155	7 3 1 6
156	1 12 3 6
157	4 1 10 5
158	4 2 11 10
159	12 8 11 3
160	10 3 9 11
161	8 2 11 4
162	3 5 12 8
163	4 3 10 5
164	4 11 3 10
165	11 8 7 10
166	3 11 2 6
167	12 4 10 6
168	7 6 9 1
169	1 2 9 7
170	5 6 10 2
171	7 3 4 2
172	10 11 1 7
173	9 7 10 11
174	7 1 11 10
175	8 6 7 2
176	8 3 7 2
177	5 2 1 6
178	6 1 5 7
179	12 5 9 6
180	12 8 2 10
181	3 11 7 1
182	1 4 12 9
183	8 1 3 5
184	2 7 10 1
185	11 2 4 12
186	5 7 9 3
187	7 3 1 4
188	2 8 7 4
189	11 6 9 7
190	1 8 11 7
191	2 3 6 11
192	7 4 8 11
193	4 3 11 2
194	8 12 9 10
195	10 1 3 7
196	3 10 1 5
197	9 10 8 1
198	11 5 6 8
199	12 2 11 9
200	3 2 8 6
201	8 11 10 2
202	8 2 1 7
203	12 3 8 7
204	9 7 5 8
205	1 10 4 9
206	2 12 5 9
207	12 2 3 1
208	8 12 10 6
209	4 2 6 12
210	11 10 5 1
211	3 6 2 7
212	10 7 8 2
213	1 6 8 2
214	5 6 4 8
215	2 1 12 5
216	8 5 11 2
217	3 5 12 1
218	6 12 11 8
219	8 4 3 5
220	10 9 11 2
221	1 7 4 9
222	2 7 1 4
223	10 11 3 9
224	12 5 10 9
225	6 5 3 1
226	7 12 3 1
227	1 2 8 4
228	1 12 5 11
229	5 3 12 7
230	10 12 1 4
231	11 1 10 3
232	10 2 11 8
233	9 3 8 7
234	4 1 12 6
235	1 5 8 3
236	6 1 4 11
237	10 9 8 12
238	11 8 3 2
239	11 3 2 7
240	9 11 6 8
241	11 6 9 12
242	7 3 12 8
243	6 8 4 11
244	8 12 10 3
245	9 5 4 10
246	4 3 2 11
247	10 11 5 4
248	5 12 11 9
249	3 6 11 8
250	5 10 11 4
251	10 8 12 6
252	8 1 4 7
253	4 1 9 7
254	1 12 7 8
255	3 11 7 6
256	10 8 7 2
257	8 11 3 7
258	7 11 6 2
259	4 9 2 3
260	9 4 11 5
261	12 1 2 7
262	7 6 10 4
263	7 1 12 5
264	7 12 3 4
265	6 7 2 10
266	7 3 6 12
267	4 5 12 8
268	8 7 9 6
269	12 9 4 8
270	2 6 10 1
271	11 5 4 1
272	11 1 12 10
273	7 9 5 3
274	10 1 12 7
275	9 1 6 10
276	1 10 6 11
277	9 1 8 11
278	7 10 8 1
279	4 7 6 3
280	1 5 4 3
281	3 2 1 9
282	6 1 12 4
283	8 1 5 11
284	1 4 3 12
285	7 3 6 9
286	11 5 4 8
287	9 2 8 3
288	8 12 6 10
289	4 12 8 3
290	6 7 10 2
291	1 12 9 3
292	2 11 8 3
293	2 6 11 1
294	5 1 6 12
295	4 12 6 7
296	5 7 12 8
297	4 11 5 2
298	8 6 12 10
299	1 10 8 3
300	3 9 2 1
301	8 6 7 5
302	4 11 8 1
303	5 7 3 4
304	9 2 6 4
305	9 4 2 6
306	3 7 9 4
307	5 12 11 8
308	5 7 4 3
309	2 7 6 5
310	3 1 9 7
311	11 6 3 5
312	6 5 4 9
313	7 5 9 1
314	6 1 5 9
315	8 6 9 3
316	5 2 12 8
317	5 2 1 11
318	3 7 12 2
319	1 7 10 11
320	12 3 5 6
321	7 3 4 5
322	11 7 6 8
323	12 7 8 9
324	6 5 10 11
325	9 10 6 12
326	11 2 5 1
327	10 1 4 2
328	1 10 5 3
329	8 4 5 10
330	11 6 12 8
331	2 1 7 3
332	2 8 12 3
333	11 3 1 7
334	6 12 3 9
335	8 1 2 3
336	7 5 9 12
337	6 10 2 3
338	10 2 1 5
339	11 7 4 1
340	5 3 11 10
341	6 9 1 12
342	4 5 10 3
343	6 5 12 7
344	1 12 8 4
345	8 9 4 11
346	3 1 11 9
347	10 8 4 1
348	3 10 4 6
349	5 11 2 7
350	7 10 8 4
351	2 11 9 4
352	12 5 3 9
353	10 3 6 4
354	9 4 6 12
355	10 5 8 7
356	1 9 2 12
357	2 9 10 5
358	11 6 8 12
359	12 6 10 2
360	6 9 1 4
361	3 12 4 9
362	6 12 4 1
363	12 11 3 6
364	7 10 3 2
365	7 9 2 1
366	12 2 1 7
367	1 3 12 7
368	9 12 7 10
369	1 6 9 2
370	7 5 2 6
371	12 2 5 3
372	5 4 9 1
373	8 11 3 12
374	7 2 3 11
375	4 2 6 7
376	4 9 3 11
377	6 3 4 10
378	8 10 12 11
379	12 5 1 2
380	3 5 4 11
381	5 7 3 11
382	8 5 10 1
383	4 8 5 12
384	7 11 10 5
385	8 10 6 3
386	3 11 12 9
387	8 4 5 3
388	8 10 11 6
389	5 12 10 4
390	2 11 1 9
391	6 3 4 11
392	2 6 11 3
393	1 3 2 9
394	11 6 5 10
395	12 7 3 4
396	10 5 12 6
397	12 4 1 3
398	8 9 10 2
399	11 1 5 3
400	8 12 11 4
401	12 8 6 4
402	5 11 8 10
403	2 10 7 6
404	9 10 6 7
405	9 7 3 5
406	3 4 10 9
407	1 3 12 11
408	11 3 10 2
409	3 11 6 12
410	1 2 8 10
411	2 1 10 3
412	6 1 7 8
413	5 9 6 7
414	11 7 12 1
415	12 4 5 6
416	7 12 5 2
417	1 9 3 7
418	9 4 1 2
419	10 3 7 5
420	12 3 2 6
421	8 2 5 9
422	12 6 1 10
423	3 10 9 6
424	11 7 1 6
425	3 12 2 1
426	4 9 7 1
427	4 5 2 3
428	6 7 10 12
429	9 8 3 1
430	11 2 4 7
431	7 4 10 3
432	3 5 2 4
433	9 8 11 3
434	11 12 1 9
435	8 6 7 4
436	7 10 3 5
437	2 6 7 10
438	7 4 5 3
439	3 5 12 10
440	6 3 9 8
441	9 6 8 10
442	9 8 1 6
443	6 7 1 4
444	1 8 12 4
445	7 12 8 9
446	10 6 11 5
447	4 12 1 3
448	11 6 5 12
449	11 8 5 10
450	5 3 11 7
451	11 1 12 5
452	2 3 4 12
453	6 1 2 3
454	4 9 1 5
455	2 7 10 11
456	5 8 7 12
457	9 8 11 7
458	11 1 5 10
459	1 12 8 6
460	5 1 10 3
461	4 6 12 9
462	11 2 12 1
463	9 12 8 10
464	1 3 6 2
465	6 8 4 1
466	9 8 12 5
467	3 9 7 10
468	8 11 6 9
469	8 6 5 4
470	8 3 12 5
471	3 11 5 9
472	11 5 10 9
473	6 1 2 7
474	9 2 11 8
475	8 11 2 9
476	9 11 12 5
477	2 10 4 8
478	11 7 9 6
479	1 2 8 9
480	2 10 11 4
481	11 9 5 10
482	2 5 11 6
483	11 12 2 8
484	1 6 12 8
485	10 6 4 7
486	3 4 2 7
487	10 6 12 1
488	4 7 1 10
489	10 5 11 12
490	4 6 1 11
491	3 2 1 10
492	10 11 9 7
493	9 11 12 8
494	6 9 8 3
495	3 8 10 4
496	1 4 2 9
497	6 10 12 7
498	7 9 1 2
499	6 1 10 3
500	8 12 6 10
