Students	500
1	3 1 10 12
2	3 12 8 6
3	5 3 9 4
4	12 4 10 2
5	2 10 6 9
6	2 5 11 10
7	6 10 1 11
8	3 8 6 10
9	1 6 7 9
10	8 2 7 9
11	12 6 9 10
12	4 9 5 8
13	1 8 3 12
14	5 4 8 10
15	3 11 7 12
16	5 6 7 9
17	5 2 9 4
18	5 8 2 1
19	6 3 12 10
20	12 9 1 6
21	7 3 12 2
22	4 2 9 7
23	8 12 6 2
24	5 2 11 9
25	4 3 2 5
26	9 8 12 1
27	12 3 10 2
28	12 6 8 2
29	8 1 3 11
30	3 7 5 10
31	8 1 6 3
32	7 1 3 12
33	5 4 12 7
34	5 8 7 12
35	8 9 6 5
36	2 3 1 4
37	10 2 7 3
38	5 8 1 9
39	9 4 8 2
40	1 6 7 9
41	11 2 3 10
42	1 12 4 7
43	3 5 7 10
44	8 1 12 5
45	5 4 1 3
46	7 1 11 5
47	3 7 6 1
48	8 11 6 1
49	9 5 11 3
50	11 10 7 3
51	11 4 2 12
52	5 4 9 3
53	10 9 8 1
54	9 4 5 10
55	9 5 3 7
56	11 1 8 5
57	9 7 1 12
58	2 11 10 7
59	3 10 12 2
60	1 2 6 10
61	11 8 6 10
62	3 11 1 6
63	3 1 10 5
64	5 2 3 1
65	11 5 9 1
66	6 12 4 1
67	7 8 1 12
68	9 12 10 8
69	8 9 11 3
70	3 2 8 12
71	3 12 7 6
72	8 12 7 11
73	10 9 8 3
74	5 1 3 6
75	7 2 11 1
76	12 8 7 6
77	3 9 12 5
78	9 2 7 6
79	7 11 5 10
80	7 12 5 11
81	1 12 8 2
82	7 3 11 12
83	7 12 9 10
84	6 12 4 10
85	1 5 3 6
86	12 6 4 10
87	6 3 5 11
88	2 7 3 1
89	4 7 9 10
90	4 9 7 8
91	2 9 7 12
92	7 11 4 6
93	4 12 7 3
94	4 6 8 2
95	7 2 10 12
96	3 7 2 10
97	1 6 11 4
98	1 9 2 7
99	12 10 5 6
100	5 10 11 2
101	3 2 8 1
102	1 9 7 2
103	1 11 7 2
104	6 12 4 1
105	1 8 12 2
106	3 2 8 9
107	9 5 12 6
108	6 11 7 8
109	3 7 1 10
110	4 11 8 6
111	9 4 12 2
112	4 9 12 2
113	9 12 8 6
114	3 5 1 10
115	8 6 11 5
116	11 8 1 5
117	11 4 9 12
118	2 9 8 7
119	2 3 5 9
120	7 2 1 11
121	2 12 3 6
122	8 1 6 4
123	8 6 7 5
124	4 11 7 12
125	10 7 5 4
126	6 7 3 4
127	7 1 3 2
128	2 6 5 3
129	5 3 2 11
130	2 4 12 1
131	12 3 5 7
132	7 11 8 1
133	3 2 4 9
134	12 6 9 1
135	9 12 3 10
136	2 12 4 3
137	8 3 12 2
138	12 9 10 8
139	7 11 6 5
140	7 5 2 8
141	7 2 12 9
142	4 10 1 2
143	10 3 9 4
144	1 3 8 2
145	5 6 2 4
146	1 4 2 8
147	2 1 11 10
148	10 8 3 1
149	8 7 2 6
150	12 7 5 10
151	3 12 11 8
152	1 9 4 11
153	10 5 6 2
154	11 8 12 5
155	9 3 4 6
156	9 2 11 5
157	6 7 3 9
158	5 2 1 4
159	6 1 11 3
160	2 5 9 8
161	9 2 3 8
162	4 5 3 2
163	5 12 4 11
164	2 3 12 9
165	4 12 2 1
166	4 1 10 6
167	11 10 8 9
168	6 10 3 8
169	3 8 12 5
170	1 5 12 8
171	11 4 6 3
172	10 2 6 8
173	9 12 5 2
174	9 8 12 4
175	2 1 5 4
176	5 9 3 10
177	7 1 4 5
178	11 9 3 5
179	10 5 2 9
180	10 9 2 6
181	4 1 8 9
182	8 4 1 9
183	8 9 5 7
184	10 4 6 12
185	12 11 3 4
186	11 9 3 1
187	5 3 12 8
188	12 10 5 9
189	10 4 7 9
190	9 1 2 6
191	11 1 2 8
192	11 9 5 12
193	4 8 12 5
194	6 8 9 10
195	9 11 10 4
196	12 11 7 6
197	8 11 4 12
198	11 1 2 6
199	5 3 10 6
200	11 8 6 1
201	12 5 7 2
202	9 7 5 4
203	5 3 2 1
204	11 8 6 7
205	2 9 10 5
206	9 2 3 11
207	3 10 2 8
208	8 6 10 4
209	8 12 6 3
210	8 1 6 7
211	9 8 2 1
212	3 10 8 7
213	1 12 9 2
214	7 6 11 3
215	7 4 8 10
216	5 9 11 10
217	4 12 2 11
218	11 1 6 4
219	11 8 4 1
220	1 5 10 4
221	4 9 10 6
222	2 1 5 10
223	1 3 10 4
224	5 10 4 8
225	12 8 1 6
226	6 5 12 3
227	1 3 10 2
228	2 1 10 8
229	1 5 4 9
230	9 10 11 5
231	6 11 4 10
232	7 9 5 12
233	5 11 1 6
234	5 3 12 4
235	12 10 5 2
236	5 2 4 8
237	12 5 4 6
238	2 1 10 3
239	12 1 11 6
240	12 7 2 6
241	4 6 5 2
242	2 8 12 5
243	3 11 10 2
244	2 12 11 8
245	12 8 2 1
246	8 6 9 2
247	7 12 9 4
248	4 9 1 2
249	7 10 12 2
250	9 4 3 5
251	1 10 11 8
252	8 9 5 11
253	4 1 5 12
254	9 7 10 1
255	5 10 7 9
256	10 3 1 4
257	6 10 1 3
258	6 8 4 10
259	12 5 11 8
260	4 5 9 3
261	3 5 10 2
262	7 10 9 12
263	11 2 10 7
264	4 12 8 1
265	1 9 8 7
266	4 11 9 6
267	8 10 7 12
268	11 8 9 7
269	7 11 3 1
270	9 12 4 6
271	2 8 3 10
272	3 8 1 7
273	1 5 4 9
274	11 4 5 7
275	5 1 9 6
276	7 3 10 9
277	5 11 7 1
278	1 3 5 12
279	10 4 6 7
280	10 7 12 5
281	12 3 2 10
282	12 11 6 7
283	6 3 1 5
284	9 6 7 3
285	2 9 8 4
286	7 2 11 12
287	11 10 5 8
288	2 12 1 4
289	1 8 7 11
290	2 6 10 7
291	2 5 9 10
292	5 7 12 6
293	9 5 11 4
294	8 2 12 10
295	6 8 4 12
296	12 10 1 9
297	2 3 1 9
298	9 6 8 7
299	1 4 7 12
300	6 12 7 3
301	2 12 5 3
302	7 12 9 10
303	7 5 8 11
304	3 4 8 2
305	12 2 10 4
306	11 7 6 12
307	7 3 6 8
308	4 11 2 3
309	12 2 7 6
310	3 6 9 4
311	2 1 12 4
312	10 3 11 2
313	3 11 1 7
314	2 8 3 6
315	5 12 4 1
316	9 4 11 1
317	8 10 12 1
318	9 2 8 7
319	7 9 6 12
320	4 1 3 6
321	1 9 8 3
322	1 8 3 9
323	7 11 12 6
324	6 5 11 1
325	3 6 12 11
326	3 4 1 6
327	5 6 1 9
328	5 12 3 9
329	10 12 5 7
330	5 10 6 4
331	11 8 9 2
332	8 6 1 5
333	5 7 1 10
334	4 1 9 7
335	2 7 5 4
336	5 2 1 6
337	7 10 9 8
338	9 6 3 11
339	10 1 4 7
340	3 12 6 9
341	5 4 11 10
342	12 9 5 1
343	12 4 10 3
344	11 10 12 7
345	8 7 9 2
346	12 10 11 3
347	8 1 5 9
348	2 7 8 5
349	1 4 5 6
350	10 7 11 6
351	11 6 4 9
352	7 9 10 4
353	2 5 7 1
354	2 10 7 12
355	10 7 4 11
356	12 11 10 6
357	9 11 3 6
358	8 7 11 2
359	6 3 2 9
360	9 8 6 1
361	1 8 11 9
362	1 3 12 2
363	6 9 2 10
364	2 7 3 1
365	5 7 1 2
366	3 6 4 2
367	5 11 3 2
368	12 5 1 7
369	5 2 1 7
370	5 11 3 1
371	9 6 11 8
372	3 9 12 6
373	8 5 12 10
374	7 12 1 10
375	1 2 7 8
376	7 2 9 8
377	10 11 12 8
378	11 1 5 6
379	10 12 1 9
380	3 4 12 11
381	10 3 8 5
382	3 9 5 11
383	12 8 4 5
384	9 2 11 4
385	9 3 10 1
386	5 11 8 10
387	3 5 2 6
388	12 1 4 2
389	2 10 7 3
390	9 10 1 11
391	5 2 6 11
392	2 12 4 7
393	4 6 2 3
394	1 2 11 6
395	10 9 3 1
396	2 4 11 9
397	1 11 9 4
398	8 6 3 4
399	3 8 4 9
400	7 10 4 5
401	4 2 9 8
402	12 5 2 9
403	3 5 1 9
404	2 1 10 4
405	11 3 12 10
406	2 5 8 10
407	4 12 1 3
408	10 12 3 11
409	6 8 2 3
410	7 3 1 4
411	7 5 11 2
412	8 6 11 2
413	9 8 7 4
414	6 1 12 9
415	10 8 2 6
416	1 7 2 10
417	11 7 4 6
418	7 10 12 8
419	10 4 7 5
420	3 8 2 12
421	3 12 8 2
422	2 10 12 7
423	7 10 11 12
424	8 2 11 7
425	3 7 11 9
426	6 3 8 11
427	7 1 9 12
428	12 10 1 8
429	11 1 4 5
430	11 10 1 8
431	9 3 11 4
432	8 7 3 10
433	11 1 4 10
434	11 3 2 10
435	12 8 1 4
436	1 4 3 6
437	5 9 11 10
438	11 6 9 8
439	9 5 11 12
440	1 11 7 9
441	6 10 5 2
442	1 4 7 2
443	7 3 4 6
444	9 8 3 4
445	3 4 7 5
446	10 12 4 5
447	4 11 6 3
448	7 12 4 10
449	3 7 9 6
450	5 10 8 6
451	9 6 2 7
452	5 7 12 10
453	9 1 6 11
454	8 1 11 10
455	8 4 10 7
456	8 9 11 10
457	4 6 1 3
458	1 8 12 5
459	7 2 5 4
460	10 9 4 2
461	7 12 9 4
462	2 11 4 12
463	10 12 7 5
464	7 9 4 12
465	9 3 2 7
466	2 1 11 3
467	10 5 7 9
468	10 3 1 12
469	8 2 9 7
470	6 11 1 4
471	3 12 9 5
472	8 7 1 11
473	7 3 5 8
474	3 5 10 4
475	1 10 9 4
476	2 5 1 4
477	12 3 1 4
478	11 5 9 10
479	8 6 11 10
480	2 8 9 1
481	2 9 7 3
482	11 4 1 12
483	1 5 8 3
484	9 5 1 4
485	8 4 6 12
486	3 10 9 11
487	2 12 9 11
488	5 6 11 8
489	12 11 4 3
490	8 10 9 5
491	6 5 11 2
492	8 11 2 9
493	3 1 12 11
494	11 10 2 8
495	8 11 3 12
496	10 11 1 5
497	9 1 10 5
498	7 11 4 12
499	3 8 11 1
500	10 11 6 9
