Students	500
1	2 8 7 3
2	8 12 4 3
3	10 7 9 2
4	10 2 7 3
5	3 4 9 11
6	5 3 11 8
7	10 9 6 5
8	5 11 12 8
9	11 10 6 12
10	3 7 9 5
11	6 4 11 10
12	7 5 4 3
13	8 1 10 5
14	2 3 4 1
15	2 1 3 4
16	1 2 10 5
17	2 7 1 6
18	2 8 11 9
19	12 11 8 1
20	3 4 6 7
21	12 2 8 4
22	11 2 9 8
23	9 3 10 5
24	1 6 4 7
25	5 8 2 3
26	4 8 6 12
27	6 2 12 8
28	7 10 5 8
29	4 1 11 5
30	8 7 3 10
31	11 2 1 3
32	7 12 8 9
33	8 6 9 10
34	9 7 6 3
35	12 9 2 3
36	11 4 7 2
37	4 10 8 9
38	5 3 12 7
39	12 9 4 11
40	8 6 2 4
41	11 4 12 9
42	9 4 7 1
43	2 12 6 3
44	7 9 4 2
45	10 2 4 7
46	3 7 11 8
47	2 9 10 12
48	11 3 8 6
49	1 4 3 12
50	12 2 11 8
51	6 9 12 11
52	12 9 10 4
53	11 6 2 4
54	12 10 7 6
55	8 4 9 3
56	12 3 10 11
57	5 11 1 7
58	11 5 8 9
59	4 8 7 2
60	2 11 9 10
61	9 6 2 3
62	2 10 9 11
63	3 2 12 7
64	5 11 8 6
65	4 11 8 9
66	10 3 6 2
67	6 3 5 11
68	6 8 9 3
69	5 9 8 1
70	11 7 1 10
71	4 3 11 9
72	3 2 4 5
73	8 10 2 6
74	12 1 4 10
75	3 5 6 11
76	8 10 6 11
77	6 2 4 1
78	2 5 7 4
79	6 3 9 2
80	9 6 3 11
81	8 6 10 11
82	9 4 11 12
83	8 12 10 3
84	6 10 2 4
85	4 2 3 9
86	9 8 11 10
87	1 7 3 2
88	4 11 12 7
89	2 5 11 1
90	10 11 4 6
91	1 8 12 7
92	7 2 9 5
93	1 2 11 8
94	1 8 4 3
95	8 2 1 7
96	2 5 3 10
97	3 8 2 7
98	1 9 8 7
99	8 12 5 3
100	10 9 5 1
101	3 1 7 4
102	11 1 4 7
103	11 1 5 2
104	4 7 11 9
105	12 8 1 10
106	10 1 4 6
107	11 12 8 2
108	12 4 8 5
109	5 8 2 10
110	11 12 6 5
111	7 10 6 5
112	9 3 2 1
113	5 3 12 7
114	9 7 1 12
115	11 4 3 6
116	3 7 11 2
117	3 12 9 4
118	10 4 11 7
119	6 9 10 4
120	12 5 10 11
121	7 5 9 10
122	2 5 3 10
123	8 10 12 2
124	2 9 11 6
125	2 10 4 11
126	4 5 10 2
127	7 12 2 3
128	8 1 5 3
129	4 9 10 1
130	4 8 12 10
131	10 1 9 5
132	7 12 4 6
133	12 4 5 1
134	11 4 3 5
135	2 8 4 7
136	2 4 3 12
137	12 7 5 10
138	3 11 7 6
139	6 12 9 8
140	12 4 3 6
141	2 10 1 7
142	10 12 9 6
143	12 6 4 7
144	6 1 12 8
145	8 9 12 7
146	8 11 1 9
147	10 12 6 11
148	11 12 4 5
149	4 7 9 1
150	12 7 2 3
151	5 4 1 12
152	7 2 6 12
153	3 1 12 9
154	7 5 2 6
155	7 1 3 6
156	6 12 5 10
157	7 11 10 5
158	12 6 10 4
159	7 11 3 2
160	6 4 7 2
161	2 6 9 4
162	8 5 9 10
163	9 12 6 1
164	4 9 8 5
165	1 8 3 12
166	6 3 10 12
167	7 5 10 2
168	3 4 10 7
169	9 4 2 12
170	2 10 5 9
171	4 2 8 7
172	3 11 1 4
173	8 6 2 3
174	11 12 9 6
175	8 7 6 11
176	1 2 4 12
177	9 10 1 3
178	6 7 8 5
179	6 5 9 3
180	8 5 7 9
181	4 12 10 1
182	5 12 8 1
183	8 3 5 7
184	1 8 10 12
185	1 4 11 3
186	8 3 11 12
187	1 12 5 9
188	11 7 10 5
189	9 6 10 11
190	8 12 5 4
191	12 3 9 7
192	10 4 7 9
193	1 10 8 7
194	10 12 5 4
195	6 10 3 11
196	7 5 10 4
197	10 2 6 8
198	9 10 7 12
199	9 5 7 6
200	1 5 12 10
201	3 4 11 9
202	10 5 2 7
203	10 9 3 1
204	2 3 8 6
205	9 8 11 2
206	6 1 11 4
207	12 7 9 5
208	1 11 10 6
209	5 1 11 9
210	6 8 2 10
211	9 4 7 2
212	6 5 8 9
213	6 8 11 7
214	9 3 12 10
215	10 8 4 7
216	6 10 9 11
217	12 8 1 10
218	3 7 1 4
219	10 4 1 7
220	10 1 8 3
221	6 9 1 8
222	2 11 8 5
223	2 10 12 8
224	2 9 8 11
225	8 3 5 11
226	3 6 12 5
227	8 7 6 2
228	10 12 9 4
229	5 3 7 10
230	5 12 9 1
231	11 3 9 7
232	5 12 10 3
233	3 4 11 2
234	1 2 10 5
235	1 10 7 6
236	8 9 2 10
237	3 2 4 11
238	5 4 6 9
239	6 8 7 9
240	4 6 9 7
241	5 10 1 9
242	2 5 3 4
243	7 12 11 9
244	7 11 5 10
245	11 4 9 12
246	3 4 9 12
247	5 10 12 9
248	2 12 10 11
249	9 10 4 11
250	1 8 7 2
251	7 6 9 10
252	5 6 10 12
253	12 11 5 2
254	8 4 3 5
255	11 10 5 2
256	10 9 6 11
257	5 3 11 6
258	6 7 5 1
259	3 6 12 7
260	11 8 7 1
261	6 4 10 11
262	11 8 3 2
263	6 1 3 2
264	10 11 8 4
265	10 8 6 7
266	2 10 7 1
267	12 10 5 8
268	8 1 7 9
269	10 7 4 2
270	8 3 6 7
271	8 10 4 12
272	5 10 9 12
273	12 4 7 1
274	1 12 2 11
275	10 2 12 1
276	1 5 11 6
277	6 8 10 2
278	8 10 6 3
279	6 11 3 5
280	5 7 3 12
281	4 6 11 3
282	11 6 12 7
283	9 4 3 8
284	5 8 12 6
285	11 8 1 5
286	5 10 8 4
287	10 4 9 7
288	9 1 4 2
289	1 7 8 2
290	1 4 8 5
291	3 12 5 1
292	2 10 8 3
293	6 8 9 4
294	3 9 11 5
295	12 8 3 4
296	11 4 2 7
297	12 2 7 1
298	4 3 2 7
299	7 4 12 9
300	5 9 3 1
301	11 7 1 3
302	12 6 8 11
303	2 4 5 11
304	5 4 6 12
305	4 1 10 3
306	9 3 1 10
307	1 10 2 9
308	12 10 6 8
309	1 2 12 3
310	9 7 5 1
311	8 6 5 9
312	11 4 3 7
313	10 12 9 3
314	7 6 4 5
315	3 6 12 8
316	10 12 11 3
317	7 10 4 2
318	9 8 4 7
319	12 2 4 9
320	6 3 9 1
321	2 11 9 10
322	5 4 2 3
323	8 10 5 11
324	4 11 7 2
325	1 8 12 4
326	2 1 10 9
327	1 3 7 8
328	6 10 5 1
329	3 6 5 8
330	6 10 2 8
331	11 12 8 7
332	1 10 4 8
333	8 7 5 3
334	1 12 4 2
335	3 2 5 4
336	7 3 11 1
337	12 3 2 11
338	3 11 9 8
339	11 6 4 9
340	5 3 9 11
341	8 5 2 7
342	1 9 12 2
343	5 1 2 9
344	5 10 11 3
345	5 12 10 7
346	1 3 4 12
347	8 11 6 5
348	3 2 1 4
349	3 12 8 11
350	6 7 3 12
351	3 4 1 8
352	5 10 3 7
353	10 3 9 6
354	3 6 12 8
355	6 4 7 2
356	11 7 4 12
357	7 4 11 12
358	9 11 3 8
359	6 1 11 10
360	5 8 10 1
361	1 6 7 3
362	6 2 9 8
363	4 8 2 10
364	10 8 6 4
365	9 6 7 5
366	11 3 10 7
367	10 4 5 11
368	2 9 4 7
369	5 3 8 1
370	7 3 10 1
371	2 9 1 4
372	9 4 3 2
373	9 10 8 2
374	1 12 3 5
375	4 8 11 3
376	8 10 2 6
377	12 3 4 5
378	9 3 8 4
379	2 3 5 6
380	5 7 11 6
381	12 11 10 6
382	7 2 9 5
383	9 4 12 5
384	10 3 9 4
385	1 5 11 7
386	4 10 12 6
387	10 9 11 7
388	7 6 9 10
389	3 2 7 1
390	4 11 3 9
391	12 11 1 6
392	1 4 7 6
393	3 6 9 8
394	1 3 4 11
395	7 3 2 11
396	5 6 9 11
397	11 8 3 6
398	1 3 12 5
399	6 12 2 4
400	12 9 5 4
401	8 9 5 12
402	8 3 2 5
403	7 11 6 5
404	2 5 10 7
405	2 9 3 1
406	8 5 12 11
407	1 4 5 10
408	9 7 8 1
409	9 4 12 2
410	11 8 9 12
411	4 7 10 12
412	3 9 10 1
413	2 8 9 3
414	8 7 12 6
415	12 8 9 1
416	12 5 4 10
417	2 10 1 8
418	6 1 4 7
419	10 1 4 12
420	5 6 3 8
421	4 10 7 8
422	12 9 6 4
423	6 1 9 7
424	10 11 9 5
425	12 3 1 7
426	5 9 3 2
427	9 3 12 7
428	12 4 10 6
429	10 6 11 9
430	10 5 12 8
431	9 7 12 11
432	6 3 8 5
433	9 8 10 4
434	11 4 2 8
435	2 7 5 4
436	12 5 4 8
437	1 8 5 3
438	8 9 12 4
439	8 12 4 5
440	10 8 9 11
441	6 9 2 4
442	11 9 4 10
443	7 1 5 10
444	10 6 3 4
445	6 11 5 1
446	5 7 9 3
447	1 12 10 9
448	2 7 9 1
449	11 7 2 5
450	4 8 1 7
451	3 1 4 7
452	3 2 1 9
453	11 1 12 10
454	9 12 10 2
455	3 2 1 7
456	6 4 11 7
457	12 1 10 4
458	3 1 10 11
459	11 12 2 9
460	3 12 6 1
461	11 6 2 8
462	5 10 9 11
463	7 9 8 5
464	8 2 5 12
465	11 4 2 1
466	3 4 7 10
467	12 7 6 2
468	12 4 2 9
469	2 10 5 9
470	9 6 2 3
471	8 9 10 6
472	5 2 6 1
473	5 1 8 6
474	4 7 1 9
475	3 8 7 9
476	4 7 2 3
477	7 8 9 12
478	8 10 5 9
479	10 9 2 3
480	5 3 7 2
481	1 8 11 9
482	10 1 5 7
483	6 9 7 11
484	9 12 5 7
485	3 8 12 10
486	8 12 4 6
487	4 1 2 9
488	8 10 11 3
489	1 3 2 10
490	6 11 7 8
491	11 2 5 3
492	7 1 5 6
493	6 2 5 3
494	6 8 4 10
495	7 5 4 12
496	2 11 1 9
497	10 9 5 6
498	2 4 6 10
499	11 10 3 12
500	4 11 5 6
