Students	500
1	5 9 11 4
2	10 1 2 7
3	8 11 4 3
4	9 1 3 6
5	7 10 5 4
6	7 1 9 6
7	3 9 8 7
8	3 8 2 1
9	6 7 1 11
10	4 11 2 7
11	5 2 6 11
12	12 2 5 4
13	1 10 4 5
14	11 1 9 5
15	1 5 12 3
16	6 7 9 4
17	9 6 3 7
18	3 8 4 9
19	8 4 11 9
20	2 1 10 4
21	4 8 6 1
22	11 8 12 6
23	10 8 12 3
24	7 3 6 9
25	3 9 2 5
26	4 8 5 10
27	12 4 7 9
28	5 10 8 11
29	8 11 6 9
30	2 4 12 5
31	12 3 4 7
32	3 6 5 12
33	9 10 4 5
34	4 7 2 8
35	12 8 9 1
36	6 12 8 10
37	3 5 12 9
38	6 8 11 3
39	11 10 4 5
40	7 3 1 12
41	1 2 7 6
42	6 9 2 11
43	8 11 5 6
44	12 5 9 1
45	11 8 10 9
46	9 7 1 4
47	7 8 1 12
48	3 1 8 2
49	6 9 4 11
50	7 10 2 9
51	11 9 8 5
52	5 8 12 7
53	5 10 1 4
54	3 5 1 7
55	12 11 8 9
56	11 7 6 3
57	5 2 3 9
58	12 3 1 11
59	7 1 8 9
60	4 9 12 5
61	7 3 4 10
62	1 3 6 12
63	5 10 3 12
64	5 8 9 1
65	8 9 11 3
66	1 7 4 11
67	10 6 9 3
68	5 4 7 12
69	4 8 3 9
70	7 12 4 1
71	11 9 6 5
72	10 8 11 2
73	8 3 2 9
74	4 10 7 12
75	10 1 4 6
76	12 10 9 11
77	10 7 8 2
78	3 4 6 8
79	5 8 1 9
80	2 7 12 9
81	2 5 7 8
82	4 6 8 10
83	4 1 3 11
84	8 5 1 12
85	1 5 6 7
86	7 8 12 3
87	12 10 7 3
88	9 5 2 3
89	6 9 12 1
90	3 12 4 7
91	11 2 3 8
92	12 3 6 5
93	5 10 1 6
94	3 1 4 9
95	8 4 2 10
96	1 4 12 2
97	11 5 1 6
98	10 6 3 11
99	7 12 6 4
100	1 2 5 7
101	12 1 5 11
102	5 2 3 7
103	10 5 3 8
104	6 7 8 9
105	2 1 7 9
106	2 4 5 9
107	7 9 5 4
108	11 4 10 9
109	9 1 12 11
110	5 1 10 7
111	4 3 7 2
112	2 11 10 12
113	11 12 3 9
114	3 5 1 11
115	8 9 1 5
116	2 10 4 3
117	8 5 11 1
118	1 11 4 12
119	3 5 1 7
120	3 5 1 6
121	2 1 12 10
122	2 11 9 3
123	11 1 4 2
124	3 10 7 5
125	11 3 4 9
126	12 4 1 10
127	6 2 12 7
128	9 12 7 11
129	9 3 6 12
130	2 5 7 10
131	8 12 2 10
132	2 5 7 8
133	8 3 5 2
134	2 7 6 5
135	7 12 5 10
136	5 3 1 7
137	12 5 3 1
138	6 7 5 2
139	3 10 11 4
140	1 6 5 8
141	10 11 8 3
142	8 12 1 3
143	12 9 6 1
144	2 3 1 7
145	10 4 6 11
146	6 2 4 5
147	7 12 6 8
148	3 11 8 7
149	5 8 11 3
150	1 8 11 4
151	8 12 6 1
152	9 5 6 1
153	10 12 9 6
154	1 3 10 9
155	7 2 4 9
156	4 12 9 10
157	8 9 12 4
158	8 1 10 12
159	8 5 3 6
160	9 2 7 12
161	11 5 2 3
162	8 1 11 12
163	10 11 7 12
164	9 1 8 6
165	1 3 4 12
166	1 5 9 11
167	10 12 3 11
168	6 8 1 11
169	2 10 7 5
170	11 9 3 10
171	8 4 7 2
172	11 2 10 5
173	10 4 8 12
174	2 6 1 9
175	8 5 6 4
176	3 9 4 6
177	9 1 10 7
178	2 10 7 8
179	3 8 9 4
180	1 12 8 6
181	1 7 2 4
182	6 1 8 3
183	7 4 5 8
184	12 2 8 5
185	5 3 2 4
186	11 12 5 6
187	7 10 12 8
188	7 6 12 11
189	8 1 7 6
190	7 10 3 6
191	7 1 10 12
192	12 1 5 7
193	5 11 2 9
194	11 3 4 1
195	8 6 2 3
196	1 12 10 6
197	7 11 12 2
198	8 11 3 12
199	8 4 11 6
200	8 12 1 4
201	6 11 7 5
202	12 9 8 6
203	9 1 4 2
204	10 4 3 2
205	5 3 2 7
206	4 11 6 10
207	12 11 10 6
208	6 5 3 2
209	10 3 8 12
210	8 5 4 3
211	7 1 12 2
212	1 2 11 5
213	12 5 10 6
214	11 7 12 8
215	8 4 7 5
216	12 7 2 5
217	8 11 3 12
218	8 3 10 11
219	12 7 10 6
220	11 7 4 12
221	10 11 8 1
222	3 4 9 5
223	12 1 10 9
224	5 9 8 10
225	10 11 9 6
226	9 12 1 8
227	10 12 11 6
228	7 2 9 3
229	2 8 3 12
230	2 11 7 6
231	4 7 12 1
232	1 5 7 4
233	11 1 7 9
234	8 6 7 3
235	4 6 2 7
236	3 12 6 4
237	1 8 3 10
238	11 7 8 3
239	2 7 3 9
240	6 1 2 11
241	9 10 7 4
242	1 11 2 7
243	12 8 6 2
244	10 6 7 9
245	3 2 11 1
246	8 7 2 11
247	9 10 2 3
248	6 8 5 11
249	1 12 8 11
250	7 8 2 1
251	7 10 9 5
252	11 9 12 3
253	5 8 12 6
254	8 10 4 6
255	1 4 3 7
256	12 7 6 8
257	5 10 8 7
258	1 8 7 11
259	7 3 5 8
260	10 9 11 8
261	1 6 11 5
262	9 4 11 10
263	3 12 7 1
264	8 7 10 3
265	12 7 6 3
266	9 8 3 4
267	10 1 11 8
268	11 6 4 8
269	2 10 9 5
270	12 8 7 4
271	8 2 3 1
272	10 9 6 1
273	9 3 6 11
274	2 1 7 3
275	8 4 12 1
276	6 10 4 3
277	12 6 2 11
278	11 9 2 4
279	8 9 7 10
280	7 12 9 5
281	3 9 1 4
282	9 8 2 12
283	9 11 5 3
284	11 6 1 9
285	11 6 7 8
286	12 7 8 9
287	4 10 7 1
288	1 3 10 2
289	3 10 7 2
290	3 12 10 4
291	6 12 3 1
292	11 6 4 5
293	9 5 11 6
294	4 1 10 11
295	8 6 9 12
296	8 5 2 1
297	9 8 3 7
298	4 5 8 1
299	10 9 7 1
300	3 5 6 11
301	6 11 12 4
302	3 12 9 10
303	3 6 1 5
304	12 6 3 11
305	3 7 11 8
306	8 5 9 7
307	9 8 5 4
308	6 10 9 7
309	4 10 1 3
310	12 8 7 5
311	4 11 3 5
312	5 7 4 9
313	2 7 5 3
314	11 9 12 3
315	8 6 4 5
316	7 10 5 3
317	8 5 9 10
318	1 11 4 8
319	1 2 10 7
320	2 5 4 7
321	11 4 7 1
322	12 7 8 1
323	3 11 7 12
324	12 5 10 11
325	2 10 4 3
326	10 11 2 7
327	9 3 6 2
328	1 6 11 3
329	3 5 7 10
330	6 11 12 9
331	4 5 3 1
332	4 10 3 12
333	12 9 11 2
334	8 7 3 9
335	5 4 2 11
336	7 1 11 5
337	6 5 12 8
338	3 10 11 7
339	7 9 8 6
340	6 4 1 5
341	10 5 11 2
342	8 9 5 1
343	3 6 2 4
344	8 6 4 9
345	1 10 8 2
346	3 7 8 11
347	10 12 11 9
348	12 8 10 7
349	8 6 11 2
350	4 9 7 12
351	8 9 2 5
352	9 5 6 7
353	8 7 1 6
354	10 5 4 7
355	2 6 9 12
356	11 12 9 6
357	8 10 12 1
358	12 11 2 6
359	1 12 3 8
360	10 12 3 11
361	8 5 2 6
362	7 6 12 1
363	1 4 11 2
364	2 4 1 9
365	6 2 7 10
366	12 7 11 1
367	12 1 5 2
368	8 1 12 10
369	5 1 6 9
370	12 10 6 2
371	6 4 8 7
372	2 9 6 11
373	11 4 5 9
374	6 2 11 3
375	5 4 7 8
376	9 11 2 12
377	11 2 5 1
378	8 7 4 11
379	3 4 7 9
380	1 7 8 4
381	7 9 5 1
382	3 12 4 2
383	9 1 11 5
384	1 5 8 2
385	11 2 3 12
386	6 12 3 8
387	8 6 2 1
388	12 4 6 9
389	6 9 4 2
390	1 8 6 10
391	5 8 11 4
392	5 4 3 6
393	10 6 7 12
394	1 12 2 10
395	6 5 2 9
396	1 2 7 6
397	7 2 9 12
398	4 2 3 5
399	6 8 12 11
400	5 2 6 9
401	9 2 7 4
402	3 11 9 7
403	7 6 5 10
404	1 6 11 3
405	12 6 2 1
406	5 10 1 4
407	6 2 7 10
408	5 9 1 2
409	8 10 4 9
410	3 4 1 7
411	2 6 8 4
412	9 7 4 5
413	9 10 11 8
414	12 2 8 1
415	2 9 5 4
416	2 7 10 4
417	7 11 12 10
418	10 12 11 6
419	4 10 6 7
420	12 6 8 1
421	2 5 3 12
422	11 3 1 6
423	9 2 1 10
424	4 9 12 6
425	1 7 10 11
426	9 8 10 7
427	2 12 5 8
428	6 9 7 1
429	12 8 9 7
430	9 6 12 11
431	2 12 5 3
432	5 4 9 8
433	4 9 6 11
434	10 2 9 1
435	12 8 4 1
436	7 11 12 3
437	5 9 1 12
438	4 3 8 10
439	8 5 9 4
440	2 4 6 12
441	6 1 8 12
442	2 4 12 3
443	10 7 1 5
444	12 10 1 6
445	7 8 1 12
446	12 2 1 11
447	10 3 9 2
448	8 11 10 6
449	2 9 3 4
450	9 6 8 1
451	11 6 10 4
452	3 12 7 2
453	10 4 12 11
454	9 2 5 10
455	4 6 1 5
456	5 9 8 4
457	11 5 4 12
458	11 3 8 5
459	8 5 10 12
460	10 4 11 8
461	5 3 10 7
462	12 7 8 11
463	9 7 4 8
464	1 12 7 6
465	9 3 12 8
466	5 3 11 12
467	1 6 9 8
468	2 10 12 7
469	4 9 5 2
470	11 7 3 6
471	4 7 9 2
472	2 1 11 3
473	1 4 6 12
474	1 11 8 10
475	10 11 2 9
476	5 12 2 1
477	11 6 9 12
478	1 6 11 10
479	1 10 5 2
480	3 1 4 2
481	9 7 2 6
482	11 2 7 12
483	8 5 10 6
484	2 9 6 7
485	8 4 6 3
486	6 2 9 11
487	11 8 1 9
488	9 5 1 10
489	12 8 1 6
490	5 12 9 7
491	1 10 3 8
492	2 6 10 12
493	12 5 2 9
494	12 2 7 1
495	7 12 4 2
496	3 1 2 6
497	4 7 11 8
498	2 1 5 3
499	8 11 4 5
500	10 1 2 4
