Course	Room	Teacher	Time	Students
002153	TH110	0428815	260	0252627 3088571 3191285 3214617 3215876 3218908 3219639 3223468 3223593 3232822 3242147 3243105 3243225 3245522 3247055 3250904 3252673 3261847 3262890 3293645 3309285 3311410 3315613 3315934 3323189 3323644 3323699 3324108 3329668 3329756 3330273 3330630 3331578 3331618 3331989 3332580 3332714 3340189 3351610 3356399 3373119 3373472 3374627 3375084 3381343 3382098 3385569 3387721 3388003 3388714 3388734 3388882 3389687 3390131 3396570 3397250 3397575 3403576 3403581 3403680 3403953 3404979 3405286 3405436 3406004 3407233 3407265 3407466 3407911 3408274 3408625 3408820 3409792 
002153	TH110	0428815	261	0252627 3088571 3191285 3214617 3215876 3218908 3219639 3223468 3223593 3232822 3242147 3243105 3243225 3245522 3247055 3250904 3252673 3261847 3262890 3293645 3309285 3311410 3315613 3315934 3323189 3323644 3323699 3324108 3329668 3329756 3330273 3330630 3331578 3331618 3331989 3332580 3332714 3340189 3351610 3356399 3373119 3373472 3374627 3375084 3381343 3382098 3385569 3387721 3388003 3388714 3388734 3388882 3389687 3390131 3396570 3397250 3397575 3403576 3403581 3403680 3403953 3404979 3405286 3405436 3406004 3407233 3407265 3407466 3407911 3408274 3408625 3408820 3409792 
002153	TH110	0428815	159	0252627 3088571 3191285 3214617 3215876 3218908 3219639 3223468 3223593 3232822 3242147 3243105 3243225 3245522 3247055 3250904 3252673 3261847 3262890 3293645 3309285 3311410 3315613 3315934 3323189 3323644 3323699 3324108 3329668 3329756 3330273 3330630 3331578 3331618 3331989 3332580 3332714 3340189 3351610 3356399 3373119 3373472 3374627 3375084 3381343 3382098 3385569 3387721 3388003 3388714 3388734 3388882 3389687 3390131 3396570 3397250 3397575 3403576 3403581 3403680 3403953 3404979 3405286 3405436 3406004 3407233 3407265 3407466 3407911 3408274 3408625 3408820 3409792 
006847	PK243	3427120	3	0252627 1073230 1155110 3063119 3068181 3089555 3092781 3093208 3098317 3106403 3121582 3142378 3189051 3194683 3249841 3261847 3306835 3311445 3316653 3323699 3330372 3330439 3332978 
006847	PK243	3427120	2	0252627 1073230 1155110 3063119 3068181 3089555 3092781 3093208 3098317 3106403 3121582 3142378 3189051 3194683 3249841 3261847 3306835 3311445 3316653 3323699 3330372 3330439 3332978 
006847	PK243	3427120	121	0252627 1073230 1155110 3063119 3068181 3089555 3092781 3093208 3098317 3106403 3121582 3142378 3189051 3194683 3249841 3261847 3306835 3311445 3316653 3323699 3330372 3330439 3332978 
011219	PK10	1168490	260	0692830 3108814 3213412 3389756 3416251 
011219	PK10	1168490	261	0692830 3108814 3213412 3389756 3416251 
011219	PK10	1168490	159	0692830 3108814 3213412 3389756 3416251 
001837	PK25	0409956	113	0828226 3063119 3095908 3121582 3154498 3204517 3204688 3211006 3215635 3216609 3221143 3221922 3222944 3223468 3223593 3232650 3243105 3245522 3248182 3250907 3266721 3281747 3283446 3293645 3303949 3304008 3306835 3308695 3310852 3311410 3312024 3314945 3316281 3316653 3323189 3323328 3323454 3330630 3331989 3333301 3333501 3347834 3352587 3373902 3389464 3389987 3397567 3397573 3398026 3398166 3405873 3405943 3406150 3408041 3410241 
001837	PK25	0409956	13	0828226 3063119 3095908 3121582 3154498 3204517 3204688 3211006 3215635 3216609 3221143 3221922 3222944 3223468 3223593 3232650 3243105 3245522 3248182 3250907 3266721 3281747 3283446 3293645 3303949 3304008 3306835 3308695 3310852 3311410 3312024 3314945 3316281 3316653 3323189 3323328 3323454 3330630 3331989 3333301 3333501 3347834 3352587 3373902 3389464 3389987 3397567 3397573 3398026 3398166 3405873 3405943 3406150 3408041 3410241 
001837	PK25	0409956	116	0828226 3063119 3095908 3121582 3154498 3204517 3204688 3211006 3215635 3216609 3221143 3221922 3222944 3223468 3223593 3232650 3243105 3245522 3248182 3250907 3266721 3281747 3283446 3293645 3303949 3304008 3306835 3308695 3310852 3311410 3312024 3314945 3316281 3316653 3323189 3323328 3323454 3330630 3331989 3333301 3333501 3347834 3352587 3373902 3389464 3389987 3397567 3397573 3398026 3398166 3405873 3405943 3406150 3408041 3410241 
004276	PK243	1165566	260	0854238 1078911 3094479 3153576 3214178 3215889 3219719 3221557 3231914 3266721 3322722 3330431 3352018 3357061 3374832 3389664 3405873 3406546 3406720 
004276	PK243	1165566	261	0854238 1078911 3094479 3153576 3214178 3215889 3219719 3221557 3231914 3266721 3322722 3330431 3352018 3357061 3374832 3389664 3405873 3406546 3406720 
011306	EHIII	3319825	14	0854238 1157995 3065990 3082688 3170878 3194888 3305199 3334296 3335406 3344462 3350650 
011306	EHIII	3319825	15	0854238 1157995 3065990 3082688 3170878 3194888 3305199 3334296 3335406 3344462 3350650 
006862	PK337	0031347	260	0889130 3074091 3087414 3090029 3094263 3095021 3099423 3145694 3190685 3316614 
006862	PK337	0031347	261	0889130 3074091 3087414 3090029 3094263 3095021 3099423 3145694 3190685 3316614 
006862	PK337	0031347	159	0889130 3074091 3087414 3090029 3094263 3095021 3099423 3145694 3190685 3316614 
011312	TAYC	0125630	159	0892947 3061686 3081698 3093349 3153576 3204830 3213402 3216244 3322151 3398717 
011312	TAYC	0125630	113	0892947 3061686 3081698 3093349 3153576 3204830 3213402 3216244 3322151 3398717 
011962	EHI	0492451	114	0892947 3081988 3211393 3219633 3410901 3422949 
011962	EHI	0492451	115	0892947 3081988 3211393 3219633 3410901 3422949 
001249	TH224	0031388	260	0903788 1072178 1081304 1098264 1156282 3065568 3075252 3079169 3082033 3083207 3083717 3085021 3087472 3088010 3093246 3094738 3099745 
001249	TH224	0031388	261	0903788 1072178 1081304 1098264 1156282 3065568 3075252 3079169 3082033 3083207 3083717 3085021 3087472 3088010 3093246 3094738 3099745 
009270	TH104	3310251	260	0997873 3105292 3219029 3305828 3306992 3330203 3357841 3388046 3389259 3396626 3397064 3404942 
009270	TH104	3310251	261	0997873 3105292 3219029 3305828 3306992 3330203 3357841 3388046 3389259 3396626 3397064 3404942 
012104	PK243	1167884	264	0997873 1163242 3088147 3096963 3155201 3192437 3217615 3244790 3248326 3248478 3284809 3312114 3323493 3333260 3346922 3388003 3394688 3396626 3398464 3404945 3405568 3406889 3408797 
012104	PK243	1167884	14	0997873 1163242 3088147 3096963 3155201 3192437 3217615 3244790 3248326 3248478 3284809 3312114 3323493 3333260 3346922 3388003 3394688 3396626 3398464 3404945 3405568 3406889 3408797 
012104	PK243	1167884	15	0997873 1163242 3088147 3096963 3155201 3192437 3217615 3244790 3248326 3248478 3284809 3312114 3323493 3333260 3346922 3388003 3394688 3396626 3398464 3404945 3405568 3406889 3408797 
001763	EHI	0027799	116	1017457 3062958 3087757 3179026 3204279 3217724 3315613 3322949 3329187 3336686 3345567 
001763	EHI	0027799	16	1017457 3062958 3087757 3179026 3204279 3217724 3315613 3322949 3329187 3336686 3345567 
003439	EHI	1165592	113	1017457 1073076 3076209 3097192 3119630 3215876 3316782 3332980 3336573 3345326 3356546 3408495 
003439	EHI	1165592	13	1017457 1073076 3076209 3097192 3119630 3215876 3316782 3332980 3336573 3345326 3356546 3408495 
012286	EHIII	1165592	260	1017457 1154382 1154715 1157995 3067585 3085407 3191823 3194873 3211478 3254879 3329964 
012286	EHIII	1165592	261	1017457 1154382 1154715 1157995 3067585 3085407 3191823 3194873 3211478 3254879 3329964 
003278	EHI	0675005	260	1045484 1155813 3072284 3081410 3088969 3090375 
003278	EHI	0675005	261	1045484 1155813 3072284 3081410 3088969 3090375 
003279	EHI	0675005	159	1045484 1155813 3072284 3081410 3088969 3090375 
003279	EHI	0675005	262	1045484 1155813 3072284 3081410 3088969 3090375 
006588	TH251	3194739	159	1048446 1080636 1088574 3079829 3079915 3083207 3083995 3085302 3092151 3093319 3098490 3099375 
006588	TH251	3194739	262	1048446 1080636 1088574 3079829 3079915 3083207 3083995 3085302 3092151 3093319 3098490 3099375 
008429	TAYG	3405054	212	1048446 3079769 3079915 3089769 3094575 3112040 3119048 3145695 3153306 3191876 3211727 3217413 3242147 3309042 3331776 3331989 3332738 3332980 3334056 3357061 3364522 3373846 3381444 3382642 3388359 3390262 3397398 3398251 3405177 3405863 3409423 3409736 3431091 
008429	TAYG	3405054	120	1048446 3079769 3079915 3089769 3094575 3112040 3119048 3145695 3153306 3191876 3211727 3217413 3242147 3309042 3331776 3331989 3332738 3332980 3334056 3357061 3364522 3373846 3381444 3382642 3388359 3390262 3397398 3398251 3405177 3405863 3409423 3409736 3431091 
011207	TH251	0031478	263	1048446 3083207 3084716 3085302 3091889 3092151 3094700 3099375 3121966 3160933 3329964 
011207	TH251	0031478	264	1048446 3083207 3084716 3085302 3091889 3092151 3094700 3099375 3121966 3160933 3329964 
002399	TH224	3422490	262	1049332 1133589 3066736 3090058 3095867 3105866 3189715 3204619 3210877 3215099 3217371 3302367 3315767 3319376 3382642 3405296 3407233 
002399	TH224	3422490	263	1049332 1133589 3066736 3090058 3095867 3105866 3189715 3204619 3210877 3215099 3217371 3302367 3315767 3319376 3382642 3405296 3407233 
003541	EHIII	0599596	159	1059404 3088052 3092012 3101150 3205208 3211478 3212008 
003541	EHIII	0599596	264	1059404 3088052 3092012 3101150 3205208 3211478 3212008 
004885	CARP13	0672202	113	1059404 3068911 3095417 3170878 3210877 3217444 3221785 3223740 3252851 3311808 
004885	CARP13	0672202	13	1059404 3068911 3095417 3170878 3210877 3217444 3221785 3223740 3252851 3311808 
009271	EHLEC	0058557	203	1059404 1070105 3067214 3067793 3079120 3087948 3094263 3099745 3101150 3155201 3205208 3220932 3242920 3317234 3332249 3335255 3343092 3351610 3358560 3403676 3404683 3409736 
009271	EHLEC	0058557	200	1059404 1070105 3067214 3067793 3079120 3087948 3094263 3099745 3101150 3155201 3205208 3220932 3242920 3317234 3332249 3335255 3343092 3351610 3358560 3403676 3404683 3409736 
009213	TH111	0138190	159	1072178 3079005 3082033 3084353 3095599 3192437 3221143 3265154 3315776 3330820 3332980 3344691 
009213	TH111	0138190	262	1072178 3079005 3082033 3084353 3095599 3192437 3221143 3265154 3315776 3330820 3332980 3344691 
003422	EHLEC	0024092	260	1073076 3194428 3244790 3307517 3311550 3332738 3344476 3347031 3349875 3350800 3405177 
003422	EHLEC	0024092	261	1073076 3194428 3244790 3307517 3311550 3332738 3344476 3347031 3349875 3350800 3405177 
011528	EHIII	3310251	262	1073076 3092012 3211128 3250904 3321831 3322236 3333138 3403427 3407566 
011528	EHIII	3310251	263	1073076 3092012 3211128 3250904 3321831 3322236 3333138 3403427 3407566 
001887	PK278	3426758	260	1073230 3082852 3086192 3088141 3093257 3099257 3125127 3183942 3260264 
001887	PK278	3426758	261	1073230 3082852 3086192 3088141 3093257 3099257 3125127 3183942 3260264 
001887	PK278	3426758	159	1073230 3082852 3086192 3088141 3093257 3099257 3125127 3183942 3260264 
001891	PK10	3422398	262	1073230 1154430 3068878 3081400 3086119 3090776 
001891	PK10	3422398	263	1073230 1154430 3068878 3081400 3086119 3090776 
001891	PK10	3422398	264	1073230 1154430 3068878 3081400 3086119 3090776 
007365	TH110	0603646	2	1075130 3094556 3118178 3177873 3188882 3192054 3210027 3241545 3254195 3260419 3262172 3276024 3304357 3307952 3309042 3310852 3321377 3322686 3322777 3329757 3330203 3332518 3332955 3333301 3333780 3334296 3335184 3335236 3335406 3336573 3337363 3340395 3343234 3344231 3344476 3345082 3345933 3349875 3350800 3352587 3357841 3376542 3381444 3382096 3382524 3382642 3388628 3388735 3389488 3390539 3397064 3397154 3397815 3398026 3398117 3398717 3401632 3403427 3403581 3404051 3406020 3406490 3406817 3407079 3409172 3409423 3409557 3409695 3410480 
007365	TH110	0603646	121	1075130 3094556 3118178 3177873 3188882 3192054 3210027 3241545 3254195 3260419 3262172 3276024 3304357 3307952 3309042 3310852 3321377 3322686 3322777 3329757 3330203 3332518 3332955 3333301 3333780 3334296 3335184 3335236 3335406 3336573 3337363 3340395 3343234 3344231 3344476 3345082 3345933 3349875 3350800 3352587 3357841 3376542 3381444 3382096 3382524 3382642 3388628 3388735 3389488 3390539 3397064 3397154 3397815 3398026 3398117 3398717 3401632 3403427 3403581 3404051 3406020 3406490 3406817 3407079 3409172 3409423 3409557 3409695 3410480 
007365	TH110	0603646	4	1075130 3094556 3118178 3177873 3188882 3192054 3210027 3241545 3254195 3260419 3262172 3276024 3304357 3307952 3309042 3310852 3321377 3322686 3322777 3329757 3330203 3332518 3332955 3333301 3333780 3334296 3335184 3335236 3335406 3336573 3337363 3340395 3343234 3344231 3344476 3345082 3345933 3349875 3350800 3352587 3357841 3376542 3381444 3382096 3382524 3382642 3388628 3388735 3389488 3390539 3397064 3397154 3397815 3398026 3398117 3398717 3401632 3403427 3403581 3404051 3406020 3406490 3406817 3407079 3409172 3409423 3409557 3409695 3410480 
007403	BYC127	0031611	200	1075130 3068181 3080546 3081698 3087231 3087414 3090325 3091870 3092604 3097009 3098983 3100468 3126930 3142378 3177388 3178019 3204153 3217346 3236537 3249531 3296121 3315084 3330095 3410355 
007403	BYC127	0031611	202	1075130 3068181 3080546 3081698 3087231 3087414 3090325 3091870 3092604 3097009 3098983 3100468 3126930 3142378 3177388 3178019 3204153 3217346 3236537 3249531 3296121 3315084 3330095 3410355 
007403	BYC127	0031611	118	1075130 3068181 3080546 3081698 3087231 3087414 3090325 3091870 3092604 3097009 3098983 3100468 3126930 3142378 3177388 3178019 3204153 3217346 3236537 3249531 3296121 3315084 3330095 3410355 
001893	PK11	3426758	262	1075264 1155110 1160418 3075104 3089580 3093257 3120137 
001893	PK11	3426758	263	1075264 1155110 1160418 3075104 3089580 3093257 3120137 
001893	PK11	3426758	264	1075264 1155110 1160418 3075104 3089580 3093257 3120137 
001840	PK229	0168763	25	1079538 1092805 1154715 3068878 3070045 3083995 3089542 3096229 3114269 3114853 3115992 3120137 3126930 3136630 3152434 3173096 3173283 3177873 3185376 3191191 3194474 3204830 3212784 3214617 3219639 3246661 3248149 3262890 3283446 3293645 3304324 3323699 3331496 3331578 3331618 3335809 3356346 3373902 3389987 
001840	PK229	0168763	203	1079538 1092805 1154715 3068878 3070045 3083995 3089542 3096229 3114269 3114853 3115992 3120137 3126930 3136630 3152434 3173096 3173283 3177873 3185376 3191191 3194474 3204830 3212784 3214617 3219639 3246661 3248149 3262890 3283446 3293645 3304324 3323699 3331496 3331578 3331618 3335809 3356346 3373902 3389987 
001840	PK229	0168763	201	1079538 1092805 1154715 3068878 3070045 3083995 3089542 3096229 3114269 3114853 3115992 3120137 3126930 3136630 3152434 3173096 3173283 3177873 3185376 3191191 3194474 3204830 3212784 3214617 3219639 3246661 3248149 3262890 3283446 3293645 3304324 3323699 3331496 3331578 3331618 3335809 3356346 3373902 3389987 
001842	PK180	0031557	4	1079538 1091600 1160418 3067214 3068181 3068911 3070045 3071791 3081234 3081400 3082852 3086119 3088571 3089555 3091890 3096911 3096963 3098317 3099257 3106403 3115992 3118090 3173283 3185376 3208714 3211081 3211473 3214617 3219428 3221143 3221922 3248182 3281747 3309190 3315059 3315934 3323189 3323539 3329885 3331474 3333459 3389756 3409420 
001842	PK180	0031557	16	1079538 1091600 1160418 3067214 3068181 3068911 3070045 3071791 3081234 3081400 3082852 3086119 3088571 3089555 3091890 3096911 3096963 3098317 3099257 3106403 3115992 3118090 3173283 3185376 3208714 3211081 3211473 3214617 3219428 3221143 3221922 3248182 3281747 3309190 3315059 3315934 3323189 3323539 3329885 3331474 3333459 3389756 3409420 
001842	PK180	0031557	234	1079538 1091600 1160418 3067214 3068181 3068911 3070045 3071791 3081234 3081400 3082852 3086119 3088571 3089555 3091890 3096911 3096963 3098317 3099257 3106403 3115992 3118090 3173283 3185376 3208714 3211081 3211473 3214617 3219428 3221143 3221922 3248182 3281747 3309190 3315059 3315934 3323189 3323539 3329885 3331474 3333459 3389756 3409420 
001843	PK278	0056992	3	1079538 1155700 3087231 3087330 3089542 3091176 3107592 3154498 3158474 3194428 3211081 3223001 3232822 3247055 3248182 3256154 3323692 3330630 3358560 3398166 
001843	PK278	0056992	2	1079538 1155700 3087231 3087330 3089542 3091176 3107592 3154498 3158474 3194428 3211081 3223001 3232822 3247055 3248182 3256154 3323692 3330630 3358560 3398166 
001843	PK278	0056992	121	1079538 1155700 3087231 3087330 3089542 3091176 3107592 3154498 3158474 3194428 3211081 3223001 3232822 3247055 3248182 3256154 3323692 3330630 3358560 3398166 
006031	PK349	0213446	16	1080542 3108814 3122857 3191285 3192055 3204153 3211727 3215879 3219639 3220304 3222944 3239030 3243105 3264020 3292462 3303949 3306786 3315632 3324108 3326451 3330334 3331578 3331582 3332411 3332871 3333301 3333501 3351178 3351610 3356346 3359167 3362013 3373902 3374627 3388003 3388882 3389687 3390131 3394688 3396601 3398618 3403576 3403953 3404068 3406004 3406438 3406700 3406889 3407466 3408249 3408776 3408820 3409080 3409721 3409934 3410501 
006031	PK349	0213446	114	1080542 3108814 3122857 3191285 3192055 3204153 3211727 3215879 3219639 3220304 3222944 3239030 3243105 3264020 3292462 3303949 3306786 3315632 3324108 3326451 3330334 3331578 3331582 3332411 3332871 3333301 3333501 3351178 3351610 3356346 3359167 3362013 3373902 3374627 3388003 3388882 3389687 3390131 3394688 3396601 3398618 3403576 3403953 3404068 3406004 3406438 3406700 3406889 3407466 3408249 3408776 3408820 3409080 3409721 3409934 3410501 
006031	PK349	0213446	115	1080542 3108814 3122857 3191285 3192055 3204153 3211727 3215879 3219639 3220304 3222944 3239030 3243105 3264020 3292462 3303949 3306786 3315632 3324108 3326451 3330334 3331578 3331582 3332411 3332871 3333301 3333501 3351178 3351610 3356346 3359167 3362013 3373902 3374627 3388003 3388882 3389687 3390131 3394688 3396601 3398618 3403576 3403953 3404068 3406004 3406438 3406700 3406889 3407466 3408249 3408776 3408820 3409080 3409721 3409934 3410501 
011208	PK200	0637692	260	1080542 3089014 
011208	PK200	0637692	261	1080542 3089014 
006043	PK349	3392923	14	1080636 3088264 3088433 3092781 3095908 3099184 3110627 3115257 3125856 3149019 3152572 3152667 3155346 3185122 3188399 3193776 3210876 3214138 3217313 3217371 3228759 3248716 3306482 3316614 
006043	PK349	3392923	15	1080636 3088264 3088433 3092781 3095908 3099184 3110627 3115257 3125856 3149019 3152572 3152667 3155346 3185122 3188399 3193776 3210876 3214138 3217313 3217371 3228759 3248716 3306482 3316614 
006043	PK349	3392923	16	1080636 3088264 3088433 3092781 3095908 3099184 3110627 3115257 3125856 3149019 3152572 3152667 3155346 3185122 3188399 3193776 3210876 3214138 3217313 3217371 3228759 3248716 3306482 3316614 
001195	EHLEC	0031471	115	1081304 1156282 3069455 3079005 3084353 3087117 3091870 3094738 3099375 3177388 3185376 3209232 3214178 3216244 3216580 3218034 3219920 3260308 3306703 3323692 3332410 3403676 
001195	EHLEC	0031471	1	1081304 1156282 3069455 3079005 3084353 3087117 3091870 3094738 3099375 3177388 3185376 3209232 3214178 3216244 3216580 3218034 3219920 3260308 3306703 3323692 3332410 3403676 
009240	CARP17	0138190	116	1081304 3097080 3191823 3216554 3221081 3231826 3248326 3296990 3322939 3332202 3395005 3405296 3407639 
009240	CARP17	0138190	16	1081304 3097080 3191823 3216554 3221081 3231826 3248326 3296990 3322939 3332202 3395005 3405296 3407639 
002182	PK243	0428815	262	1090070 3076209 3078071 3078822 3085643 3088141 3091305 3092408 3092411 3098983 3103166 3119909 3150160 3183942 3205454 3306835 3315084 
002182	PK243	0428815	263	1090070 3076209 3078071 3078822 3085643 3088141 3091305 3092408 3092411 3098983 3103166 3119909 3150160 3183942 3205454 3306835 3315084 
002182	PK243	0428815	264	1090070 3076209 3078071 3078822 3085643 3088141 3091305 3092408 3092411 3098983 3103166 3119909 3150160 3183942 3205454 3306835 3315084 
011204	TAYG	0408816	14	1091600 1124340 3065568 3072097 3075252 3078150 3082852 3085002 3085021 3087948 3088010 3093257 3095867 3104870 3160008 3205454 3209873 3211360 3216609 3217778 3218034 3231914 3260264 3306703 3311445 3315059 3315084 3322149 3322949 
011204	TAYG	0408816	15	1091600 1124340 3065568 3072097 3075252 3078150 3082852 3085002 3085021 3087948 3088010 3093257 3095867 3104870 3160008 3205454 3209873 3211360 3216609 3217778 3218034 3231914 3260264 3306703 3311445 3315059 3315084 3322149 3322949 
004010	TH110	0215359	159	1092805 3065990 3080774 3098947 3204905 3216013 3217778 3242496 3242506 3242920 3257376 3316782 3322777 3323608 3332955 3333780 3335809 3344476 3345326 3345567 3349875 3350800 3352018 3374246 3389864 3393733 3397064 3405092 3408191 3409464 3409760 3409777 3409975 3410501 
004010	TH110	0215359	264	1092805 3065990 3080774 3098947 3204905 3216013 3217778 3242496 3242506 3242920 3257376 3316782 3322777 3323608 3332955 3333780 3335809 3344476 3345326 3345567 3349875 3350800 3352018 3374246 3389864 3393733 3397064 3405092 3408191 3409464 3409760 3409777 3409975 3410501 
006546	TH223	0031478	260	1092805 3078258 3096248 3096963 3100458 3217346 3251946 
006546	TH223	0031478	261	1092805 3078258 3096248 3096963 3100458 3217346 3251946 
005157	TAYD	3401548	113	1093772 1155700 3093100 3099191 3112329 3114776 3211393 3219783 3227208 3242649 3243225 3244790 3244921 3247156 3252673 3307952 3314971 3324108 3342720 3356399 3359529 3389314 3409172 3409497 
005157	TAYD	3401548	116	1093772 1155700 3093100 3099191 3112329 3114776 3211393 3219783 3227208 3242649 3243225 3244790 3244921 3247156 3252673 3307952 3314971 3324108 3342720 3356399 3359529 3389314 3409172 3409497 
010841	TH110	1084458	260	1093772 3061917 3097082 3106446 3194683 3204517 3332532 
010841	TH110	1084458	261	1093772 3061917 3097082 3106446 3194683 3204517 3332532 
012591	EHII	0031359	159	1093772 3065947 3149019 3152667 3153306 3177284 3216871 3254879 
012591	EHII	0031359	262	1093772 3065947 3149019 3152667 3153306 3177284 3216871 3254879 
001206	TAYD	0254151	117	1098264 1124340 1154382 1155700 3067585 3075252 3079169 3079872 3085394 3088047 3091218 3097009 3099745 3113753 3152623 3188793 3192055 3209232 3209873 3213921 3268127 3280006 3315776 3316281 3322236 
001206	TAYD	0254151	234	1098264 1124340 1154382 1155700 3067585 3075252 3079169 3079872 3085394 3088047 3091218 3097009 3099745 3113753 3152623 3188793 3192055 3209232 3209873 3213921 3268127 3280006 3315776 3316281 3322236 
005191	EHSEM	3427601	159	1098264 1155839 3079872 3213840 3242553 
005191	EHSEM	3427601	262	1098264 1155839 3079872 3213840 3242553 
007106	TH251	3422401	113	1104799 3067056 3087328 3093184 3094527 3113753 3188879 3330377 3335406 3344317 
007106	TH251	3422401	16	1104799 3067056 3087328 3093184 3094527 3113753 3188879 3330377 3335406 3344317 
012034	TAYG	0408816	262	1124340 1161808 3080943 3081763 3085021 3088047 3090325 3091218 3092781 3093246 3094527 3094738 3096808 3099745 3111582 3125322 3154498 3209873 3239494 3258543 3311410 3314945 3316281 3317266 3323644 3343996 3385569 
012034	TAYG	0408816	263	1124340 1161808 3080943 3081763 3085021 3088047 3090325 3091218 3092781 3093246 3094527 3094738 3096808 3099745 3111582 3125322 3154498 3209873 3239494 3258543 3311410 3314945 3316281 3317266 3323644 3343996 3385569 
002396	TAYD	0020988	13	1133589 3204619 3205491 
002396	TAYD	0020988	14	1133589 3204619 3205491 
011829	PK200	1168460	264	1133589 3087330 3088571 3090058 3091370 3094744 3220932 
011829	PK200	1168460	113	1133589 3087330 3088571 3090058 3091370 3094744 3220932 
002929	BYC106	3427449	260	1134649 
002929	BYC106	3427449	261	1134649 
003270	TH104	3411208	116	1134649 3082688 3099375 3219633 3232322 3275971 3322722 3333780 3335184 3335391 3343996 3351190 3354864 3388359 3389864 3393733 3397566 3403440 
003270	TH104	3411208	16	1134649 3082688 3099375 3219633 3232322 3275971 3322722 3333780 3335184 3335391 3343996 3351190 3354864 3388359 3389864 3393733 3397566 3403440 
010968	BYC106	3427449	264	1134649 1156277 3084782 3097521 3098240 3155348 3196059 3213161 3373119 3381343 3403680 
010968	BYC106	3427449	113	1134649 1156277 3084782 3097521 3098240 3155348 3196059 3213161 3373119 3381343 3403680 
007017	TH111	0031568	260	1149928 3086455 3087117 3119048 3188879 3197905 3210020 3329172 3330377 3332409 3333094 3405288 3410213 
007017	TH111	0031568	261	1149928 3086455 3087117 3119048 3188879 3197905 3210020 3329172 3330377 3332409 3333094 3405288 3410213 
004065	TAYB	3335907	159	1154382 3072097 3078987 3080405 3097321 3248478 3389664 
004065	TAYB	3335907	262	1154382 3072097 3078987 3080405 3097321 3248478 3389664 
011075	PK11	3312777	116	1154430 3084494 3086119 3087141 3087533 3092091 3125127 3158474 
011075	PK11	3312777	117	1154430 3084494 3086119 3087141 3087533 3092091 3125127 3158474 
011075	PK11	3312777	200	1154430 3084494 3086119 3087141 3087533 3092091 3125127 3158474 
011313	CARP25	0672202	114	1154430 3065990 3066736 3084494 3096229 3104870 3120788 3121782 3155033 3169335 3189715 3204511 3219719 3248478 3295766 3297051 3315789 3332955 3334296 3344691 3345326 3356546 3393733 3396808 3398166 3398464 
011313	CARP25	0672202	115	1154430 3065990 3066736 3084494 3096229 3104870 3120788 3121782 3155033 3169335 3189715 3204511 3219719 3248478 3295766 3297051 3315789 3332955 3334296 3344691 3345326 3356546 3393733 3396808 3398166 3398464 
003468	EH103	3426910	113	1154715 3063558 3097080 3211128 3265154 
003468	EH103	3426910	13	1154715 3063558 3097080 3211128 3265154 
001847	PK337	0205229	113	1155110 3075104 3098317 3106403 3120137 3125127 3173283 3177873 3185376 3219639 3262890 3331578 3405092 
001847	PK337	0205229	13	1155110 3075104 3098317 3106403 3120137 3125127 3173283 3177873 3185376 3219639 3262890 3331578 3405092 
001847	PK337	0205229	14	1155110 3075104 3098317 3106403 3120137 3125127 3173283 3177873 3185376 3219639 3262890 3331578 3405092 
004751	TH251	0031332	260	1155110 1158585 
004751	TH251	0031332	261	1155110 1158585 
003029	TAYE	0492580	260	1155839 3084117 3088264 3092179 3108886 3204893 3211473 
003029	TAYE	0492580	261	1155839 3084117 3088264 3092179 3108886 3204893 3211473 
003029	TAYE	0492580	263	1155839 3084117 3088264 3092179 3108886 3204893 3211473 
011066	TH111	3195964	14	1155839 3067387 3078232 3078408 3080142 3081073 3083717 3087141 3097933 3100080 3108886 3260308 3275971 
011066	TH111	3195964	15	1155839 3067387 3078232 3078408 3080142 3081073 3083717 3087141 3097933 3100080 3108886 3260308 3275971 
004083	TAYE	0031578	13	1156086 3072097 3073790 3079855 3080405 3082784 3084658 3085302 3085596 3097321 3099191 3100080 3100196 
004083	TAYE	0031578	16	1156086 3072097 3073790 3079855 3080405 3082784 3084658 3085302 3085596 3097321 3099191 3100080 3100196 
002464	BYC127	0493725	260	1156277 3063558 3088147 3104870 3151195 3166656 3189715 3205491 
002464	BYC127	0493725	261	1156277 3063558 3088147 3104870 3151195 3166656 3189715 3205491 
004299	PK200	1165566	262	1156277 3089014 3092091 3094744 3215889 3252673 3330431 3332580 
004299	PK200	1165566	263	1156277 3089014 3092091 3094744 3215889 3252673 3330431 3332580 
001894	PK278	0205229	159	1156282 3084494 3087533 
001894	PK278	0205229	262	1156282 3084494 3087533 
001894	PK278	0205229	263	1156282 3084494 3087533 
003003	TAYE	0031406	14	1156319 3092244 3106446 3109335 3204243 3204306 3217543 3221557 3223593 3261754 3304723 3307002 3321787 3322084 3322204 3330627 3330986 
003003	TAYE	0031406	15	1156319 3092244 3106446 3109335 3204243 3204306 3217543 3221557 3223593 3261754 3304723 3307002 3321787 3322084 3322204 3330627 3330986 
003003	TAYE	0031406	115	1156319 3092244 3106446 3109335 3204243 3204306 3217543 3221557 3223593 3261754 3304723 3307002 3321787 3322084 3322204 3330627 3330986 
003026	TAYE	0492580	264	1156319 3090312 3092196 3098276 3105292 3106446 3108886 3177165 3181938 3194322 3204893 3211473 3213968 3214138 3217371 3217413 3217543 
003026	TAYE	0492580	116	1156319 3090312 3092196 3098276 3105292 3106446 3108886 3177165 3181938 3194322 3204893 3211473 3213968 3214138 3217371 3217413 3217543 
003026	TAYE	0492580	114	1156319 3090312 3092196 3098276 3105292 3106446 3108886 3177165 3181938 3194322 3204893 3211473 3213968 3214138 3217371 3217413 3217543 
007008	EHLEC	3427450	262	1156319 3209872 3214129 3248149 3260308 3305199 3322686 3323608 3332409 3332421 3333675 3335236 3335809 3345082 3346922 3388648 3390414 3406623 3408191 3409695 3409760 
007008	EHLEC	3427450	263	1156319 3209872 3214129 3248149 3260308 3305199 3322686 3323608 3332409 3332421 3333675 3335236 3335809 3345082 3346922 3388648 3390414 3406623 3408191 3409695 3409760 
001474	CARP17	3098022	264	1156628 1158585 3078437 3080405 3081763 3082941 3085002 3089763 3093298 3095599 3096355 3100196 
001474	CARP17	3098022	113	1156628 1158585 3078437 3080405 3081763 3082941 3085002 3089763 3093298 3095599 3096355 3100196 
005874	TH110	0031332	159	1156628 
005874	TH110	0031332	262	1156628 
011987	CARP13	0004955	15	1156628 3078958 3093298 3097082 3112040 3322236 3335999 3350761 3351190 3372887 
011987	CARP13	0004955	200	1156628 3078958 3093298 3097082 3112040 3322236 3335999 3350761 3351190 3372887 
012305	TH110	0030512	116	1156628 1158585 3093246 3093298 3123316 3153713 3280006 3307321 
012305	TH110	0030512	14	1156628 1158585 3093246 3093298 3123316 3153713 3280006 3307321 
001748	GOCOM	0254474	260	1158383 3078331 3098276 3109335 3122181 3261697 3292462 
001748	GOCOM	0254474	261	1158383 3078331 3098276 3109335 3122181 3261697 3292462 
001749	GOCOM	0254474	116	1158383 3078150 3092179 3205329 3213217 3217408 3239030 3244203 3330597 3330627 3331618 3409706 3409721 
001749	GOCOM	0254474	117	1158383 3078150 3092179 3205329 3213217 3217408 3239030 3244203 3330597 3330627 3331618 3409706 3409721 
005850	CARP15	3426688	262	1158585 3194683 3216609 3219783 3228778 3304005 3307321 3332532 3336686 3350800 3408797 3410480 
005850	CARP15	3426688	263	1158585 3194683 3216609 3219783 3228778 3304005 3307321 3332532 3336686 3350800 3408797 3410480 
006060	PK328	0431634	159	1160136 3078822 3089555 3089763 3091221 3092532 3092830 
006060	PK328	0431634	15	1160136 3078822 3089555 3089763 3091221 3092532 3092830 
006060	PK328	0431634	115	1160136 3078822 3089555 3089763 3091221 3092532 3092830 
006026	PK336	3421383	25	1161808 3081179 3092411 3095337 3103166 3119909 3177388 3228861 3244203 3247156 3276024 3332410 3335589 3349875 3373846 3388914 3390492 3397567 3397573 3398495 3401632 3403440 3409425 3409758 3410139 
006026	PK336	3421383	203	1161808 3081179 3092411 3095337 3103166 3119909 3177388 3228861 3244203 3247156 3276024 3332410 3335589 3349875 3373846 3388914 3390492 3397567 3397573 3398495 3401632 3403440 3409425 3409758 3410139 
006026	PK336	3421383	201	1161808 3081179 3092411 3095337 3103166 3119909 3177388 3228861 3244203 3247156 3276024 3332410 3335589 3349875 3373846 3388914 3390492 3397567 3397573 3398495 3401632 3403440 3409425 3409758 3410139 
007923	RCSEM	0031539	260	1161808 3098380 
007923	RCSEM	0031539	261	1161808 3098380 
005141	TH102	0493856	159	1162423 3079887 3112329 3118178 3126772 3219783 3329413 3333094 3334056 3335184 3336640 3342720 3347834 3396895 
005141	TH102	0493856	264	1162423 3079887 3112329 3118178 3126772 3219783 3329413 3333094 3334056 3335184 3336640 3342720 3347834 3396895 
005247	TH102	0493855	113	1162423 3068444 3077505 3079769 3099676 3155695 3188882 3197905 3213840 3217413 3217793 3329413 3330926 
005247	TH102	0493855	13	1162423 3068444 3077505 3079769 3099676 3155695 3188882 3197905 3213840 3217413 3217793 3329413 3330926 
005286	TAYSEM	0493856	262	1162423 3068444 
005286	TAYSEM	0493856	263	1162423 3068444 
003454	TAYG	0897706	118	1163242 3095417 3110898 3114139 3119630 3122181 3179026 3188882 3191823 3194474 3205208 3210027 3211128 3211478 3212008 3213840 3216840 3216871 3217615 3220189 3227145 3228428 3261697 3284809 3305828 3312113 3312114 3314971 3316782 3322949 3333459 
003454	TAYG	0897706	1	1163242 3095417 3110898 3114139 3119630 3122181 3179026 3188882 3191823 3194474 3205208 3210027 3211128 3211478 3212008 3213840 3216840 3216871 3217615 3220189 3227145 3228428 3261697 3284809 3305828 3312113 3312114 3314971 3316782 3322949 3333459 
003510	TH104	0024092	159	1163242 3082959 3084075 3114139 3125450 3152434 3194888 3212784 3216840 
003510	TH104	0024092	262	1163242 3082959 3084075 3114139 3125450 3152434 3194888 3212784 3216840 
001896	PK122	0205229	264	1164327 3087231 3091870 3099257 
001896	PK122	0205229	116	1164327 3087231 3091870 3099257 
001896	PK122	0205229	15	1164327 3087231 3091870 3099257 
005258	TH102	3426676	260	3061686 3087431 3332249 
005258	TH102	3426676	261	3061686 3087431 3332249 
007374	BYC127	0987494	234	3061917 3077505 3079887 3083717 3092604 3114853 3119048 3178019 3205329 3211006 3211593 3214299 3226387 3232322 3316906 3317234 3329671 3330095 3331473 3381343 3387721 3397670 
007374	BYC127	0987494	121	3061917 3077505 3079887 3083717 3092604 3114853 3119048 3178019 3205329 3211006 3211593 3214299 3226387 3232322 3316906 3317234 3329671 3330095 3331473 3381343 3387721 3397670 
007374	BYC127	0987494	263	3061917 3077505 3079887 3083717 3092604 3114853 3119048 3178019 3205329 3211006 3211593 3214299 3226387 3232322 3316906 3317234 3329671 3330095 3331473 3381343 3387721 3397670 
012339	TH223	3420576	114	3061917 3079829 3081073 3083717 3095908 3118027 3121966 3126772 
012339	TH223	3420576	115	3061917 3079829 3081073 3083717 3095908 3118027 3121966 3126772 
008501	TAYC	0125630	260	3062439 3081988 3093349 3098243 3213402 
008501	TAYC	0125630	261	3062439 3081988 3093349 3098243 3213402 
004076	TAYC	1167978	114	3062958 3085596 3151195 3175457 3191834 3321871 
004076	TAYC	1167978	115	3062958 3085596 3151195 3175457 3191834 3321871 
009691	CARP25	1168489	262	3062958 3094422 3194873 3215081 3217408 3219920 3322752 3333459 
009691	CARP25	1168489	15	3062958 3094422 3194873 3215081 3217408 3219920 3322752 3333459 
007910	RCSEM	0031539	263	3063119 3191876 3217444 
007910	RCSEM	0031539	264	3063119 3191876 3217444 
009358	RCSEM	0031386	159	3063119 3078331 3121582 
009358	RCSEM	0031386	262	3063119 3078331 3121582 
012325	GOB	3420576	13	3063303 3069455 3073216 3078437 3081927 3091305 3092012 3092830 3153576 3188879 3208714 3213402 3216840 3217439 3226387 3265450 3312113 3340189 3346922 3406720 3409424 
012325	GOB	3420576	116	3063303 3069455 3073216 3078437 3081927 3091305 3092012 3092830 3153576 3188879 3208714 3213402 3216840 3217439 3226387 3265450 3312113 3340189 3346922 3406720 3409424 
009321	TH223	0138190	263	3063558 3078258 3087117 3089884 3096248 3193776 3244921 
009321	TH223	0138190	264	3063558 3078258 3087117 3089884 3096248 3193776 3244921 
011859	TAYD	3332662	159	3065568 3081074 3085612 3090312 3092196 3177063 3213968 3214138 
011859	TAYD	3332662	262	3065568 3081074 3085612 3090312 3092196 3177063 3213968 3214138 
011859	TAYD	3332662	263	3065568 3081074 3085612 3090312 3092196 3177063 3213968 3214138 
007041	TAYSEM	0162976	16	3065947 3078232 3081074 3095254 3098242 3098243 3180697 3190802 3193161 3332410 
007041	TAYSEM	0162976	114	3065947 3078232 3081074 3095254 3098242 3098243 3180697 3190802 3193161 3332410 
005182	TAYE	0029475	200	3066711 3067387 3073790 3079887 3080142 3082058 3082488 3084716 3092577 3095021 3216013 3331473 
005182	TAYE	0029475	3	3066711 3067387 3073790 3079887 3080142 3082058 3082488 3084716 3092577 3095021 3216013 3331473 
012593	GOB	3425460	25	3067056 3068251 3079915 3089769 3094575 3108886 3122857 3191876 3194322 3194873 3209232 3216633 3316273 3390229 3390262 3397398 3409424 3410901 
012593	GOB	3425460	203	3067056 3068251 3079915 3089769 3094575 3108886 3122857 3191876 3194322 3194873 3209232 3216633 3316273 3390229 3390262 3397398 3409424 3410901 
010947	TAYE	1168489	263	3067214 3094422 3211478 3295766 3329656 3332411 3404945 3409425 
010947	TAYE	1168489	113	3067214 3094422 3211478 3295766 3329656 3332411 3404945 3409425 
011295	PK227	3426758	14	3067214 3089542 3095337 3158474 3211081 3266721 
011295	PK227	3426758	15	3067214 3089542 3095337 3158474 3211081 3266721 
011295	PK227	3426758	114	3067214 3089542 3095337 3158474 3211081 3266721 
012442	TH110	3426095	159	3067313 3073790 3333675 
012442	TH110	3426095	264	3067313 3073790 3333675 
005725	TH102	0031543	263	3067358 3114269 3125450 3194474 3214178 3219786 3228428 3231826 3242817 3243225 3252374 3268127 3306761 3311808 3316711 3330273 
005725	TH102	0031543	15	3067358 3114269 3125450 3194474 3214178 3219786 3228428 3231826 3242817 3243225 3252374 3268127 3306761 3311808 3316711 3330273 
005204	TAYE	3426676	202	3067793 3081431 3112040 3180821 3216013 3242506 3244921 3248776 3307321 3347031 3354864 3358246 3364694 3381996 3389259 3394688 3404051 3408495 3409510 
005204	TAYE	3426676	25	3067793 3081431 3112040 3180821 3216013 3242506 3244921 3248776 3307321 3347031 3354864 3358246 3364694 3381996 3389259 3394688 3404051 3408495 3409510 
005310	TH102	0493855	262	3067793 3077505 3081431 3082314 3084716 3087431 
005310	TH102	0493855	116	3067793 3077505 3081431 3082314 3084716 3087431 
011063	TH224	3195964	159	3067793 3086119 3221081 3256154 3321871 3343092 3388046 3405863 
011063	TH224	3195964	113	3067793 3086119 3221081 3256154 3321871 3343092 3388046 3405863 
001152	TH110	0254151	200	3068251 3079872 3099375 3100388 3106403 3111582 3113753 3152572 3169335 3192055 3204905 3209832 3211360 3213840 3215889 3216580 3217313 3219436 3221143 3239494 3243225 3249965 3254879 3258543 3262977 3268127 3304008 3304941 3306482 3306992 3317266 3322715 3324108 3329668 3329812 3330203 3330439 3330630 3331184 3331483 3331582 3333260 3335809 3343996 3344231 3344691 3346867 3347834 3350767 3351382 3352018 3357061 3357841 3374627 3382524 3385569 3388735 3388844 3388882 3389314 3390414 3390539 3396786 3397250 3397567 3397575 3403576 3404942 3404945 3405436 3405943 3406004 3407233 
001152	TH110	0254151	202	3068251 3079872 3099375 3100388 3106403 3111582 3113753 3152572 3169335 3192055 3204905 3209832 3211360 3213840 3215889 3216580 3217313 3219436 3221143 3239494 3243225 3249965 3254879 3258543 3262977 3268127 3304008 3304941 3306482 3306992 3317266 3322715 3324108 3329668 3329812 3330203 3330439 3330630 3331184 3331483 3331582 3333260 3335809 3343996 3344231 3344691 3346867 3347834 3350767 3351382 3352018 3357061 3357841 3374627 3382524 3385569 3388735 3388844 3388882 3389314 3390414 3390539 3396786 3397250 3397567 3397575 3403576 3404942 3404945 3405436 3405943 3406004 3407233 
003480	EHII	0599596	260	3068444 3073790 3079120 3153306 3218135 3223001 
003480	EHII	0599596	261	3068444 3073790 3079120 3153306 3218135 3223001 
004889	TH110	0032827	159	3068911 3080118 3082784 3085407 3088433 3093100 3093184 3095306 3099191 3100388 3210877 
004889	TH110	0032827	117	3068911 3080118 3082784 3085407 3088433 3093100 3093184 3095306 3099191 3100388 3210877 
003547	TH110	3318436	262	3069455 3119630 3179026 3194474 3210027 3218135 3220189 
003547	TH110	3318436	264	3069455 3119630 3179026 3194474 3210027 3218135 3220189 
002164	PK243	0180723	114	3070184 3092411 3093208 3098380 3103166 3119909 3150160 3189051 3204644 3205454 3211360 3213412 3227175 3306482 3306835 3316614 3330439 
002164	PK243	0180723	115	3070184 3092411 3093208 3098380 3103166 3119909 3150160 3189051 3204644 3205454 3211360 3213412 3227175 3306482 3306835 3316614 3330439 
002164	PK243	0180723	117	3070184 3092411 3093208 3098380 3103166 3119909 3150160 3189051 3204644 3205454 3211360 3213412 3227175 3306482 3306835 3316614 3330439 
001562	TH110	0031756	260	1049332 3071792 3079855 3087809 3092126 3093319 3095254 3110627 3118178 3138631 3211007 3214138 3216840 3217778 3249531 3322740 3331776 3344231 3354864 3390492 3408037 
001562	TH110	0031756	261	1049332 3071792 3079855 3087809 3092126 3093319 3095254 3110627 3118178 3138631 3211007 3214138 3216840 3217778 3249531 3322740 3331776 3344231 3354864 3390492 3408037 
011203	GOB	0129398	264	3071792 3125450 3249531 
011203	GOB	0129398	113	3071792 3125450 3249531 
008770	TH110	0431786	261	3084853 3095765 3152623 3173096 3178019 3189051 3193987 3209872 3209873 3211593 3215879 3216601 3217615 3220189 3222944 3226387 3232322 3233697 3261685 3261754 3304008 3304941 3306703 3307952 3312113 3315767 3316281 3319376 3319378 3321377 3322686 3322942 3332518 3333007 3333635 3350650 3352587 3388735 3389488 3394688 3397154 3397670 3403676 3403968 3406438 3406490 3406889 3408495 3409172 3409497 3409706 3431091 
008770	TH110	0431786	159	3084853 3095765 3152623 3173096 3178019 3189051 3193987 3209872 3209873 3211593 3215879 3216601 3217615 3220189 3222944 3226387 3232322 3233697 3261685 3261754 3304008 3304941 3306703 3307952 3312113 3315767 3316281 3319376 3319378 3321377 3322686 3322942 3332518 3333007 3333635 3350650 3352587 3388735 3389488 3394688 3397154 3397670 3403676 3403968 3406438 3406490 3406889 3408495 3409172 3409497 3409706 3431091 
003033	TAYE	0492580	159	3072895 3079866 3098276 3100415 
003033	TAYE	0492580	262	3072895 3079866 3098276 3100415 
003033	TAYE	0492580	113	3072895 3079866 3098276 3100415 
011308	PK278	0180723	14	3074091 3079915 3092577 3100196 3254053 3297051 3308669 3314971 3322715 3332532 3393733 3395143 3409519 
011308	PK278	0180723	15	3074091 3079915 3092577 3100196 3254053 3297051 3308669 3314971 3322715 3332532 3393733 3395143 3409519 
011308	PK278	0180723	234	3074091 3079915 3092577 3100196 3254053 3297051 3308669 3314971 3322715 3332532 3393733 3395143 3409519 
012350	BYC239	0431786	263	3074091 3088010 3173283 3209832 3211727 3217793 3219920 3332978 3358560 3409510 
012350	BYC239	0431786	116	3074091 3088010 3173283 3209832 3211727 3217793 3219920 3332978 3358560 3409510 
010872	CARP17	3098022	159	3075252 3081763 3094700 3125322 3193672 3215601 3219029 3239494 3251957 3297368 3337363 
010872	CARP17	3098022	13	3075252 3081763 3094700 3125322 3193672 3215601 3219029 3239494 3251957 3297368 3337363 
002174	PK229	0004950	116	3076209 3078822 3085643 3086192 3088141 3091587 3092408 3098983 
002174	PK229	0004950	14	3076209 3078822 3085643 3086192 3088141 3091587 3092408 3098983 
002174	PK229	0004950	16	3076209 3078822 3085643 3086192 3088141 3091587 3092408 3098983 
010851	PK336	3421383	13	3078071 3081951 3087527 3089763 3094802 3149019 3152572 3204306 
010851	PK336	3421383	116	3078071 3081951 3087527 3089763 3094802 3149019 3152572 3204306 
010851	PK336	3421383	114	3078071 3081951 3087527 3089763 3094802 3149019 3152572 3204306 
007040	TH251	0162976	234	3078232 3155033 3204279 3213217 3214129 3228759 3231837 3262172 3271107 3321871 3323454 3333381 
007040	TH251	0162976	200	3078232 3155033 3204279 3213217 3214129 3228759 3231837 3262172 3271107 3321871 3323454 3333381 
012486	EHIII	3426520	16	3078408 3315084 3336573 3375084 3406150 3410638 
012486	EHIII	3426520	114	3078408 3315084 3336573 3375084 3406150 3410638 
010860	PK154	0402773	113	3078822 3087141 3094263 
010860	PK154	0402773	13	3078822 3087141 3094263 
010860	PK154	0402773	114	3078822 3087141 3094263 
005741	TH110	3392421	116	3078934 3078987 3091889 3098490 3114872 3145694 3161390 
005741	TH110	3392421	15	3078934 3078987 3091889 3098490 3114872 3145694 3161390 
011206	TH110	0129398	262	3078934 3079855 3101150 3122181 3297051 
011206	TH110	0129398	263	3078934 3079855 3101150 3122181 3297051 
002867	TH110	0031582	260	3078958 3112329 3191191 3219428 3219436 3376542 3388458 
002867	TH110	0031582	261	3078958 3112329 3191191 3219428 3219436 3376542 3388458 
005870	TH110	3426688	13	3078958 3080774 3082941 3096911 3112040 3191191 3219428 
005870	TH110	3426688	116	3078958 3080774 3082941 3096911 3112040 3191191 3219428 
005727	CARP25	0984701	113	3078987 3091889 3092244 3098490 3227754 3322715 3331496 
005727	CARP25	0984701	13	3078987 3091889 3092244 3098490 3227754 3322715 3331496 
012353	GYMFIT	1168366	200	3078987 3080843 3211007 3219633 3315957 3332761 3362013 3396763 3397573 
012353	GYMFIT	1168366	202	3078987 3080843 3211007 3219633 3315957 3332761 3362013 3396763 3397573 
007396	BYC127	0851717	15	3079120 3080512 3081698 3087757 3088052 3091892 3096808 3097009 3097075 3119048 3142378 3211006 3211384 3211593 3299552 3316906 3317234 
007396	BYC127	0851717	114	3079120 3080512 3081698 3087757 3088052 3091892 3096808 3097009 3097075 3119048 3142378 3211006 3211384 3211593 3299552 3316906 3317234 
007396	BYC127	0851717	115	3079120 3080512 3081698 3087757 3088052 3091892 3096808 3097009 3097075 3119048 3142378 3211006 3211384 3211593 3299552 3316906 3317234 
008421	TAYD	0132890	119	3079120 3095337 3114251 3193987 3194683 3204830 3215876 3216633 3223468 3241045 3244203 3265450 3319378 3331496 3332518 3340395 3343234 3397566 3405177 3406720 3409420 3409736 
008421	TAYD	0132890	202	3079120 3095337 3114251 3193987 3194683 3204830 3215876 3216633 3223468 3241045 3244203 3265450 3319378 3331496 3332518 3340395 3343234 3397566 3405177 3406720 3409420 3409736 
009286	TAYB	0138190	13	3079169 3093349 3387721 3389314 3404979 
009286	TAYB	0138190	14	3079169 3093349 3387721 3389314 3404979 
012326	TAYC	3420576	262	3079769 3081988 3099676 3160933 3210876 3213402 3216244 3265450 
012326	TAYC	3420576	117	3079769 3081988 3099676 3160933 3210876 3213402 3216244 3265450 
012329	TAYG	3198619	260	3079774 3091781 3098284 3121966 3181938 
012329	TAYG	3198619	261	3079774 3091781 3098284 3121966 3181938 
007043	TH110	3315634	260	3079829 3097933 3221081 3248149 3256154 3256706 3256961 3302457 3304723 3332421 3333780 3345082 3382096 3390229 3396895 
007043	TH110	3315634	261	3079829 3097933 3221081 3248149 3256154 3256706 3256961 3302457 3304723 3332421 3333780 3345082 3382096 3390229 3396895 
012352	GYMFIT	0129398	116	3079855 3080843 3219719 
012352	GYMFIT	0129398	14	3079855 3080843 3219719 
006035	PK349	0409737	13	3079871 3088433 3099184 3110627 3185122 3191285 3203991 3205337 3211727 3215879 3217313 3220304 3227208 3251946 3261847 3306482 3307400 3331582 
006035	PK349	0409737	118	3079871 3088433 3099184 3110627 3185122 3191285 3203991 3205337 3211727 3215879 3217313 3220304 3227208 3251946 3261847 3306482 3307400 3331582 
006035	PK349	0409737	1	3079871 3088433 3099184 3110627 3185122 3191285 3203991 3205337 3211727 3215879 3217313 3220304 3227208 3251946 3261847 3306482 3307400 3331582 
007370	BYC239	0826964	113	3079887 3080546 3080943 3081234 3085394 3090325 3100468 3114251 3114269 3114853 3126930 3205329 3217195 3219786 3236537 3296121 3306692 3331474 3410355 
007370	BYC239	0826964	114	3079887 3080546 3080943 3081234 3085394 3090325 3100468 3114251 3114269 3114853 3126930 3205329 3217195 3219786 3236537 3296121 3306692 3331474 3410355 
007370	BYC239	0826964	115	3079887 3080546 3080943 3081234 3085394 3090325 3100468 3114251 3114269 3114853 3126930 3205329 3217195 3219786 3236537 3296121 3306692 3331474 3410355 
009299	PK278	3092667	263	3080118 3081179 3085407 3095599 3114776 3120788 3121782 3192054 3194888 3218335 3223740 3254879 3260419 3268686 3297368 3309285 3315789 
009299	PK278	3092667	16	3080118 3081179 3085407 3095599 3114776 3120788 3121782 3192054 3194888 3218335 3223740 3254879 3260419 3268686 3297368 3309285 3315789 
004285	PK243	3092832	118	3080142 3087330 3091218 3118090 3204511 3208714 3210020 3216609 3217408 3218335 3241045 3247887 3306992 3311808 3322686 3323644 3329413 3350650 3359167 3388844 3396665 3405296 
004285	PK243	3092832	1	3080142 3087330 3091218 3118090 3204511 3208714 3210020 3216609 3217408 3218335 3241045 3247887 3306992 3311808 3322686 3323644 3329413 3350650 3359167 3388844 3396665 3405296 
002161	PK180	1083806	119	3080539 3082852 3095908 3098380 3114853 3115992 3142378 3173096 3177873 3188399 3210074 3211006 3211081 3214147 3219786 3221922 3227208 3238039 3238414 3242649 3249841 3260264 3276024 3281747 3283446 3288377 3303949 3304005 3304008 3306703 3307517 3308695 3309190 3310852 3311445 3315961 3316653 3322149 3323692 3330372 3331473 3332978 3373902 3409557 
002161	PK180	1083806	212	3080539 3082852 3095908 3098380 3114853 3115992 3142378 3173096 3177873 3188399 3210074 3211006 3211081 3214147 3219786 3221922 3227208 3238039 3238414 3242649 3249841 3260264 3276024 3281747 3283446 3288377 3303949 3304005 3304008 3306703 3307517 3308695 3309190 3310852 3311445 3315961 3316653 3322149 3323692 3330372 3331473 3332978 3373902 3409557 
002161	PK180	1083806	120	3080539 3082852 3095908 3098380 3114853 3115992 3142378 3173096 3177873 3188399 3210074 3211006 3211081 3214147 3219786 3221922 3227208 3238039 3238414 3242649 3249841 3260264 3276024 3281747 3283446 3288377 3303949 3304005 3304008 3306703 3307517 3308695 3309190 3310852 3311445 3315961 3316653 3322149 3323692 3330372 3331473 3332978 3373902 3409557 
007404	PK227	0205229	260	3080546 3080943 
007404	PK227	0205229	261	3080546 3080943 
007404	PK227	0205229	16	3080546 3080943 
007099	TH251	0028980	13	3081073 3082488 3084853 3089115 3118027 3121966 3333007 
007099	TH251	0028980	116	3081073 3082488 3084853 3089115 3118027 3121966 3333007 
004807	TH224	3092667	234	3081179 3090312 3095306 3095417 3098490 3218335 3221785 3268686 3322722 3332738 3349789 3350650 3356546 3388628 3394978 
004807	TH224	3092667	200	3081179 3090312 3095306 3095417 3098490 3218335 3221785 3268686 3322722 3332738 3349789 3350650 3356546 3388628 3394978 
008764	TH110	0431786	13	3081179 3111582 3114872 3214299 3219367 3232822 3238039 3252312 3256706 3259090 3322151 3330337 3331618 3342720 3357061 3359529 3382524 3382642 3388359 3388630 3388882 3390131 3390539 3396665 3396895 3397398 3397575 3398251 3398618 3403953 3404051 3404942 3405419 3406004 3406020 3406623 3407265 3407466 3407597 3408037 3408249 3409477 3409792 3410139 3410901 3416251 
008764	TH110	0431786	14	3081179 3111582 3114872 3214299 3219367 3232822 3238039 3252312 3256706 3259090 3322151 3330337 3331618 3342720 3357061 3359529 3382524 3382642 3388359 3388630 3388882 3390131 3390539 3396665 3396895 3397398 3397575 3398251 3398618 3403953 3404051 3404942 3405419 3406004 3406020 3406623 3407265 3407466 3407597 3408037 3408249 3409477 3409792 3410139 3410901 3416251 
006054	PK336	3392923	260	3081503 3081951 3087527 3091305 3094802 3099184 3155346 3188399 3193776 3210876 3307400 
006054	PK336	3392923	261	3081503 3081951 3087527 3091305 3094802 3099184 3155346 3188399 3193776 3210876 3307400 
006054	PK336	3392923	159	3081503 3081951 3087527 3091305 3094802 3099184 3155346 3188399 3193776 3210876 3307400 
011223	PK328	0031526	262	3081951 3089763 3091221 
011223	PK328	0031526	263	3081951 3089763 3091221 
011223	PK328	0031526	14	3081951 3089763 3091221 
002636	CAN314	0827051	13	3082033 3217667 3242147 3308878 3333105 3373119 3380907 3382096 3403680 3408049 3409423 3409760 
002636	CAN314	0827051	114	3082033 3217667 3242147 3308878 3333105 3373119 3380907 3382096 3403680 3408049 3409423 3409760 
002992	TAYF	0031406	25	3082058 3092830 3114701 3125856 3188793 3204511 3215759 3215879 3219436 3231837 3241045 3243105 3246830 3265154 3311452 3322107 3329885 3331451 3332580 3332978 3335999 3336640 3351178 3374627 3380907 3382098 3388630 3388844 3396601 3396626 3396895 3404068 3405863 3406490 3406623 3408037 3408041 3408049 3408191 3409519 3410501 
002992	TAYF	0031406	203	3082058 3092830 3114701 3125856 3188793 3204511 3215759 3215879 3219436 3231837 3241045 3243105 3246830 3265154 3311452 3322107 3329885 3331451 3332580 3332978 3335999 3336640 3351178 3374627 3380907 3382098 3388630 3388844 3396601 3396626 3396895 3404068 3405863 3406490 3406623 3408037 3408041 3408049 3408191 3409519 3410501 
002992	TAYF	0031406	201	3082058 3092830 3114701 3125856 3188793 3204511 3215759 3215879 3219436 3231837 3241045 3243105 3246830 3265154 3311452 3322107 3329885 3331451 3332580 3332978 3335999 3336640 3351178 3374627 3380907 3382098 3388630 3388844 3396601 3396626 3396895 3404068 3405863 3406490 3406623 3408037 3408041 3408049 3408191 3409519 3410501 
005272	TH223	3427601	13	3082058 3094527 3175457 3191340 3214178 3219783 3223001 
005272	TH223	3427601	14	3082058 3094527 3175457 3191340 3214178 3219783 3223001 
009273	CARP25	3426910	260	3082246 3084658 3096229 3145695 3155201 3312114 
009273	CARP25	3426910	261	3082246 3084658 3096229 3145695 3155201 3312114 
005290	EHSEM	3401548	260	3082314 3095599 3123316 3155695 3227754 
005290	EHSEM	3401548	261	3082314 3095599 3123316 3155695 3227754 
005846	CARP15	3426688	14	3082314 3297368 3332871 3335184 3337363 3345933 3388458 3389756 3390008 3396808 3407079 3408274 
005846	CARP15	3426688	15	3082314 3297368 3332871 3335184 3337363 3345933 3388458 3389756 3390008 3396808 3407079 3408274 
007060	BYC100	0031573	260	3082488 3160933 
007060	BYC100	0031573	261	3082488 3160933 
011311	TAYB	3198619	263	3082488 3107592 3256961 3302457 
011311	TAYB	3198619	113	3082488 3107592 3256961 3302457 
010949	TH110	0897399	159	3082688 3145695 
010949	TH110	0897399	262	3082688 3145695 
011187	CARP13	3426910	264	3082784 3088047 
011187	CARP13	3426910	116	3082784 3088047 
004356	CARP15	0847593	117	3082941 3088572 3188887 3244790 3315613 3336640 3362013 3404683 3406720 
004356	CARP15	0847593	234	3082941 3088572 3188887 3244790 3315613 3336640 3362013 3404683 3406720 
011831	CARP17	1168460	260	3082941 3096355 3125322 
011831	CARP17	1168460	261	3082941 3096355 3125322 
003542	EH103	3425459	260	3084075 
003542	EH103	3425459	261	3084075 
006024	PK338	3421383	118	3084117 3095612 3204905 3220537 3242649 3245522 3246661 3250907 3264020 3281747 3283446 3307517 3322149 3322307 3323493 3329668 3332202 3334056 3335391 3340189 3352018 3359529 3373119 3373472 3375084 3381343 3381996 3387721 3388714 3388734 3388735 3389864 3389987 3396570 3397250 3397575 3403558 3403581 3403680 3404522 3404979 3405286 3405615 3405943 3406020 3406150 3406623 3407233 3407265 3407566 3407911 3408037 3408041 3408274 3408625 3409080 3409422 3409423 3409477 3409557 3409792 3409975 3410516 3431091 
006024	PK338	3421383	1	3084117 3095612 3204905 3220537 3242649 3245522 3246661 3250907 3264020 3281747 3283446 3307517 3322149 3322307 3323493 3329668 3332202 3334056 3335391 3340189 3352018 3359529 3373119 3373472 3375084 3381343 3381996 3387721 3388714 3388734 3388735 3389864 3389987 3396570 3397250 3397575 3403558 3403581 3403680 3404522 3404979 3405286 3405615 3405943 3406020 3406150 3406623 3407233 3407265 3407566 3407911 3408037 3408041 3408274 3408625 3409080 3409422 3409423 3409477 3409557 3409792 3409975 3410516 3431091 
006024	PK338	3421383	3	3084117 3095612 3204905 3220537 3242649 3245522 3246661 3250907 3264020 3281747 3283446 3307517 3322149 3322307 3323493 3329668 3332202 3334056 3335391 3340189 3352018 3359529 3373119 3373472 3375084 3381343 3381996 3387721 3388714 3388734 3388735 3389864 3389987 3396570 3397250 3397575 3403558 3403581 3403680 3404522 3404979 3405286 3405615 3405943 3406020 3406150 3406623 3407233 3407265 3407566 3407911 3408037 3408041 3408274 3408625 3409080 3409422 3409423 3409477 3409557 3409792 3409975 3410516 3431091 
011830	PK227	1168460	159	3084117 3088047 3091218 3092091 3095337 3194428 3211473 
011830	PK227	1168460	13	3084117 3088047 3091218 3092091 3095337 3194428 3211473 
011830	PK227	1168460	115	3084117 3088047 3091218 3092091 3095337 3194428 3211473 
004275	PK349	0031577	201	3084353 3216554 3247887 3311550 3333138 3343996 3346867 3390008 3390229 3409777 
004275	PK349	0031577	3	3084353 3216554 3247887 3311550 3333138 3343996 3346867 3390008 3390229 3409777 
002638	CAN314	0827051	260	3084782 3087533 3097521 
002638	CAN314	0827051	261	3084782 3087533 3097521 
012494	TAYE	0853792	114	3085002 3093100 3094700 3100196 3123316 3153713 3193672 3213921 3219029 3242506 3280006 3297368 3322236 3330926 3333138 3390193 3408797 
012494	TAYE	0853792	115	3085002 3093100 3094700 3100196 3123316 3153713 3193672 3213921 3219029 3242506 3280006 3297368 3322236 3330926 3333138 3390193 3408797 
006504	TAYG	3194739	116	3086455 3095337 3111037 3120137 3215249 3221557 3242936 3299552 3323699 3329459 3329756 3332955 3333260 3345326 3348796 3374246 3388046 3388364 3388648 3405436 3409464 3409760 3409781 3410139 
006504	TAYG	3194739	16	3086455 3095337 3111037 3120137 3215249 3221557 3242936 3299552 3323699 3329459 3329756 3332955 3333260 3345326 3348796 3374246 3388046 3388364 3388648 3405436 3409464 3409760 3409781 3410139 
012336	PK349	3393847	262	3086709 3097468 3108814 3114701 
012336	PK349	3393847	263	3086709 3097468 3108814 3114701 
012336	PK349	3393847	113	3086709 3097468 3108814 3114701 
006573	EH103	0031399	116	3087117 3093319 3152571 3221785 3248179 
006573	EH103	0031399	14	3087117 3093319 3152571 3221785 3248179 
001878	PK122	1168490	262	3087141 3217346 
001878	PK122	1168490	263	3087141 3217346 
001878	PK122	1168490	264	3087141 3217346 
004038	TH110	0030564	159	3087472 3110898 3332202 
004038	TH110	0030564	262	3087472 3110898 3332202 
007878	RCCON	0031386	113	3087472 3241876 3244203 3333138 3356346 3358246 3395005 
007878	RCCON	0031386	13	3087472 3241876 3244203 3333138 3356346 3358246 3395005 
011050	GOB	0897399	260	3087757 3248776 3322151 3330926 
011050	GOB	0897399	261	3087757 3248776 3322151 3330926 
012354	GYMFIT	0031756	263	3087809 3093319 3095254 3155201 3217778 3396763 
012354	GYMFIT	0031756	113	3087809 3093319 3095254 3155201 3217778 3396763 
009234	BYC127	0028980	159	3088147 
009234	BYC127	0028980	262	3088147 
012312	CARP17	1168489	117	3088350 3232225 3232625 3315789 3316273 3323189 3323608 3332409 3332411 3390262 
012312	CARP17	1168489	200	3088350 3232225 3232625 3315789 3316273 3323189 3323608 3332409 3332411 3390262 
002163	PK243	3415849	113	3088390 3092411 3093208 3098380 3103166 3119909 3150160 3183942 3189051 3204644 3205454 3211360 3213412 3227175 3316614 
002163	PK243	3415849	13	3088390 3092411 3093208 3098380 3103166 3119909 3150160 3183942 3189051 3204644 3205454 3211360 3213412 3227175 3316614 
002163	PK243	3415849	116	3088390 3092411 3093208 3098380 3103166 3119909 3150160 3183942 3189051 3204644 3205454 3211360 3213412 3227175 3316614 
004281	PK200	3092832	14	3089014 3094744 3204688 3220932 3252673 
004281	PK200	3092832	15	3089014 3094744 3204688 3220932 3252673 
001242	EHLEC	0493725	159	3090058 3093246 
001242	EHLEC	0493725	13	3090058 3093246 
003019	TH251	0375562	201	3090312 3335255 3389664 3389864 3403530 3405092 3405257 3408820 3409080 3409477 3409721 3409934 
003019	TH251	0375562	2	3090312 3335255 3389664 3389864 3403530 3405092 3405257 3408820 3409080 3409477 3409721 3409934 
003019	TH251	0375562	119	3090312 3335255 3389664 3389864 3403530 3405092 3405257 3408820 3409080 3409477 3409721 3409934 
007406	CARP21	0701976	264	3090325 3150738 3219786 3331473 3396570 
007406	CARP21	0701976	13	3090325 3150738 3219786 3331473 3396570 
007406	CARP21	0701976	116	3090325 3150738 3219786 3331473 3396570 
007378	CARP21	0162977	15	3091370 3209872 3216601 3226387 3241545 3248177 3264020 3283446 3303921 3304324 3306692 3310852 3314945 3317266 3321377 3323644 3329671 3329756 3329885 3330203 3331496 3335255 3336686 3373472 3374246 3380907 3390278 3397815 3403676 3405288 3405436 3409424 3409425 3409736 3410355 3431091 
007378	CARP21	0162977	117	3091370 3209872 3216601 3226387 3241545 3248177 3264020 3283446 3303921 3304324 3306692 3310852 3314945 3317266 3321377 3323644 3329671 3329756 3329885 3330203 3331496 3335255 3336686 3373472 3374246 3380907 3390278 3397815 3403676 3405288 3405436 3409424 3409425 3409736 3410355 3431091 
007378	CARP21	0162977	14	3091370 3209872 3216601 3226387 3241545 3248177 3264020 3283446 3303921 3304324 3306692 3310852 3314945 3317266 3321377 3323644 3329671 3329756 3329885 3330203 3331496 3335255 3336686 3373472 3374246 3380907 3390278 3397815 3403676 3405288 3405436 3409424 3409425 3409736 3410355 3431091 
006532	TH223	0031399	113	3091587 3092151 3304941 3305828 3416251 
006532	TH223	0031399	15	3091587 3092151 3304941 3305828 3416251 
011835	TH110	0468281	159	3091890 3095460 3347031 3388883 
011835	TH110	0468281	113	3091890 3095460 3347031 3388883 
004012	TAYG	0215359	117	3091892 3219633 3242553 3246830 3247887 3248149 3260264 3330372 3331483 3335236 3343996 3344317 3346922 3347834 3351382 3354864 3381444 3382098 3388364 3388648 3395332 3396601 3396786 3397567 3398166 3398495 3403440 3403558 3405177 3406817 3407639 3408041 3409781 3410638 
004012	TAYG	0215359	234	3091892 3219633 3242553 3246830 3247887 3248149 3260264 3330372 3331483 3335236 3343996 3344317 3346922 3347834 3351382 3354864 3381444 3382098 3388364 3388648 3395332 3396601 3396786 3397567 3398166 3398495 3403440 3403558 3405177 3406817 3407639 3408041 3409781 3410638 
008469	CARP25	3420576	263	3092126 3150738 3153576 3179026 3210876 3212008 3213402 3216633 3316273 3319378 3322204 3332518 3410213 
008469	CARP25	3420576	234	3092126 3150738 3153576 3179026 3210876 3212008 3213402 3216633 3316273 3319378 3322204 3332518 3410213 
011827	PK243	3415849	16	3092411 3093208 3095021 3098380 3103166 3119909 3150160 3189051 3204644 3205454 3211360 3213412 3227175 
011827	PK243	3415849	234	3092411 3093208 3095021 3098380 3103166 3119909 3150160 3189051 3204644 3205454 3211360 3213412 3227175 
011827	PK243	3415849	118	3092411 3093208 3095021 3098380 3103166 3119909 3150160 3189051 3204644 3205454 3211360 3213412 3227175 
010942	PK338	3422399	260	3092532 3094744 3125856 3152572 3152667 3191834 3217667 3248716 3315632 3330334 3330439 3330986 3351178 
010942	PK338	3422399	261	3092532 3094744 3125856 3152572 3152667 3191834 3217667 3248716 3315632 3330334 3330439 3330986 3351178 
010942	PK338	3422399	118	3092532 3094744 3125856 3152572 3152667 3191834 3217667 3248716 3315632 3330334 3330439 3330986 3351178 
002659	TH110	0031543	262	3092577 3197905 3215601 3306992 3340395 3406546 3409420 
002659	TH110	0031543	264	3092577 3197905 3215601 3306992 3340395 3406546 3409420 
005723	CARP25	3392421	117	3092577 3095612 3114139 3311452 3311550 3321831 3322949 3329656 3332738 3334056 3344462 3348796 3349789 3356546 3364694 3374832 3388914 3389259 3389464 3390229 3392028 3394978 3395143 3396763 3397573 3404522 3408049 3408820 3409519 
005723	CARP25	3392421	4	3092577 3095612 3114139 3311452 3311550 3321831 3322949 3329656 3332738 3334056 3344462 3348796 3349789 3356546 3364694 3374832 3388914 3389259 3389464 3390229 3392028 3394978 3395143 3396763 3397573 3404522 3408049 3408820 3409519 
004394	TH110	0989327	113	3092604 3100080 3213968 
004394	TH110	0989327	115	3092604 3100080 3213968 
009302	CARP13	0672202	260	3092604 
009302	CARP13	0672202	261	3092604 
002401	ROSTUD	3332662	260	3093050 
002401	ROSTUD	3332662	261	3093050 
001871	PK122	3422398	113	3093257 
001871	PK122	3422398	13	3093257 
001871	PK122	3422398	116	3093257 
004804	EHI	0348369	263	3094263 3152434 3185620 3304357 3331483 3390193 3396665 3398117 
004804	EHI	0348369	264	3094263 3152434 3185620 3304357 3331483 3390193 3396665 3398117 
010966	TH110	0775640	260	3094527 3211384 3329812 
010966	TH110	0775640	261	3094527 3211384 3329812 
006034	PK336	0213446	264	3094556 3095765 3105866 3114701 3191834 3192055 3205337 3211727 3216633 3217667 3220304 3222944 3239030 3249841 3292462 3303949 3306968 3315632 3315957 3316693 3316819 3322141 3326451 3330334 3330439 3332411 3389687 3408776 
006034	PK336	0213446	14	3094556 3095765 3105866 3114701 3191834 3192055 3205337 3211727 3216633 3217667 3220304 3222944 3239030 3249841 3292462 3303949 3306968 3315632 3315957 3316693 3316819 3322141 3326451 3330334 3330439 3332411 3389687 3408776 
006034	PK336	0213446	15	3094556 3095765 3105866 3114701 3191834 3192055 3205337 3211727 3216633 3217667 3220304 3222944 3239030 3249841 3292462 3303949 3306968 3315632 3315957 3316693 3316819 3322141 3326451 3330334 3330439 3332411 3389687 3408776 
001424	PK278	0024663	203	3095612 3097082 3213921 3215601 3228778 3239494 3242496 3242506 3242817 3244179 3247887 3314945 3322108 3332761 3332871 3337363 3342720 3345933 3350761 3359167 3381996 3390008 3403968 3408797 3409975 
001424	PK278	0024663	119	3095612 3097082 3213921 3215601 3228778 3239494 3242496 3242506 3242817 3244179 3247887 3314945 3322108 3332761 3332871 3337363 3342720 3345933 3350761 3359167 3381996 3390008 3403968 3408797 3409975 
010316	PK337	3426911	116	3095765 3191340 3214147 3242553 3246830 3309375 3321787 3331776 3403530 
010316	PK337	3426911	114	3095765 3191340 3214147 3242553 3246830 3309375 3321787 3331776 3403530 
010316	PK337	3426911	200	3095765 3191340 3214147 3242553 3246830 3309375 3321787 3331776 3403530 
010859	PK337	3426911	1	3095765 3191340 3214147 3242553 3246830 3259090 3309375 3321787 3330431 3332654 3403530 3408249 
010859	PK337	3426911	3	3095765 3191340 3214147 3242553 3246830 3259090 3309375 3321787 3330431 3332654 3403530 3408249 
010859	PK337	3426911	121	3095765 3191340 3214147 3242553 3246830 3259090 3309375 3321787 3330431 3332654 3403530 3408249 
003017	TH104	3332662	234	3096808 3154498 3194888 3215249 3217667 3249965 3252851 3304723 3312024 3316819 3322141 3331638 3405615 3409557 3409721 3409934 
003017	TH104	3332662	25	3096808 3154498 3194888 3215249 3217667 3249965 3252851 3304723 3312024 3316819 3322141 3331638 3405615 3409557 3409721 3409934 
003017	TH104	3332662	203	3096808 3154498 3194888 3215249 3217667 3249965 3252851 3304723 3312024 3316819 3322141 3331638 3405615 3409557 3409721 3409934 
002562	PK336	0564741	117	3099184 3100468 3215081 3249965 3288377 3312024 3316819 3329836 3330986 3344691 3345567 3350761 3405615 3406438 3407566 
002562	PK336	0564741	201	3099184 3100468 3215081 3249965 3288377 3312024 3316819 3329836 3330986 3344691 3345567 3350761 3405615 3406438 3407566 
002562	PK336	0564741	4	3099184 3100468 3215081 3249965 3288377 3312024 3316819 3329836 3330986 3344691 3345567 3350761 3405615 3406438 3407566 
006874	PK154	1167884	262	3099423 3145694 3190685 3191340 3259090 
006874	PK154	1167884	263	3099423 3145694 3190685 3191340 3259090 
006874	PK154	1167884	113	3099423 3145694 3190685 3191340 3259090 
012485	CAN314	3426520	262	3100388 3388046 3407639 
012485	CAN314	3426520	263	3100388 3388046 3407639 
002564	PK10	1168490	113	3100402 3322141 3389756 3404068 3405568 
002564	PK10	1168490	13	3100402 3322141 3389756 3404068 3405568 
002564	PK10	1168490	116	3100402 3322141 3389756 3404068 3405568 
002397	TH224	0493725	116	3100415 3125808 3138631 3166656 3219685 3233697 3233850 3302367 3315767 3316711 3319376 3322107 3322663 3322752 3322942 
002397	TH224	0493725	14	3100415 3125808 3138631 3166656 3219685 3233697 3233850 3302367 3315767 3316711 3319376 3322107 3322663 3322752 3322942 
003448	EHII	0031359	264	3104716 3110898 3152667 3218908 3227145 3238414 3251957 3295766 3305828 3329885 3335236 3364694 3398026 3403440 3408495 3409695 3410480 
003448	EHII	0031359	200	3104716 3110898 3152667 3218908 3227145 3238414 3251957 3295766 3305828 3329885 3335236 3364694 3398026 3403440 3408495 3409695 3410480 
008774	TAYE	0576472	234	3105866 3111037 3191285 3223001 3245522 3249841 3250904 3256154 3256812 3303949 3315789 3316653 3316693 3329187 3351178 3357413 3396626 3409510 
008774	TAYE	0576472	4	3105866 3111037 3191285 3223001 3245522 3249841 3250904 3256154 3256812 3303949 3315789 3316653 3316693 3329187 3351178 3357413 3396626 3409510 
012670	TAYG	3427450	159	3107592 3191198 3204279 
012670	TAYG	3427450	264	3107592 3191198 3204279 
010842	PK10	0564741	116	3108814 3114701 3416251 
010842	PK10	0564741	234	3108814 3114701 3416251 
010842	PK10	0564741	200	3108814 3114701 3416251 
006523	CARP15	0031573	114	3111037 3153306 3205208 3256706 3356399 3398717 
006523	CARP15	0031573	115	3111037 3153306 3205208 3256706 3356399 3398717 
002873	TH110	3393272	262	3112329 3193672 3247887 
002873	TH110	3393272	263	3112329 3193672 3247887 
001163	TH111	0031568	263	3113753 3228759 3315776 3336573 
001163	TH111	0031568	264	3113753 3228759 3315776 3336573 
004036	TH110	0163316	260	3114139 3177388 3204511 3214129 3228861 3252312 3307002 3335589 3398717 
004036	TH110	0163316	261	3114139 3177388 3204511 3214129 3228861 3252312 3307002 3335589 3398717 
006849	PK337	0031347	262	3114251 3185122 3204830 3247055 3288377 3306786 3307400 3315961 3331776 3332871 3362013 3405286 3406700 
006849	PK337	0031347	263	3114251 3185122 3204830 3247055 3288377 3306786 3307400 3315961 3331776 3332871 3362013 3405286 3406700 
006849	PK337	0031347	264	3114251 3185122 3204830 3247055 3288377 3306786 3307400 3315961 3331776 3332871 3362013 3405286 3406700 
004360	TAYB	0847593	202	3114776 3120788 3160008 3190685 3215249 3216554 3218908 3233850 3254053 3271107 3296990 3309375 3317234 3329671 3332580 
004360	TAYB	0847593	118	3114776 3120788 3160008 3190685 3215249 3216554 3218908 3233850 3254053 3271107 3296990 3309375 3317234 3329671 3332580 
012590	CARP13	3426910	159	3114776 3179110 3217444 
012590	CARP13	3426910	262	3114776 3179110 3217444 
011536	TH110	3213249	262	3115257 3217543 3219029 3316693 
011536	TH110	3213249	263	3115257 3217543 3219029 3316693 
006045	PK328	0031526	113	3116564 3193776 
006045	PK328	0031526	13	3116564 3193776 
006045	PK328	0031526	116	3116564 3193776 
006554	PK339	0031621	260	3116564 
006554	PK339	0031621	261	3116564 
012491	TAYSEM	3195964	260	3118027 3121782 3190802 3204279 3254195 3271107 3321871 3330337 3331638 
012491	TAYSEM	3195964	261	3118027 3121782 3190802 3204279 3254195 3271107 3321871 3330337 3331638 
009296	CARP15	3310251	159	3120788 3214178 3215635 3219719 3390414 3408249 
009296	CARP15	3310251	264	3120788 3214178 3215635 3219719 3390414 3408249 
007888	RCSEM	0470839	14	3121582 3219029 3228861 3261685 3388883 
007888	RCSEM	0470839	15	3121582 3219029 3228861 3261685 3388883 
009283	TH104	0854975	113	3121782 3125808 3136630 3155346 3248716 3268686 3330627 
009283	TH104	0854975	13	3121782 3125808 3136630 3155346 3248716 3268686 3330627 
007882	RCCON	0470839	263	3125127 3209669 3322307 
007882	RCCON	0470839	264	3125127 3209669 3322307 
005120	TH110	3400071	260	3125450 3323692 3329187 3364522 
005120	TH110	3400071	261	3125450 3323692 3329187 3364522 
002403	PK259	3427601	260	3125808 3219685 
002403	PK259	3427601	261	3125808 3219685 
002460	PK259	0031568	159	3125808 3166656 3204243 
002460	PK259	0031568	262	3125808 3166656 3204243 
005231	BYC106	3195964	262	3126772 
005231	BYC106	3195964	263	3126772 
007107	TAYSEM	0031568	113	3126772 3155033 3190802 3193161 3194322 3204279 3260308 
007107	TAYSEM	0031568	13	3126772 3155033 3190802 3193161 3194322 3204279 3260308 
002362	TAYSEM	1165566	159	3138631 3241876 3254237 3302367 3322663 3322752 
002362	TAYSEM	1165566	264	3138631 3241876 3254237 3302367 3322663 3322752 
002368	BYC127	3422490	113	3138631 3177063 3191210 3191834 3215099 3219685 3233697 3260419 3296990 3308669 3315767 3316711 3322663 3322752 3322942 3351382 3388914 3390193 3398464 3406546 3407566 3408191 3408776 3409721 
002368	BYC127	3422490	13	3138631 3177063 3191210 3191834 3215099 3219685 3233697 3260419 3296990 3308669 3315767 3316711 3322663 3322752 3322942 3351382 3388914 3390193 3398464 3406546 3407566 3408191 3408776 3409721 
012432	PK259	3332662	264	3151195 
012432	PK259	3332662	113	3151195 
012594	PK259	3425460	263	3151195 3204243 
012594	PK259	3425460	13	3151195 3204243 
008780	CARP17	3194197	14	3155033 3244921 3256812 3304357 3311410 3329656 3331451 3331582 3374832 3409695 
008780	CARP17	3194197	15	3155033 3244921 3256812 3304357 3311410 3329656 3331451 3331582 3374832 3409695 
012355	PEMSTD	0683480	262	3155201 3217778 
012355	PEMSTD	0683480	116	3155201 3217778 
012438	TAYC	3335907	264	3155346 3193161 3204619 3211007 3258543 3265154 3268686 3306482 3388883 
012438	TAYC	3335907	116	3155346 3193161 3204619 3211007 3258543 3265154 3268686 3306482 3388883 
009263	TH110	3433185	159	3155348 3204893 3348796 3358246 
009263	TH110	3433185	262	3155348 3204893 3348796 3358246 
012334	BYC100	0031388	159	3160008 
012334	BYC100	0031388	262	3160008 
004015	GOB	0031578	262	3161390 3170878 3248326 3254237 3292462 3299552 3314971 3330627 3331451 3333094 3334296 3343092 3388883 3398464 3405863 3407597 
004015	GOB	0031578	263	3161390 3170878 3248326 3254237 3292462 3299552 3314971 3330627 3331451 3333094 3334296 3343092 3388883 3398464 3405863 3407597 
005738	TH110	0031543	260	3161390 3204243 3321831 3349789 
005738	TH110	0031543	261	3161390 3204243 3321831 3349789 
008811	BYC239	0576472	159	3161390 
008811	BYC239	0576472	264	3161390 
009231	TH111	0697660	117	3166656 3194322 3215099 3217543 3233850 3244179 3254237 3296990 3306761 3315676 3316711 3330820 3332714 3357841 3358560 3410516 
009231	TH111	0697660	234	3166656 3194322 3215099 3217543 3233850 3244179 3254237 3296990 3306761 3315676 3316711 3330820 3332714 3357841 3358560 3410516 
011531	CARP15	3310251	113	3179110 
011531	CARP15	3310251	13	3179110 
012303	CARP17	0576472	115	3191198 3204248 3231914 3322939 3329656 3331451 3403530 3405873 
012303	CARP17	0576472	202	3191198 3204248 3231914 3322939 3329656 3331451 3403530 3405873 
012289	PK227	0409956	262	3194428 3214617 3307517 3315613 3315934 
012289	PK227	0409956	263	3194428 3214617 3307517 3315613 3315934 
012289	PK227	0409956	264	3194428 3214617 3307517 3315613 3315934 
006543	EH103	0031573	159	3196059 3322307 3329964 
006543	EH103	0031573	262	3196059 3322307 3329964 
011319	CAN314	3393853	116	3196059 3203991 3216633 3315961 3330431 
011319	CAN314	3393853	16	3196059 3203991 3216633 3315961 3330431 
002932	TAYF	0493725	262	3203991 
002932	TAYF	0493725	263	3203991 
011209	PK336	0637692	262	3204688 3205337 3218908 3322187 
011209	PK336	0637692	263	3204688 3205337 3218908 3322187 
011209	PK336	0637692	16	3204688 3205337 3218908 3322187 
003406	EHI	1167851	2	3204905 3219367 3316693 3323493 3382098 3403953 3407911 3409419 3409422 3409425 3409781 3410213 
003406	EHI	1167851	121	3204905 3219367 3316693 3323493 3382098 3403953 3407911 3409419 3409422 3409425 3409781 3410213 
002379	ROSTUD	3092832	159	3205491 3244179 3351382 
002379	ROSTUD	3092832	262	3205491 3244179 3351382 
001552	GYMFIT	0129398	13	3211007 3217778 3219719 3331776 
001552	GYMFIT	0129398	16	3211007 3217778 3219719 3331776 
005160	EHIII	3393272	113	3213217 3233348 3388458 3390008 3397064 3403576 
005160	EHIII	3393272	13	3213217 3233348 3388458 3390008 3397064 3403576 
007032	TH223	0031573	118	3213217 3214138 3302457 3322107 3333007 3347031 3358246 3364522 
007032	TH223	0031573	1	3213217 3214138 3302457 3322107 3333007 3347031 3358246 3364522 
004372	TAYB	0138190	260	3213968 3242506 3296121 3388648 
004372	TAYB	0138190	261	3213968 3242506 3296121 3388648 
004016	TAYSEM	0030564	4	3214147 3231837 3305222 3307321 3323454 3329668 3330095 3332409 3332421 3359167 3389687 
004016	TAYSEM	0030564	2	3214147 3231837 3305222 3307321 3323454 3329668 3330095 3332409 3332421 3359167 3389687 
011535	TAYD	3213249	260	3215601 3239494 3242666 3322108 3350767 
011535	TAYD	3213249	261	3215601 3239494 3242666 3322108 3350767 
004362	TAYB	0989327	264	3216871 3223740 3296121 3323539 3329671 3404979 
004362	TAYB	0989327	116	3216871 3223740 3296121 3323539 3329671 3404979 
011307	CARP25	3213249	159	3217439 3311445 
011307	CARP25	3213249	264	3217439 3311445 
012659	CARP15	3422490	260	3217444 3232225 3316273 
012659	CARP15	3422490	261	3217444 3232225 3316273 
011534	TH111	3213249	113	3217724 
011534	TH111	3213249	13	3217724 
005853	TH110	0031582	262	3219436 3242496 3242817 3335999 3351190 
005853	TH110	0031582	113	3219436 3242496 3242817 3335999 3351190 
003455	TH110	3425459	262	3228759 3242666 3309190 3409706 
003455	TH110	3425459	113	3228759 3242666 3309190 3409706 
001157	TH110	0697660	260	3241045 3242817 3244179 3254237 3295766 3330820 3331184 3350761 3397566 3403968 3409519 
001157	TH110	0697660	13	3241045 3242817 3244179 3254237 3295766 3330820 3331184 3350761 3397566 3403968 3409519 
004872	CARP21	0989327	159	3252851 
004872	CARP21	0989327	262	3252851 
011309	CARP21	0180723	260	3252851 3280006 3306761 
011309	CARP21	0180723	261	3252851 3280006 3306761 
012328	PK339	3198619	262	3257376 
012328	PK339	3198619	13	3257376 
006019	PK338	0856198	262	3262890 3405257 3409419 3409781 
006019	PK338	0856198	263	3262890 3405257 3409419 3409781 
006019	PK338	0856198	264	3262890 3405257 3409419 3409781 
012562	TH110	0853792	159	3271107 
012562	TH110	0853792	262	3271107 
012306	PK349	3393847	260	3303921 3405419 
012306	PK349	3393847	261	3303921 3405419 
012306	PK349	3393847	159	3303921 3405419 
002444	ROSTUD	0989327	13	3306761 
002444	ROSTUD	0989327	14	3306761 
009239	TH110	0854975	159	3311550 
009239	TH110	0854975	262	3311550 
011064	EHSEM	3195964	13	3322084 3375084 
011064	EHSEM	3195964	116	3322084 3375084 
011862	TH223	3427449	159	3329836 
011862	TH223	3427449	262	3329836 
005198	EHSEM	0853792	263	3332249 3392028 3403968 
005198	EHSEM	0853792	264	3332249 3392028 3403968 
004810	TH110	0697660	262	3395005 3409497 
004810	TH110	0697660	263	3395005 3409497 
005734	TH110	3392421	260	3396763 
005734	TH110	3392421	261	3396763 
002680	CARP17	0599596	262	3405568 
002680	CARP17	0599596	263	3405568 
002662	TH110	1168489	260	3409420 
002662	TH110	1168489	261	3409420 
