Course	Room	Teacher	Time		Students
001213	DAL300	0031471	18	0310347 3331180 3340324 3359596 3405451 3415849 3418606 3422289 3425356 3431158 3432223 3434428 3434468 3435161 3438472 3443283 3451496 3451663 3455058 3455291 3459645 3459980 3461933 3462297 3462417 3462647 3463776 
001248	TH102	0031388	206	207	0310347 3322886 3331180 3339315 3340287 3340324 3359596 3405619 3413283 3415849 3422289 3424520 3425356 3430944 3431158 3431535 3431740 3434428 3434468 3435161 3438472 3439820 
012317	RCCON	3554385	79	0750570 3413356 3463745 3475745 3475941 3480999 3481875 3483003 3483467 3546417 
003277	EHIII	1061861	208	209	1005720 3198263 3424363 3431260 3437252 3459109 
007372	TAYE	0603646	229	230	1005720 3198263 3396377 3417908 3420434 3432077 3439437 3439899 3443731 3444536 3453262 3455043 3457935 3459109 3460820 3462516 3463453 3467452 3469615 3484314 3503382 
014112	PK259	3452853	229	230	1057610 3413923 3432595 3445680 3454059 3458972 3483965 3484898 3492392 3514835 3519078 3547282 3552259 3559657 3574563 3576477 3668783 3668811 3668894 3668971 3669002 3669027 
005282	DAL212E	0493856	206	207	1086489 3437365 
008769	PK180	0428728	208	209	1086489 3196460 3337463 3438471 3439387 3441004 3448314 3458136 3458957 3460338 3460737 3462416 3464638 3465050 3466962 3476899 3478964 3479054 3479085 3479350 3479718 3480069 3480810 3481557 3481967 3482101 3484243 3485537 3486311 3486389 3486777 3487640 3505157 3537536 3538688 3558838 3559645 3559804 3560308 3574866 3575971 3576449 3578910 3581171 3581952 3650578 
001161	TH104	0031388	208	209	1160238 3250131 3418606 3421044 3422289 3429602 3451331 3461937 3462417 3462964 3463022 3463879 3466011 3481798 3485504 3576553 3580341 3651077 
002855	PK20	0031399	206	207	1160238 3226303 3432357 3460718 3465332 3470797 3470846 3471190 3473086 3474374 3476864 3478356 3479534 3480728 3480791 3480867 3480868 3480999 3481391 3481894 3481944 3482101 3482288 3483036 3483042 3483306 3483640 3483954 3484746 3485170 3485628 3485756 3485774 3487623 3492392 3502893 3503382 3503587 3503865 3505157 3505185 3506324 3508682 3510665 3510878 3510971 3512896 3514835 3516442 3518231 3519078 3519499 3519726 3520100 3521265 3521272 3524066 3524341 3524963 3525604 3530220 3531305 3533093 3533264 3537536 3538400 3538688 3538928 3539996 3540124 3540190 3540428 3540662 3540705 3540714 3542887 3544254 3544262 3544945 3546417 3546891 3547282 3549052 3549272 3551641 3552259 3555254 3555932 3556169 3556594 3556617 3557478 3558528 3558543 3558800 3558838 3559225 3559462 3559476 3559534 3559537 3559591 3559612 3559624 3559645 3559657 3559804 3559815 3559843 3559872 3559900 3559970 3560193 3560308 3560487 3560649 3560687 3560770 3560858 3560860 3561001 3561084 3561229 3561280 3561318 3561402 3561511 3561516 3561660 3561772 3564528 3568636 3568950 3570123 3574047 3574475 3574542 3574546 3574558 3574563 3574866 3574873 
004274	PK100	3092832	229	230	1160238 3415766 3418606 3431750 3433962 3436514 3461975 3462417 3465591 3467781 3474789 3476085 3479885 3480791 3480868 3483546 3485327 3524963 3544262 3555254 3558800 3560649 3561229 3576351 3576438 3576480 3576555 3576576 3576624 3578921 3579414 3579579 3580217 3580341 3581149 3581207 3581596 3581962 3668812 3668881 3668930 3668974 
003500	CARP15	3194193	210	227	3196460 3435397 3447306 3452988 3477580 3483306 3484845 3485642 3518231 3558838 3559815 3576532 3576753 3578488 
003572	EHLEC	0897399	17	3196460 3374470 3374569 3375685 3406406 3413146 3415766 3418145 3418264 3418441 3420037 3421153 3422414 3424318 3424363 3425114 3425401 3426654 3426717 3426718 3428844 3429732 3429832 3432238 3432622 3433275 3434210 3435183 3435380 3435397 3437252 3438465 3439402 3475445 3487243 
010844	CARP25	0824088	206	207	3198263 3418908 3434762 3440175 3455341 3459032 3576466 
007125	PK126	0162976	206	207	3213028 3421753 3423970 3426649 3430298 3432243 3434079 3434124 3435722 3437295 3437827 3438465 3439624 3439917 3453856 3454439 3459613 3463353 3463708 
007127	DAL300	0162976	208	209	3213028 3359026 3374479 3404196 3416896 3418499 3421753 3423970 3426244 3426654 3428820 3430298 3430953 3431828 3432243 3434079 3434124 3435628 3435722 3437089 3437591 3437827 3438442 3438550 3438589 3439624 3440024 3463353 
007887	PK264	0470839	208	209	3217247 3438455 3441406 3452445 3480401 3559657 3576463 3576471 
005271	CARP15	1137952	229	230	3219927 3340287 3419470 3426654 3432223 3432243 3434130 3435384 3437827 3438033 3438652 3439670 3458957 3576450 
005310	TH111	1137952	228	215	3219927 3221418 3366307 3415801 3416286 3416424 3421770 3426556 3426658 3429524 3429706 3429810 3432759 3435734 3437365 3438471 3439511 3460766 3462554 3462936 
007107	ROSTUD	0031568	210	227	3219927 3340324 3374479 3405427 3415769 3418499 3424520 3426244 3430298 3438589 3462872 
013205	BYC100	3426520	208	209	3219927 3414238 3416598 3432040 3464855 3478713 3487732 3576620 
002367	PK243	0493725	210	227	3226303 3433539 3439528 3456820 3465245 3467040 3467983 3475298 3476908 3480166 3480732 3481391 3481875 3482445 3483003 3483950 3485170 3485816 3486141 3486311 3486838 3487035 3502893 3505185 3506324 3537536 3540190 3540705 3559804 3559970 3561772 3576321 3576330 3576343 3576373 3576390 3576429 3576501 3576507 3576558 3576763 3577741 3580095 3580389 3581080 3581250 3581605 3650956 3668827 3669051 
004009	PK100	3442425	228	215	3226303 3374194 3412549 3426858 3429566 3440687 3456660 3457777 3465591 3473086 3479534 3480728 3480868 3481102 3482194 3485812 3485970 3503865 3506324 3508682 3521265 3531305 3533093 3549272 3559872 3561402 3575769 3575898 3575908 3576126 3576763 3577167 3577590 3578963 3579028 3579687 3580217 3581227 3581605 3581786 3581827 3581981 3668920 
001894	GOCOM	3483424	206	207	3250131 3405604 3426735 3431445 3432384 
013192	CARP25	3459335	10	55	3250131 3331180 3375120 3375544 3428042 3430152 3433760 3434130 3435070 3435384 3436119 3436930 3445081 3448679 3456228 3458451 
001839	PK229	0898918	79	3250227 3375389 3375544 3416598 3417108 3421500 3421700 3426735 3428042 3428608 3431294 3436930 3437240 3438113 3438374 3443421 3446832 3448679 3453445 3458972 3460488 3460867 3461826 3462292 3462514 3462639 3463188 3463675 3464379 3483587 
001898	PK227	0168763	206	207	3250227 3331277 3404828 3435384 3435771 3438374 
006559	PK227	0031478	208	209	3250227 3433539 3439409 3443283 3443731 3458853 
002164	EHIII	0180723	206	207	3250683 3375323 3381050 3430152 3438232 3459522 3462270 3463022 3463675 3463745 3464027 3480710 3481419 3483467 3485288 
011826	DEDANCE	0180723	208	209	3250683 3430152 3453352 3459522 3463675 3463745 3464027 
002878	PK230	3470325	206	207	3254734 3420884 3438287 
012886	GOCOM	1084458	210	227	3254734 3423839 3436710 3438287 3480937 
001836	PK20	3452118	228	215	3264539 3426020 3430401 3441310 3451168 3455908 3456089 3459523 3460569 3461063 3462817 3464850 3470393 3474140 3474620 3475198 3476797 3478506 3479311 3479976 3480668 3481203 3481532 3481805 3481813 3481943 3482323 3482739 3483234 3483511 3483929 3485169 3485912 3486379 3486782 3487087 3487621 3503630 3514964 3516634 3538202 3559870 3560167 3560199 3561074 3565637 3569865 3574137 3574483 3574543 3574639 3575916 3575928 3576011 3576260 3576411 3576421 3576563 3578781 3578861 3579143 3580261 3580714 3580912 3581038 3581081 3581135 3581220 3581232 3581375 3581999 3582040 3650596 3668851 3668933 
002151	PK278	1037239	229	230	3264539 3433686 3451724 3454625 3457988 3459972 3461197 3462565 3463776 3465036 3466014 3467093 3468070 3469520 3471447 3471450 3475573 3475933 3477425 3480714 3481690 3481702 3482144 3483298 3483587 3483638 3484619 3484752 3485228 3485548 3485550 3486571 3486617 3486852 3487034 3487055 3487266 3513947 3514095 3521461 3529298 3543742 3546891 3556970 3557244 3558739 3559149 3559302 3559857 3559963 3560373 3561704 3575483 3576013 3577187 3578811 3579592 3579723 3580248 3580251 3580256 3580269 3581085 3581609 3581920 3581967 3581996 3669006 3669016 
006846	PK229	0031347	229	230	3415870 3417108 3420437 3421500 3422964 3427674 3428608 3431651 3438084 3438232 3446832 3455625 3455915 3456677 3456722 3457039 3457873 3458295 3462270 3462297 3462639 3462647 3463526 3463589 3480375 3480732 3481419 3487035 3487041 3579949 
002472	PK259	0493725	206	207	3322585 3374569 3375629 3413356 3415125 3415769 3415870 3420380 3420940 3424594 3429602 3429834 3431226 3431651 3432796 3433501 3433539 3435366 3436683 3438020 3438084 3438100 3439356 
004021	GOB	0854975	229	230	3322585 3416891 3428820 3436158 3436683 3439206 3461937 3462237 3465442 3468749 3477004 3485290 3576328 3576569 
014121	DAL300	3555101	58	223	3322585 3339315 3375685 3429524 3429810 3431155 3431294 3432027 3435628 3438442 3441016 3446670 3454182 3458452 3460766 3462872 3462936 3463919 3464100 3467199 3476930 3478309 3478343 3482445 3487505 3576507 
002460	PK231	0031568	208	209	3322886 3456820 
002992	PK278	3646856	103	234	3322886 3421044 3429733 3441226 3457932 3458176 3458949 3459980 3460701 3463879 3464638 3465327 3470797 3475950 3478951 3479534 3479718 3480069 3480867 3481875 3482198 3483042 3484750 3485054 3485288 3485931 3486321 3486609 3487093 3487261 3503587 3506324 3537536 3540705 3558528 3559624 3559843 3560770 3560860 3561084 3570123 3575969 3576248 3576535 3576763 3576879 3577022 3577485 3578842 3578921 3579949 3580389 3580397 3580796 3580798 3581192 3581227 3581300 3581455 3581827 3581918 3581980 3650277 
003001	TAYC	3473854	228	215	3322886 3374479 3437341 3438102 3439475 3461937 3464100 3480836 3481031 3482263 3484216 3485727 3485800 3576329 3576515 3576574 
008500	DAL25	0132890	206	207	3331179 3337463 3343387 3378849 3415407 3418117 3420837 3421604 3429733 3431155 3431260 3431448 3431939 3438441 3439387 3439475 3439564 3456994 3483155 
012325	TH111	3420576	210	227	3331179 3339315 3339814 3375629 3413022 3415407 3418907 3422414 3423970 3431226 3431828 3432782 3439387 3442991 3456994 3462292 3464263 3480423 3483560 3486858 
014204	DAL300	3420576	16	3331179 3381050 3419002 3431155 3433788 3438652 3459647 3460737 3460820 3461057 3462115 3466962 3467199 3474463 3481557 3481967 3483467 3483640 3485537 3486858 3510665 3559843 3574866 3576346 3577146 3579028 
014099	TAYE	0409956	16	3331180 3375120 3375544 3404828 3405604 3411059 3412825 3414273 3415849 3430383 3431672 3432223 3435070 3436588 3437240 3438113 3439820 3445081 3463602 3463993 3464279 
008479	TH102	0893542	229	230	3337463 3343387 3381050 3411186 3419002 3421604 3431155 3431260 3431448 3431939 3432782 3433929 3435628 3438441 3439387 3439475 3456290 3457979 3459647 3460737 3461057 3462115 3483155 
001844	TH104	3577231	57	56	3339315 3420380 3423723 3436683 3438878 3458176 3460235 3463879 3463993 3477014 3485290 3486141 3486182 3576336 3576485 3576494 
005239	CARP15	0493856	208	209	3339814 3425356 3430131 3432759 3435384 3436119 3437756 3443522 3446353 3561402 3576357 3576366 3581098 3581249 
007391	TAYC	0031631	229	230	3339814 3363735 3425347 3426213 3430131 3432027 3433881 3434539 3439636 3440419 3446670 3447681 3449400 3454115 3459032 3462235 3463936 
012895	PK337	0428011	79	3339814 3418120 3420025 3420434 3426213 3426638 3433788 3434539 3437146 3437756 3438443 3439283 
008801	GOB	3194197	208	209	3340003 3374470 3411158 3418120 3435070 3437341 3444536 3458932 3475327 3479804 3482323 3483567 3510665 3576334 
008824	PK328	0031572	229	230	3340003 3406406 3415407 3433251 3435161 3438550 
010950	PK230	1168489	228	215	3340003 3435161 3462872 3576551 
008485	PK328	0031553	228	215	3340287 3378849 3421700 3431448 3456994 3462416 
008488	PK328	0031553	10	55	3340287 3378849 3421700 3431448 3456994 3462416 
007026	DAL300	3198619	10	55	3340324 3413283 3418499 3430953 3433881 3435722 3437589 3438342 3440024 3441166 3454439 3457932 3459032 3461962 3462956 3463919 3465327 3478419 3481967 3482194 3483084 3484334 3486609 3486844 3525604 3530220 3576377 3576508 
007070	TAYSEM	0316015	210	227	3359026 3404196 3405604 3436588 3437089 3437591 3438102 3462235 3474207 3481562 3485970 3581031 
014201	CARP17	3647209	208	209	3359596 3431158 3435366 3437011 3438033 3438342 3459645 3484216 3576410 
014202	PK227	3647209	229	230	3359596 3425437 3462964 3486740 3487321 3559462 
009342	PK10	0031522	210	227	3363735 3416640 3426213 3433881 3455093 
012665	ROSTUD	3332662	10	55	3363735 3423723 3430706 3431078 3432798 3433829 3433961 3438473 3439528 3439701 3440075 
013713	DAL6	0031631	208	209	3363735 3430142 3433881 3440419 3450068 3453262 3455093 3474216 
014117	PK10	3473854	206	207	3363735 3430706 3433849 3455049 3458250 
013170	TAYC	3092941	37	231	3366307 3412881 3426718 3429524 3429832 3434210 3439147 3439917 3442335 3443731 3451551 3457935 3460766 3484202 3486050 3581249 
014119	TH251	3555100	229	230	3366307 3416374 3428844 3435183 3442335 3447322 3464279 3480810 3482989 3533093 3544254 3576324 3579687 
014120	EHLEC	3461286	18	3366307 3417819 3431449 3432357 3435734 3441016 3454439 3454476 3458957 3459823 3465050 3465244 3467932 3475445 3478309 3479054 3479350 3481894 3482101 3487623 3556169 3559462 3560193 3561516 3574047 3575898 3576126 3576324 3577054 3579099 3580584 3581127 3581469 3581827 3581870 
003454	TAYSEM	3393009	206	207	3374040 3438471 3438999 3444537 3455808 3459584 3463879 3464848 3465591 3478102 3480937 3481102 
003552	EHII	0897706	18	3374040 3418264 3424363 3425114 3425401 3429832 3435380 3435397 3436158 3455808 3457932 3462293 3462606 
001473	BYC106	0031632	210	227	3374194 3425095 3429532 3432398 3436206 3436216 
004739	TAYB	0004955	206	207	3374194 3455631 
005845	RCSEM	3470325	208	209	3374194 3423839 3463327 3483036 3539996 3544945 3547282 3580259 
009335	PK230	0031522	10	55	3374479 3438465 3479945 3483085 
002413	TAYG	3452082	16	3374569 3416286 3432027 3438102 3439280 3456820 3458049 3460235 3463883 3464398 3469119 3475298 3476908 3478050 3479085 3479355 3480166 3482445 3483925 3484750 3485054 3486182 3486844 3487035 3487276 3576325 3576336 3576390 3576507 3576558 3650956 
014125	BYC100	3555417	206	207	3375120 3423839 3432759 3463453 3484898 
004014	TAYC	0031578	10	55	3375323 3432223 3444537 3452988 3465332 3474409 3474598 3476908 3477824 3485549 3485756 3510971 3558800 3559657 3576248 3580095 
006023	PK278	0031454	57	56	3375323 3418145 3426556 3436227 3438455 3443421 3448868 3451557 3455690 3456210 3462458 3465181 3475950 3476864 3478356 3481894 3482264 3482288 3483560 3484816 3485628 3486569 3487040 3503382 3503587 3505157 3512896 3521272 3538400 3538688 3544945 3549272 3552259 3555932 3556169 3559476 3559534 3559612 3560487 3561660 3568950 3574542 3575898 3576037 3576126 3576532 3576568 3577485 3578804 3578910 3579028 3579181 3579949 3580796 3581192 3581469 3581605 3581830 3581846 3669050 
011865	DAL212A	0802802	208	209	3375323 3417172 3450490 3455690 
013621	PK259	3427120	16	3375323 3435187 3436216 3439356 3448314 3460338 3462262 3463439 3467040 3477824 3480710 3481562 3482288 3485290 3540124 3558543 3577741 3579181 3579291 3581077 3581192 
001847	PK126	3483424	208	209	3375389 3404693 3411059 3419470 3420437 3428608 3432384 3435248 3435771 3438374 3453445 3456228 3463011 3463526 3464279 3467093 3481690 3481702 3486852 
006047	EHIII	3646603	18	3375389 3404693 3404828 3405422 3423676 3429761 3433961 3436260 3436311 3437379 3438254 3441166 3445680 3460867 3462512 
001765	DAL1	3473979	228	215	3375685 3431257 3438441 3439636 3443092 3443731 3450546 3475327 3484202 3669030 
012730	PK231	3194193	206	207	3375685 3421153 3438119 
004725	CARP17	0058557	57	56	3377851 3412881 3437574 3457935 3480423 3484324 3484361 3485537 3559537 3576230 
006540	TH102	3554648	16	3377851 3428608 3430697 3432384 3433501 3435771 3439409 3454115 3456016 3457692 3463188 3476899 3480810 3482198 3484324 3484763 3485361 3486133 3576230 3576306 3576359 3576379 3579116 
006573	PK328	0031399	208	209	3377851 3425239 3438287 3450069 3459584 3462116 
006587	PK10	0777265	228	215	3377851 3431060 3437329 3438287 3439818 
002571	RCSEM	0564741	206	207	3379786 3416398 3429761 3432301 3435931 3436260 3456313 
004817	BYC106	0031473	208	209	3379786 3415801 3425095 3425219 3426169 3426735 3442991 3464327 3480382 3482198 3551641 3559815 3574967 3668858 
011230	PK264	0564741	16	3379786 3435931 3440075 3440409 3456313 3462512 3484894 3486187 
011864	DEDANCE	1037239	210	227	3381050 3414273 3417172 3430152 3435039 3435313 3439328 
007381	DAL2	0031611	228	215	3396377 3405422 3417819 3419470 3425347 3430142 3433788 3436930 3439147 3439564 3447681 3454115 3458451 3461962 3463602 3463936 3464379 3464848 3464985 3484314 3485549 3576333 3576345 3576397 3576439 3576531 3576533 3576583 3576631 
001774	TAYSEM	3474420	208	209	3397856 3412725 3416374 3426717 3426718 3436212 3457979 3464263 3475445 3479838 3487243 3576565 
002463	CARP17	0031373	206	207	3397856 
013203	TAYD	3098022	10	55	3397856 3440687 3458049 3463560 3468504 3479085 3481202 3481221 3508682 3516442 3533264 3551641 3560858 3574967 3575971 3576313 3576334 3576349 3576425 3578177 3578963 3580340 3580991 3581247 3581903 3668783 3668812 
014115	RCSEM	3555417	210	227	3397856 3431655 3436227 3440508 3446353 3479382 3485361 3576313 
006059	CARP25	0207327	16	3404179 3405422 3412644 3418106 3420437 3423676 3425150 3425755 3431080 3431629 3433829 3433849 3436311 3437141 3437379 3437511 3437778 3439670 
007010	DAL300	0162976	229	230	3404196 3433961 3436206 3454476 3458136 3462517 3464638 3469560 3471745 3475327 3475950 3478691 3479054 3480836 3480935 3481607 3483085 3486187 3486501 3487261 3487316 3576420 3576479 3578036 3581250 3650277 
007043	TH102	3481299	228	215	3404196 3416891 3430953 3433945 3436588 3437978 3438342 3458706 3459508 3459647 3461498 3462116 3462458 3464327 3465244 3474409 3475745 3476908 3478951 3484990 3485537 3485803 3487316 
001763	PK337	3474420	228	215	3404279 3434210 3439402 3447322 3475941 3478419 3480150 3481354 3482018 3484746 3559900 3576488 
001764	EHIII	1165592	57	56	3404279 3414205 3416374 3426717 3440687 3455519 3458049 3459584 3464855 3465591 3481075 3483965 3544254 3578488 3669051 
007904	TH223	0431946	206	207	3404279 3431078 3435627 3437574 3439158 3458704 3461517 3464666 3477580 3482018 
007909	PK128	0431946	208	209	3404279 
006042	PK100	0409737	17	3404534 3418106 3418908 3421753 3426649 3429199 3429761 3430706 3431629 3432301 3433961 3437141 3437365 3437379 3437511 3438550 3439818 3440175 3441166 3441306 3441900 3451553 3454226 3455043 3455046 3455341 3458250 3459505 3460399 3460488 3460701 3460867 3461826 3462228 3462639 3463593 3479718 3479961 3482019 3482198 3484990 3486250 3486998 
006044	TH111	0431634	37	231	3404534 3418908 3425437 3426719 3429199 3432798 3437141 3437778 3439437 3439670 3441226 3441306 3455043 3455148 3460399 3460488 3461826 3462228 3485416 3487429 
007877	TAYSEM	0031386	79	3404693 3434468 3439511 3482018 3524066 3530220 3574542 3576212 3577146 3581249 3668752 3668917 
001845	RCCON	3646542	10	55	3404828 3405451 3411059 3415125 3421500 3455631 3460235 3461197 3480732 3483298 
014233	RCCON	3555097	208	209	3404828 3413980 3418117 3463226 3480067 3484750 3487093 
009303	TAYSEM	0029475	10	55	3405427 3415801 3416286 3416424 3426638 3429524 3429706 3431260 3431828 3435734 3438471 3460766 
002643	PK230	3421211	229	230	3405619 3413022 3431535 3463226 
013924	PK128	3555097	228	215	3405619 3419002 3456228 3461556 3463226 3474463 3486141 
003524	DAL1	3647384	206	207	3406406 3413146 3429732 3432238 3432447 3438443 3438652 
014101	TAYF	3393009	79	3411059 3412881 3416536 3418264 3420940 3421153 3421770 3424363 3425219 3425401 3430131 3434210 3435039 3435183 3435313 3435692 3435734 3438119 3442335 3454476 3455690 3457327 3457393 3457459 3458957 3461498 3462606 3462720 3463126 3463993 3468281 3475327 3477014 3478309 3478691 3478964 3483925 3485504 3510878 3561660 3575769 
002998	GOB	0492580	210	227	3411158 3430697 3431257 3431629 3438294 3439283 3439636 3441004 3460718 3475950 3478343 3481607 3486475 3560193 
013185	BYC100	0132890	210	227	3411186 3419002 3456290 3457979 3459647 3460737 3461057 3462414 
014073	PK337	3447549	206	207	3411186 3432040 
013204	RCCON	3098022	206	207	3412549 3478747 3576303 3576518 3576625 
006038	EHI	0031454	208	209	3412644 3425150 3429761 3430706 3430978 3432344 3433829 3433849 3437511 3438254 3445343 3445738 3447306 3455046 3455148 3455341 3461517 3462292 3464954 3476927 3481202 3483651 3484887 3484894 3484990 3485288 3485416 3485727 3487429 3561084 3576424 3576623 
002562	PK243	1168490	18	3412825 3413923 3422414 3425437 3426719 3433275 3434124 3450068 3451553 3457692 3461882 3463453 3465103 3465588 3467427 3469560 3475745 3479718 3480150 3480728 3480810 3481102 3483036 3483651 3483954 3485727 3486740 3510665 3512896 3521265 3521272 3533093 3559591 3559624 3559843 3560687 3561001 3574873 3576325 3576350 3576574 3576792 3577590 3577682 3581098 3581171 3581227 3581228 3581300 3581913 3668780 3668844 3668924 
013183	PEMSTD	3198619	210	227	3413283 3460399 3463919 3467199 3474598 3478713 3479945 3482264 3487090 3576479 3668919 
009231	PK10	0697660	229	230	3413356 3456820 3481875 3484816 3486141 
001767	RCCON	3474008	16	3413771 3432759 3444537 3447681 3451557 3463327 3471745 3480999 3483085 3668801 
010961	PEMSTD	0492451	229	230	3413771 3416424 3418145 3418907 3431226 3437141 3437511 3455093 3483560 
001747	DAL1	0416447	208	209	3413774 3431303 3456660 3458250 3462240 3473086 3481518 3485812 3576474 3578075 3578443 
003014	CARP15	3332662	228	215	3413774 3415125 3425239 3434124 3437778 3443283 3457039 3462242 3462517 3469560 3478964 3483950 3486133 3486182 
005742	TAYE	3556752	206	207	3413774 3417908 3429566 3432595 
013918	PK337	3392421	18	3413774 3418907 3420037 3428042 3432595 3448868 3456210 3461962 3463883 3479382 3484314 3575735 
004282	PK328	1165566	210	227	3413923 3450490 3451557 3463022 3483241 
010851	RCCON	0213446	228	215	3413923 3425437 3431629 3433829 3440175 3441004 3445343 3458250 3460867 3464027 
002951	PEMSTD	3421211	206	207	3413980 3426658 3439899 3452183 
003478	TAYSEM	0431946	18	3414205 3429732 3438999 3456313 3464263 3465442 3483546 3484845 3485642 3544945 3576404 3576504 
004013	TH102	0031578	79	3414205 3426649 3438999 3441838 3465245 3466011 3478297 3481607 3483950 3484845 3485170 3485642 3485803 3485931 3486569 3546891 3556169 3576037 3576535 3580341 3668887 
004839	DAL1	3452082	210	227	3414205 3417166 3421044 3439402 3441177 3441413 3456016 3461556 3468749 3477004 3580139 
004082	SW8	0854975	210	227	3414238 3431672 3432447 3434428 3435183 
002162	DEDANCE	0168378	10	55	3414273 3441900 3453352 3462270 3463675 3463745 3464027 
003019	DAL6	0375562	58	223	3415766 3434124 3459613 3471745 3474598 3480571 3481221 3484216 3486569 
003546	ROSTUD	3554810	228	215	3415766 3420037 3422414 3425114 3431535 3435397 3438119 3457393 3459584 3462293 3467452 
004835	EHII	0032827	210	227	3415849 3437379 3438232 3458441 3458972 3463851 3467427 3484272 3486623 3533264 3561511 3576449 3581907 
002428	ROSTUD	3452082	208	209	3415870 3429834 3431750 3432027 3438020 3438084 3439356 3455227 3461556 3463883 3485970 
004297	PK264	3092832	206	207	3416232 3416598 3429532 3435248 3436216 3438033 3438254 3455690 
004301	GOCOM	1165566	10	55	3416232 3416598 3430786 3435692 3458176 
005286	PK264	0493856	210	227	3416232 3421770 3437756 3439511 3454439 3455046 3456103 3481643 
005212	GOCOM	3647209	228	215	3416374 3425095 3455046 3486609 3556617 
002173	TH104	1083806	206	207	3416536 3417172 3431294 3431449 3435039 3435313 3439328 3459505 
004355	TAYC	0847593	79	3416640 3424594 3433501 3451331 3464666 3475298 3476860 3480401 3482588 3484746 3485028 3486632 3549052 3556617 3559462 3560193 3574047 
007374	PK126	0987494	103	234	3416640 3429832 3454115 3460820 3461962 3463602 3463936 3467384 3480264 3480939 3484243 3485053 3485636 3549052 3556617 3576320 3576332 3576397 3576433 
007375	TH102	3474098	57	56	3416640 3417819 3418106 3429733 3437240 3439899 3442335 3451551 3455341 3459032 3460586 3462228 3462240 3462516 3476927 3480264 3484243 3486133 3487243 3576320 3576397 3576493 
008812	TH251	0576472	210	227	3416891 3416998 3431133 3458932 3483567 
001838	PK126	0168763	10	55	3416998 3456290 3458136 3458949 3463708 3474463 3476418 3478691 3482101 3484324 3484763 3485170 3486623 3487316 3576321 3576404 3577022 3579687 3580586 
008778	DEDANCE	0031572	206	207	3416998 3435187 3464398 3478343 3480067 3483567 
002160	TAYG	0004950	58	223	3417108 3428042 3436311 3437240 3438113 3440419 3443421 3447681 3453445 3455631 3455915 3456722 3458972 3460338 3460488 3461826 3462514 3462639 3462896 3463602 3464327 3466364 3477824 3480375 3480732 3480999 3484887 3485290 3505157 3560770 3576879 
001457	GOCOM	3555417	208	209	3417166 
004877	TH223	0031373	229	230	3417166 3425219 3435771 3436227 3437589 3439528 3439624 3439701 3454494 
013782	DAL6	3557107	16	3417166 3420837 3431939 3438472 3438473 3456103 3457777 3462517 3463226 
008442	TAYC	3646854	57	56	3418117 3433929 3438652 3439283 3439475 3439917 3441838 3446670 3451663 3459645 3462115 3462293 3462414 3462416 3465245 3481557 3484898 
004844	DAL2	3647219	37	231	3418441 3420037 3429706 3436227 3438842 3440687 3447322 3454494 3457777 3458441 3463199 3464848 3465588 3467384 3468749 3477014 3478343 3478713 3481643 3483567 3484272 3484334 3484361 3484816 3485028 3540428 3576404 3576530 3668770 
001460	DAL6	3098022	228	215	3418606 3432398 3436206 3438232 3441177 3455419 3462417 3468504 3540662 
003007	EHIII	3473854	210	227	3418908 3430953 3431078 3433945 3437341 3437778 3454226 3455049 3460369 3462720 3464100 3478964 3486569 3487040 3561280 
005119	SW8	3400071	228	215	3420434 3464855 3561318 3579099 
013184	RCCON	3198619	229	230	3420884 3431060 3446353 3461517 3462116 3462458 3478951 3576470 3576520 
009233	TH223	0029475	208	209	3420940 3431226 3438100 3458452 
012821	CARP13	0910179	210	227	3420940 3435366 3436683 3438100 3463879 3487093 
001849	DEDANCE	0123161	18	3421044 3434130 3436119 3443421 3458451 3463188 3464379 
014131	PK264	0893542	228	215	3421753 3426244 3435722 3437089 3438473 3438589 3441413 3474207 
004388	CARP13	0989327	208	209	3422146 3441166 3453663 3462262 3470846 3557478 
004288	DEDANCE	3646542	229	230	3423676 3429834 3435692 3455058 3467040 3483241 
011986	TAYSEM	1084458	229	230	3423839 3436710 3443522 3460371 3474374 3479382 3480937 3540662 3551641 3574967 3580340 3581903 
003508	TH111	0024092	206	207	3424318 3426858 3433275 3442991 3455519 3467384 3474789 3482396 
014126	GOCOM	3555417	229	230	3424318 3425401 3462955 3479085 3480382 
012352	PK128	3577930	10	55	3425347 3429602 3451496 3460737 3474374 3485803 3577682 
001448	ROSTUD	0853792	16	3425356 3446353 3455419 3461975 3463560 3466011 3468504 3479382 3485028 3486379 3540662 
006867	GOB	3646602	206	207	3425364 3425755 3430978 3432259 3432344 3460359 3460701 3462896 3463011 3482596 
004852	CARP17	3194193	229	230	3426169 3429706 3437591 3451331 3456103 3481221 3485628 3559872 3576571 3576629 
007899	BYC100	0031386	228	215	3426169 3435627 3437574 3438455 3441406 3452445 3480401 3576463 
007008	EHLEC	0316015	16	3426244 3426719 3430953 3457327 3462116 3464638 3480728 3481607 3481944 3482264 3483385 3483954 3510878 3516442 3518231 3530220 3538688 3540714 3560687 3560860 3561001 3561772 3570123 3574542 3574546 3576329 3580159 3581031 3581455 3581846 3581918 3581995 3668752 3668825 3668867 
013712	CARP15	3474098	206	207	3426638 3433929 3437146 
003031	DAL10	0375562	208	209	3426649 3433945 
012320	PK227	3421211	10	55	3426658 3455419 3462242 3479838 3487429 3519078 
003033	PEMSTD	0492580	208	209	3426719 3437295 
005856	PK227	3647094	210	227	3426858 3455148 3461020 3484898 
004036	DAL6	3442425	206	207	3428820 3439206 3463188 3482989 3576305 3576312 3576495 3576503 3576576 
002572	CARP25	3393847	208	209	3429199 3436260 3457195 3459888 
011219	CARP13	1168490	206	207	3429199 3453663 
006029	PK100	0213446	57	56	3429602 3435248 3440419 3445081 3445343 3445680 3448314 3456228 3458087 3459522 3460338 3463439 3465103 3465332 3467040 3471745 3477576 3477824 3479534 3481202 3481419 3481643 3483467 3483651 3484887 3485288 3485416 3485727 3487429 3492392 3558528 3560770 3576212 3576879 3577022 3580389 3580397 3580955 3581077 3581127 3581903 3581980 
003489	PK126	3647384	16	3429732 3430152 3442991 3443092 3445738 3454494 3455808 3460586 3465442 3467427 3469560 3476860 3479804 3480571 3481354 3483278 3483560 3524341 3560308 
006500	PK259	3554648	79	3430697 3455631 3463919 3471190 3476899 3483084 3483306 3483640 3485774 3540714 3542887 3575735 3577109 3577167 3577795 3580407 3581201 3581228 3581907 3581913 3668770 3668825 3668976 
008763	DAL2	0428728	206	207	3430697 3434539 3436158 3457459 3458451 3486050 3487243 3576479 3579291 3580397 3580407 3580991 3581846 3581851 3581918 3581980 
006582	SW8	0564741	208	209	3431060 
007080	PK231	0031573	16	3431078 3439624 3576551 
001562	CARP17	3436970	79	3431080 3431445 3440175 3451496 3460737 3462956 3479712 3483557 3506165 3577682 
001563	DAL300	0031756	206	207	3431080 
012353	CARP17	3436970	58	223	3431080 3431445 3456210 3462956 3464279 3479712 3576579 3576763 3668849 3668921 
008767	TH251	0899465	208	209	3431294 3462514 3480571 3483954 3487321 3510878 3540190 3561660 3581455 
001547	PK128	1054236	229	230	3431445 3479712 3483557 3485803 3576579 3581786 
012354	PK354	0492321	208	209	3431445 3432259 3440175 3451496 3668931 
014231	DAL212A	1168214	210	227	3431445 3432259 3464279 3480734 3531305 
005284	PK10	0031373	208	209	3431449 
001190	BYC239	3556528	10	55	3431535 3455908 3475941 3476930 3485816 3486777 
006519	PK230	0031478	210	227	3431651 3445738 3457692 3485053 
001185	BYC239	3646542	208	209	3431672 3475198 3483385 3484898 
008773	CARP17	1168489	10	55	3431740 3438442 3447478 3467983 3483385 3505185 3524341 3576231 3576552 3581250 
012731	PK337	0032827	57	56	3437589 3438842 3441177 3454494 3455151 3456016 3456103 3457327 3457777 3461556 3463851 3485970 
001151	TH224	0031388	210	227	3432223 3453445 3455151 3456089 3461197 3462237 3462964 3463126 3471190 3471447 3474620 3475745 3475933 3477425 3477576 3479054 3480710 3480935 3483084 3483557 3483638 3484361 3484763 3485028 3485169 3485327 3485504 3485756 3486617 3486632 3487087 3538400 3557478 3559225 3559591 3560858 3574563 3575735 3576011 3576231 3578963 3579181 3580217 3580259 3580991 3581228 3581981 3669014 
005722	TAYC	3648007	58	223	3432357 3441177 3485628 3487090 3519726 3520100 3540124 3555932 3560858 3575969 3576753 3577682 3577741 3578177 3581080 3581098 3581870 
007364	TH110	0031611	17	3432357 3433760 3438113 3438999 3447478 3454182 3455227 3458049 3464306 3464379 3466962 3478297 3479712 3481520 3481894 3481967 3483640 3484845 3485636 3486083 3503587 3503865 3510971 3518231 3519726 3520100 3531305 3539996 3540714 3542887 3544254 3549272 3559225 3559534 3559537 3559612 3559645 3560487 3574866 3576230 3577054 3577109 3577167 3578443 3578804 3578910 3579116 3580159 3580326 3580407 3580584 3581786 3581830 3581870 3581913 3581952 
002567	PK337	0031454	210	227	3432384 3437589 3452445 3453663 3463439 3465103 3480401 3484202 3486187 3576337 3576397 3576402 
001204	TH102	3447549	17	3432398 3435187 3451496 3451663 3455291 3456210 3457917 3461933 3462297 3462647 3463776 3478747 3480935 3481031 3483084 3484216 3484763 3485053 3486596 3487261 3487321 3576339 3576399 
006026	PK229	3470402	57	56	3432782 3437011 3447478 3455291 3455915 3457873 3457917 3462514 3463453 3477580 3478419 3481798 3482263 3484334 3486844 3487090 3559970 3576306 3576362 3576385 3576387 3576421 3576465 3576527 3576554 3668867 3668881 3668956 3669013 3669036 
012483	PK264	3426520	229	230	3432798 3478747 3524066 3559476 3559815 3561516 3650578 3668768 
014107	TH251	3554810	206	207	3433251 3440508 3459508 
005847	TH121	3647094	208	209	3433275 3455419 3463439 3463560 3467932 3474207 3559591 
002657	PK128	0138190	210	227	3433501 3478419 3576493 3576620 
013650	PK227	0032205	228	215	3446670 3451663 3460369 3487640 
004803	TH104	0031373	16	3434468 3458441 3458988 3465050 3467671 3474409 3483996 3508682 3549052 3555932 3558963 3561511 3575908 3576569 3576753 3578036 3580340 3669051 
013212	TH121	3648217	210	227	3435187 3445680 3451496 3463353 3465588 3478747 3480067 3481031 3484324 3486083 3576391 3576575 
004011	TAYC	3442425	208	209	3435380 3438294 3458441 3462293 3462647 3463708 3465244 3481520 3483042 3484272 3486501 3486623 3576579 3579579 3581077 3581469 3650277 
006508	DEDANCE	0031478	228	215	3435931 3437591 3456313 3457917 3463745 3486787 3557478 
002674	BYC239	0468281	210	227	3436158 3441406 3453352 3474374 3561318 
004280	CARP17	3646542	228	215	3436216 3438033 3438254 3439480 3450490 3458176 3463022 3485361 3576319 3576444 
012729	DAL212E	3194193	208	209	3456016 3459508 
006557	BYC106	0031573	206	207	3437329 3439818 3576551 
005724	ROSTUD	3392421	229	230	3438102 3464327 3467199 3476418 3478713 3482264 3482288 3484361 3485054 3580159 3668927 
002653	EHIII	0138190	79	3438294 3452988 3462237 3464306 3465442 3486083 3487321 3487732 3502893 3568636 3568950 3576312 3576552 3576579 3576620 
013157	RCSEM	3648007	228	215	3438842 3462237 3476927 3478309 3486740 3486858 3542887 3576620 
002394	PEMSTD	0020988	228	215	3438878 3439356 3439528 3475298 3478050 3487035 3576336 3576500 
006854	DAL6	3646602	210	227	3439147 3441226 3445081 3458087 3459505 3465332 3481202 3487732 3580955 
006865	CARP17	1167884	16	3439147 3441226 3454059 3458087 3458136 3460359 3462896 3463011 3486250 3487732 
014103	EHII	0468281	208	209	3439158 3485549 3487505 3506165 3668868 
002364	DAL10	0492580	206	207	3439280 3462936 3484750 3487640 3576535 
002383	PK230	3473854	208	209	3439280 
004379	TH223	0989327	228	215	3439409 3440508 3450069 3453663 3462262 3464279 3465181 3482588 3486050 
001753	TH121	0416447	206	207	3441016 3455151 3456660 3474207 3479945 3481518 3482019 3482144 3487040 3576419 3576510 
014118	TAYSEM	3555100	228	215	3441016 3443522 3448679 3452988 3463560 3466364 3481221 3483003 3486632 3576352 3576425 3668870 
012890	SW8	1084458	206	207	3443522 3458037 
003447	DAL10	0031359	210	227	3444537 3451551 3462297 3464666 3486382 3519499 3560687 3575309 3576303 3578177 3581171 
014331	PK128	3647209	206	207	3447322 
001761	BYC239	0357848	229	230	3450069 3450546 3462240 3479945 3485812 
007881	PK328	0470839	206	207	3450069 3464954 3480166 3481202 3486838 3525384 
011198	DAL212E	0254474	210	227	3450069 
002637	CARP17	0827051	210	227	3453262 3459980 3462242 3478102 3487041 3576401 
013613	TH104	0492580	10	55	3453856 3455049 3459613 3461937 3462720 3464100 3471745 3480836 3482263 3483950 3485416 3485800 3486133 3486998 3576350 3576424 3576432 
002381	PEMSTD	0031473	10	55	3455227 3459823 3464398 3469119 3475298 3480166 3483003 3486182 3576429 3668831 3669038 
004666	PK231	0775640	210	227	3539996 3581201 3651077 
006024	PK354	0207327	210	227	3458061 3464954 3469615 3470846 3519078 3558543 3561402 3564528 3574558 3576248 3576792 3577109 3579291 3580798 3581952 
014113	TAYC	0827051	18	3458061 3460718 3474463 3481643 3481862 3482591 3485504 3486475 3505185 3576347 3576356 3576370 3576444 3576545 3580586 3668998 
012770	TAYSEM	3646854	17	3458957 3459522 3485054 3505185 3524341 3546417 3568636 3575769 3576485 3576494 3581250 3668924 
001156	EHII	0493725	229	230	3460235 3462414 3462851 3476930 3479350 3481354 3483036 3483651 3485774 3510971 3568636 3576370 3581851 
004065	TAYC	3646540	206	207	3460399 3463593 
004020	RCCON	3646540	210	227	3461517 3462851 3480939 3552259 3578075 
001751	DAL212A	0254474	206	207	3462240 
001878	DAL212E	1168490	228	215	3462292 3475573 
004359	PK337	0847593	208	209	3464306 3466364 3480150 3480935 3482019 3485636 3560487 3581907 
008774	DAL6	3194197	229	230	3464398 3470797 3480710 3481518 3484887 3484990 3525604 3540428 3578804 
004369	PK354	0138190	206	207	3465181 
009262	TAYSEM	3555097	57	56	3467671 3480382 3480867 3481391 3486740 3486838 3525604 3575309 3577795 3668773 3668952 3669007 
014227	DAL6	3648007	79	3470846 3540428 3561001 3564528 3574563 3577806 3580139 3581247 3669016 
012771	BYC106	3646854	229	230	3480067 3481557 3483925 3485756 3486311 3540190 3559534 3576037 3576212 3576231 3576578 3577054 3581127 
006506	SW8	0138190	229	230	3475445 3476899 3480150 
013925	ROSTUD	3555097	206	207	3480423 3481354 3483925 3486609 
012355	TAYD	0683480	206	207	3480734 3668849 
014139	BYC239	3555100	206	207	3576492 3576504 
002404	EHII	0375562	206	207	3482445 3486182 
003407	TH223	3478658	210	227	3561084 3578921 3580397 3580796 3581918 
013211	SW8	0428815	10	55	3521265 3556594 3574558 3650578 
011861	PK231	3555097	229	230	3564528 3581456 3581995 
