Course	Room	Teacher	Time	Students
005728	PK232	0031543	20	0145661 0917040 1028249 1065238 1096152 
009283	TH102	1084297	14	17	0145661 0849713 0918064 0951991 1037745 1039831 1079564 
008501	TH251	0031553	241	150	0534728 0746213 0858864 0859719 0860532 0861648 0862152 0871788 0903222 1003539 
004804	CARP25	0348369	241	150	0672478 0850327 0869575 0904719 0906963 0910421 0947693 1018271 1081939 1085324 1088558 1171297 3072063 3080198 3080592 
005310	TAYSEM	1020104	242	245	0672478 0819263 0823997 0827772 0861504 0865618 0869670 0883015 0890945 0896487 0918277 
002569	PK232	0564741	241	150	0700408 0781976 0830862 0958879 0987613 
001837	PK25	0409956	241	150	0710449 0860257 0884876 0918549 0992796 1004225 1006744 1008967 1009559 1017444 1020150 1021867 1025533 1029566 1034405 1035148 1038420 1041559 1055290 1056688 1056963 1064045 1065142 1066778 1067460 1067933 1068371 1076009 1076989 1078390 1078921 1079363 1079993 1082150 1083594 1088636 1088785 1095157 1098099 1099059 1129814 1142212 1143290 1158007 1169257 1169962 1170071 1170303 3065039 3070344 3070438 3071094 3072447 3072484 3073357 3073666 3074570 3076930 3078073 3080595 
002992	DAL204	3093799	243	244	0710449 0819816 0849245 0849379 0852945 0860532 0899316 0902217 0909240 0918549 0989590 0991672 0999195 1034578 1065271 1065732 1066431 1067502 1094134 1096152 1101031 1101350 1102723 1131602 1143265 1143717 3065039 3067556 3068353 3071094 3072594 3075188 3076190 3076896 3077064 3080198 3081061 3089651 
007405	DAL318	0031611	242	245	0710449 0892206 0900371 1002047 1067377 
004016	TAYC	0215359	249	42	0746210 0852148 0889210 0989432 0992796 1007952 1026650 1059677 1081952 1085106 1141220 1143639 1169402 3067556 3072208 3076896 
002402	TAYD	3090482	243	244	0746213 0807750 0859186 0869484 0882728 0887467 0906085 0915622 0918064 1001806 1058058 1066007 3074570 
004275	PK243	0031577	246	248	0747519 0904680 0909216 0911775 0987861 1005412 1011104 1017840 1018817 1056281 1056970 1057779 1064148 1064385 1067724 1076299 1076923 1077065 1078508 1078648 1081952 1083626 1083627 1084321 1086867 1090564 1111901 1122905 1158362 1169968 1170823 3073138 3074930 3077163 
005161	TH111	0031582	18	0747519 0901262 0909693 0950504 1017492 1018183 1029787 1046086 1049050 1056857 1122784 
001249	DAL112	0031471	241	150	0748765 0773014 0789284 0819118 0830197 0858752 0871255 0881793 0900409 0904540 0909675 0911706 0914260 0915652 0917702 1016462 
001887	PK227	0898918	241	150	0751788 0820055 0862176 0873557 0885444 0899636 0907897 0954240 0960068 0993506 1172397 
008434	TH251	0031553	242	245	0751788 0785336 0858034 0886011 0903222 0906085 0906618 0967042 0991672 1002706 1050781 1073544 1077003 1086489 3076576 
008496	TH251	0031619	243	244	0751788 0860298 0867153 0900409 0957333 0963413 0988544 1053105 1073544 
006862	PK243	0031335	14	17	0754161 0824299 0830862 0886011 0889210 0909585 0957333 0958186 0989432 0991769 1055590 
004362	TAYB	0989327	241	150	0755872 0847790 1005068 1077416 1077482 1083431 1100899 
004889	CARP17	0348369	242	245	0755872 0856959 0859310 0871309 0899135 0899292 0901481 0911347 0914599 1003476 
002856	PK338	0056990	241	150	0756739 0897931 0901262 0906447 0987347 0988263 0988603 0988826 0998351 1000750 1001351 1001394 1005059 1005315 1005427 1006105 1006444 1010741 1010750 1011104 1013071 1013197 1017492 1018174 1020083 1020370 1020478 1020727 1023494 1025845 1028249 1029210 1029787 1032769 1032929 1037338 1037541 1040868 1042335 1044157 1044791 1046439 1047339 1049050 1049929 1055441 1055590 1055640 1056012 1056096 1056270 1056320 1056722 1056738 1056857 1056970 1057261 1057535 1057592 1058421 1059677 1063875 1064270 1064605 1064752 1065183 1065196 1065781 1065945 1066308 1066679 1067182 1067251 1067382 1067502 1067862 1068109 1068526 1073544 
004276	PK243	1165566	242	245	0756739 0904680 0906963 0998351 1003644 1005315 1016462 1018857 1040045 1041559 1058180 1058242 1065945 1067726 1067933 1080149 1086867 1098099 1117264 3080592 
001842	PK229	0031557	14	17	0757188 0757321 0773385 0819816 0850382 0853988 0862176 0892236 0904516 0907155 0907897 0908164 0909837 0911936 0912695 0912781 0914509 0915885 0918118 0920095 0959200 0967532 0985094 0989520 0992744 0993506 1002248 1003020 1004733 1006744 1007882 1016462 1021867 1058058 1065142 1067483 1078921 1083594 1088180 
010845	EHLEC	3092941	241	150	0757188 0822518 0833266 0859066 0879882 0907248 0998323 1015275 1019006 
002161	PK180	1083806	15	16	0757321 0828017 0906963 0915885 0988263 0989590 1004225 1006744 1009729 1017444 1020150 1025533 1025629 1029566 1029787 1036442 1038420 1038671 1040874 1049299 1067460 1068371 1076009 1078680 1078921 3070406 
006847	PK243	0824244	249	42	0757321 0773385 0900429 0901688 0903917 0907897 0917334 0920095 0959200 0966077 0966094 0972660 0972861 0988271 0988625 0993506 1002364 1036225 1038671 1045379 1056738 1065142 1080648 1172397 
007017	GIL101	0031568	242	245	0769851 0917040 0919283 0960068 1001905 1008925 1018252 1024315 1034578 1077416 1081006 1083626 1101031 1169341 3075745 
007026	GIL210	1075274	14	17	0769851 0848773 0850607 0852945 0860204 0897091 0905351 0906206 0911775 0915652 0958492 0988826 0999712 1007134 1013071 1020695 1024315 1026650 1027597 1038303 1056970 1078390 1078896 1080757 1081250 1087938 1099662 1105086 1145146 1172030 
007106	GIL101	0031568	241	150	0769851 0832608 0917040 1007882 3085403 
003029	TAYG	0492580	241	150	0770854 0848719 0858850 0890945 
004036	TAYG	0163316	14	17	0770854 0859409 0904301 0911856 0913466 0920237 1017832 1019006 1037413 1065271 1067726 1076923 1170479 
006043	PK336	0368960	88	0770854 0812824 0828036 0850327 0851310 0853970 0858850 0861690 0865750 0889858 0890043 0890665 0899767 0907914 0910421 0910436 0910884 0945449 0945959 0958879 0991769 0993169 1001039 1002248 1005059 1013197 1086916 
005850	CARP15	0031416	242	245	0773276 0988603 1025379 1039868 1042335 1044157 1057779 1059654 1076877 1077257 1078646 1099662 
001851	PK227	0409956	242	245	0773385 0820055 0848492 0900429 0901688 0908164 0908998 0912781 0918118 0959200 1002045 1084909 1088180 
001891	PK229	0031557	243	244	0773385 0862176 0865894 0899636 0901688 0902371 0907897 0909837 
003278	DAL105	3094764	241	150	0774062 0908375 0912333 0915226 
002562	PK354	0564741	242	245	0774831 0851545 0858527 0871788 0899419 0903600 0912081 0917883 0991668 0992189 1005068 1030369 1055640 1066679 1103391 1104356 3073169 3077336 3077471 
009335	GIL101	0031568	243	244	0774831 0901703 0913946 0967793 0988100 0993790 1083431 
001152	DAL204	0827357	88	0779081 0987937 0989395 1009104 1017444 1025569 1055078 1055348 1059572 1059654 1059677 1065142 1065781 1076989 1077417 1077874 1079085 1080303 1081101 1087081 1087782 1088384 1088882 1088972 1092116 1092187 1092999 1095157 1096113 1099662 1100536 1100537 1101350 1102030 1105086 1115477 1117264 1122905 1128560 1131602 1134015 1137955 1142309 1144234 1146215 1149344 1150699 1158362 1170071 1170479 1170757 1170823 1172355 3064940 3064977 3071734 3074001 3076211 3085521 
001460	TH111	3098022	14	17	0779081 0851545 0858527 0876307 0900240 0901732 0912439 0950504 0966268 0999195 
010872	TH111	3098022	243	244	0779081 0912439 1007196 1010741 1025845 1044157 1056281 1057779 
010869	GOB	0667845	18	0779276 0789284 0828394 0830280 0861815 0862049 0901409 0905540 0907155 0909675 0909692 0966077 0976318 1005112 1041140 1066335 1077413 1079268 1084334 
001840	PK25	0168763	247	62	0780450 0789284 0819118 0830280 0847304 0862049 0862152 0868541 0896476 0902371 0904516 0905540 0907248 0909692 0912695 0917040 0970262 0988263 0992189 0992744 1001613 1002248 1003020 1003389 1004225 1006405 1006438 1006899 1018252 1021867 1029737 1029787 1049299 1055290 1064605 1068371 1076234 1077413 1079771 1083594 1095596 1095814 1105842 1121871 1146782 1169382 1170470 3070374 3073507 3076930 
006035	PK243	0409737	243	244	0780450 0828036 0848719 0851310 0899767 0910421 0912081 0946010 0967988 0986262 1000355 1001039 1002248 1002729 1005082 1013197 1018936 1020520 1024283 1025644 1049929 1055590 1056722 1065183 1065796 1067334 1068052 1068526 1077482 1086916 
001565	ARNST	3093377	243	244	0781472 0827963 0899135 0908998 0912699 0919825 1066309 1079366 1085631 1170033 3070438 3077472 
002174	PK278	0004950	242	245	0781472 0851403 0866299 0868382 0886763 0904506 1015706 
010842	PK232	1167856	242	245	0781976 
002952	ROSTUD	1168430	88	0785336 0829808 0847254 0860497 0860663 0867153 0907151 0909693 0915226 
009264	CARP17	1167917	14	17	0785336 0860663 0887586 0899241 0899316 0907248 0959092 0999733 1005199 1017412 1077963 1160158 
001847	DAL318	0205229	18	0786916 0862152 0868541 0885444 0904516 0908998 0911936 0912781 0920095 0954240 0960068 0989590 1004733 1029737 1056980 
007396	TH224	0851717	246	248	0786916 0832137 0848680 0849245 0852608 0865750 0887586 0900541 0901409 0906635 0911807 0919158 0963413 0988100 0989395 1003100 1015706 
001187	DAL100A	0031388	15	16	0789284 0819118 0881793 0909662 0914509 0917702 0950504 0966268 0966299 0986807 1011104 1017840 1025508 1037745 1082919 1083627 1087081 
001550	GOB	0031756	249	42	0795445 0828036 0830280 0856959 0861391 0882323 0903633 0905540 0909692 0910834 0966299 0988245 0988544 1021751 1029210 1086710 1087782 1169360 3070344 
004079	TAYC	0031486	241	150	0795445 0818674 0899440 0900240 0904301 0919772 0965927 1037745 
009297	PK328	0032827	21	0807750 0823997 0849713 0915648 0973811 0991229 0991668 1029210 1041981 1170370 
007370	DAL318	0826964	244	162	0807767 0828394 0830197 0852608 0865750 0870197 0887586 0892206 0900371 0914076 0945969 1055441 3070648 3072910 3086238 
008766	PK338	0431786	150	242	0808392 0910884 0911936 0972633 0987861 1001894 1020695 1027597 1038671 1053105 1056217 1057610 1058058 1067483 1079384 1084363 1085631 1087960 1092187 1095814 1096470 1102030 1115477 1121871 1126492 1131602 1134015 1142309 1149270 1149344 1150720 1160885 1170470 1170567 1172030 3064977 3072594 3073300 
002176	PK354	0986606	241	150	0812300 0847932 0890199 
005165	EHLEC	1062910	20	0812300 0822753 0858527 0865618 0876307 0901481 0989401 1025569 1030683 1039943 1041981 1049050 1054176 1058223 1067241 1077815 1080894 1085061 1100338 1126639 1143717 1150720 
006059	TH111	0031384	21	0812300 0812824 0834138 0850327 0850613 0851310 0868382 0880639 0890043 0910421 0910436 
006026	PK243	0213446	15	16	0812824 0822753 0858872 0861391 0861504 0989401 1018183 1018252 1025569 1030693 1044791 1046086 1056857 1057004 1058180 1060299 1065732 1080894 1081952 1086710 1086802 1088882 1088972 1105086 1126639 1150758 1157688 1158026 1169382 1170567 3068353 3068369 3072293 3073066 3073300 3074001 3076190 3076896 3078500 3085513 3086238 
004012	PK338	3092051	245	15	0814822 0906447 0920400 0967793 0992186 1003389 1006405 1018174 1056320 1057261 1066007 1067241 1079444 1080757 1081250 1082799 1086329 1090564 1092999 1100338 1102530 1104498 1111901 1143717 1144234 1145578 1157506 1169360 1170033 1170370 1170703 1170823 3074167 3076618 3089651 
007016	TH102	0316015	243	244	0814822 0898741 0903229 0914916 0917040 0992796 1018301 1064148 1066308 1067382 1067483 1067748 1068383 1076923 1077416 1083626 1093549 1100338 
007028	EHSEM	0316015	20	0814822 0848150 0881793 0909662 0989590 0993790 1007842 1013071 1056738 1058180 1080149 1083430 1101031 3076896 
003033	TAYG	0492580	243	244	0818674 0890945 0904506 
002469	TAYD	1051497	14	17	0819263 0825616 0845664 0851310 0858034 0858864 0859186 0869484 0914290 0914299 
005305	RCCON	0056990	88	0819263 0852945 0867801 0915648 0918277 0986688 0992186 0999833 1067483 
002450	TAYD	3100328	241	150	0819450 0858034 0894845 0906206 0991672 
001857	PK264	0123161	21	0819816 0848150 0887308 0906896 0918118 0966299 0989520 1001613 1010643 1056980 1084909 1088180 
001893	PK227	0898918	243	244	0820055 0873557 0885444 
009362	DAL318	0031619	88	0820055 0830197 0858752 0886158 0899636 0907596 0909942 0954641 0988100 1000750 1007842 1018271 1065654 1117320 3095924 
001165	GOB	0309967	19	0822518 0890199 0917334 0918064 0951991 0954240 0986807 0989432 1007554 1017444 1025508 1025569 1039679 1049299 1057261 1079993 1087081 1088180 1170071 
007032	TAYB	1075274	242	245	0822518 0918519 0976421 1017339 1018301 1078896 3073143 
010860	PK154	3092559	241	150	0822717 0991769 
005218	TAYSEM	1020104	243	244	0822753 0901262 0986688 1039679 1057592 1088558 1128560 3078408 
006502	CARP13	0031621	88	0822753 0847790 0848719 0865894 0988603 0989520 1089147 1161132 
001749	PK338	0254474	241	159	0823997 0904752 1081006 1126639 3072594 3076190 
006050	PK328	0031526	243	244	0823997 0834138 0892458 0901961 0959337 0987613 
007378	DAL204	0162977	249	42	0823997 0859719 0867165 0868541 0870907 0888075 0896476 0904516 0909942 0952783 0992744 0993929 0998815 1003020 1004324 1008282 1015275 1020520 1021867 1025533 1038420 1041140 1049929 1055290 1055441 1056688 1067502 1068549 1076989 1079268 1080149 1081250 1083080 1084334 1085061 1088365 1102030 1116377 1169109 3070374 3072447 3072910 3073004 3073384 3078465 3089651 
003437	TH102	0897706	242	245	0824299 0853174 0897310 0898872 0910403 0953178 0995269 1004968 1005427 1021017 1038303 1056012 1065196 1079614 1095349 3074936 
007903	RCSEM	0468281	243	244	0824978 0887478 0953178 1020727 1040618 1078646 1081249 1084057 1100383 1146370 
009213	DAL100A	0138190	242	245	0824978 0858752 0916427 1005412 
004845	TAYD	0672202	18	0825616 0904301 0907150 0910403 0913946 0918277 0918519 0950811 0991668 1001351 1007348 1015256 1056270 1057520 1063875 1085324 1104151 1141729 1144234 1157688 1170033 3071015 
005209	CAN314	1062910	88	0827772 0852148 0963413 0973811 1049050 1085324 1096822 1160885 
004709	TAYSEM	0250371	88	0827963 0860298 0861815 0907150 0919283 0920400 0966077 0966094 1058421 1064270 
004720	CARP25	0750017	16	246	0827963 0848355 0848492 0861180 0892458 0991229 1017760 1029737 1041559 1064790 1086329 1170848 3076930 3085504 3085509 3085521 
008469	TAYE	0125630	14	17	0827963 0906085 0906618 0909942 0972633 0976318 0987937 0988544 0991120 1000750 1006405 1009104 1032929 1050781 1053105 1064270 1077003 1079614 1088192 
009211	TH104	0827357	20	0829808 0832137 0850327 0899135 0901732 0905954 0906362 0908862 0909675 0911706 0913946 0918775 0960084 0966077 0966299 0985094 0991229 0992189 1000750 1005720 1007348 1007554 1036225 1046439 1053105 1055290 1057261 1065271 1076085 1076246 1080792 1083431 1085324 3069337 
009263	CARP13	1168430	243	244	0829808 0883015 0999733 1080272 1158026 1170848 3077809 
010843	PK338	1168490	241	150	0832137 0850613 0897310 
004015	GIL101	0031578	19	0832653 0904506 1023923 1041981 1056963 1078896 1081249 1081952 1088972 1095596 1095717 1104669 1158362 1169109 3070374 3078408 3078500 
009226	EHI	1165592	15	16	0832653 0879882 0887398 0890043 0896979 0907150 0918775 0920251 0952008 0956475 0988544 1015275 1077380 3073507 
004038	PK154	3094907	19	0833188 0860298 0972660 1001905 1065183 1084321 
004083	TAYG	0031578	242	245	0833188 0860298 0864043 0865645 0867494 0874063 0899440 0907914 0910056 0911856 0913466 
002368	PK243	1051497	18	0833266 0873190 0897931 0903600 0904680 1003644 1007952 1017339 1019025 1019827 1023494 1035148 1039943 1055640 1058242 1065945 1067334 1076234 1078680 1080792 1085106 1086927 1093044 1097648 1100899 1101406 1104216 1115477 1158362 1161132 1169382 1170703 3068772 3070090 3072447 3072867 3073004 3073507 3080592 3085513 
003490	CARP17	0031477	88	0833266 0851403 0911218 0911598 0990668 0993566 1005720 1044561 1053370 1056217 1090564 1090933 1157688 
002396	TH110	0020988	241	150	0845664 0899767 0993169 
004356	EHIII	1063561	88	0845664 0871255 0897091 0901481 0914599 1007196 1025845 1067382 1076234 1076783 1086867 1105842 1149565 3070648 
007041	CARP21	0162976	242	245	0847304 0858864 0865582 0887478 0903035 0914916 0999712 1019674 1076246 1076922 1084185 
003001	TH224	0375562	21	0847790 0865667 0887647 0894845 0900240 0903229 0905453 0911775 0911807 0918074 0967988 0986262 0987600 1001894 1002241 1003476 1008387 1021751 1025522 1034405 1047318 1056963 1058048 1065654 1067724 1067862 1078819 1080792 1086916 
003009	TAYG	0031406	247	62	0847790 0875055 0887647 0907063 0910056 0911775 0913466 0987600 1002241 1023923 1034405 1047318 1056722 1058048 1064780 1076776 1077294 1078819 
008421	CARP21	0132890	249	42	0847790 0972633 0991120 1006405 1009104 1009729 1064270 1066431 1067724 1079614 1080757 1084017 1088192 1088785 1092187 1101336 1101350 1104151 1104669 1105842 1117142 1143265 1149565 1170757 3068772 3069038 3077064 3078073 3085509 
001771	EHI	1165592	243	244	0847932 1004225 1077815 3074734 
001161	DAL112	0031388	242	245	0848150 0848680 0852109 0903917 0906635 0972861 1007554 1007842 1025508 1064790 1065781 1088882 1137955 
004299	PK259	1165566	241	150	0848150 0901539 0966268 
001181	DAL112	0031471	243	244	0848492 0902541 0914260 0917702 0992189 1007842 1077417 
008764	PK338	0428728	245	244	0918775 0945959 0988826 0998815 1002036 1007348 1020150 1024213 1025623 1067460 1078648 1079268 1084321 1087938 1088365 1093044 1100536 1100537 1101336 1104151 1122784 1129708 1160614 1169382 3068369 3070344 3071313 3073066 3074930 3079376 3085509 
007391	DAL318	0031631	243	15	0848680 0861180 0906635 0914076 0919158 1002036 
007403	DAL318	0031611	241	150	0848680 0861391 0892236 0896476 0899135 1002036 1002047 1003128 1015706 1077413 
001750	GOB	0416447	241	161	0848773 0910834 0915622 0918195 0967532 1038671 1067334 1088173 1160885 
004885	TH111	0672202	88	0849713 0907218 0911347 0912699 0913946 0919776 0920251 0970262 0988631 1007348 1020727 
003568	EHI	0031353	242	245	0850382 0889384 0901570 0902217 0907248 0907665 0910725 1004997 1017760 
001572	ARNST	3093377	241	150	0850607 0852608 0885910 0899292 0907063 0918153 0988631 0989395 
010841	CARP25	1084458	242	245	0851111 0851112 0851684 0897931 0905453 0911598 0973811 1037338 1058893 1102723 3074551 
005723	PK349	0984701	19	0851310 0904719 1017492 1018183 1039831 1056857 1060299 1077874 1083430 1083812 1101031 1104216 1116377 1141729 1150758 1157047 3068712 3071015 3072867 3074734 3074936 3077809 3081061 3082398 3085504 
003485	TAYE	0024092	19	0851403 0873190 0902217 0967793 0971315 0991213 0993566 1017760 1018817 1040868 1044561 1063875 1065148 1065732 1067241 1076437 1078413 1086329 1086802 1087782 1096470 1157688 1159063 3068369 3071313 3078465 
006588	PK338	0777265	243	244	0851545 0852109 0858181 0883488 0904719 
001425	PK154	0020093	88	0851684 0901262 1077257 1082919 1171002 
004734	PK338	1084458	243	244	0851684 0865645 1058893 1076877 1094520 3069337 3074551 
006561	RCSEM	0031478	88	0852109 0904719 0985440 1005346 1021017 1025522 
004372	PK338	0138190	241	150	0852148 0865667 
003004	TAYG	1083868	15	16	0853174 0908862 0911807 1004997 1005059 1008967 1024283 1025522 1025623 1056963 1065654 1068383 1081917 1142227 1146782 3072477 3077471 3077472 
003027	PK232	0375562	88	0853174 0919772 0967988 0986262 1000895 
003448	TH102	0031359	16	159	0853988 0906035 0945959 0958879 0988271 0991213 1020478 1025379 1039679 1042335 1056320 1066778 1084363 1100383 1145146 3069991 3073169 3076618 
003454	EHSEM	0599596	88	0853988 0883015 0901539 1005451 1020478 1035148 1039943 1064385 1066335 1079444 1081939 1085061 1170860 3074734 
010858	PEMSTD	3094084	241	150	0856959 0959337 
001769	EHIII	3099830	15	16	0858181 0859186 0904540 0911856 0915622 1003100 1037541 1040618 1066683 1085631 1098210 3071094 
001474	TH111	0020093	241	150	0858527 0869484 0876307 0896036 0901732 
008437	TAYE	3103116	244	161	0858864 0865582 0967042 
005138	PK338	0031560	241	150	0858872 0898741 0917883 
003552	EHSEM	0897706	241	150	0858924 0896979 0908461 0915006 0956475 0965925 0990668 0995269 0998815 1003389 1004997 1005720 1078413 
006024	PK338	0301909	21	0859231 0907155 0987937 0988263 0992796 1018271 1020370 1020695 1023923 1030369 1056096 1056738 1059469 1059572 1064752 1065148 1068549 1076299 1076776 1078896 1079363 1079366 1079564 1079771 1080653 1081101 1082315 1084057 1084462 1086927 1087782 1088690 1089147 1090933 1092116 1095596 1096152 1096470 1096822 1097648 1099059 1100536 1100537 1100899 1104216 1111549 1116377 1116854 1117320 1131189 1134358 1139392 1141220 1143228 1143639 1146370 1149616 1150699 1157047 1160158 1160885 1169257 1170703 1170757 1171414 3067556 3072484 3073357 3073666 3073692 3074167 3074570 3075745 3076211 3077472 3079376 3080595 3085504 3085509 
004872	CARP17	0989327	243	244	0859310 0899292 0918153 0918519 0970262 1041981 1047339 1067726 
005741	CARP15	0031392	88	0859310 0874063 1169968 3068353 
006019	PK349	1167858	243	244	0859409 1020083 1080303 1088636 1142212 3070440 3085521 
008803	TAYE	0576472	242	245	0859564 0869575 0959337 1006744 1010175 1076854 1080398 
005217	PK328	0493856	88	0860204 0865582 0902541 0903035 0960084 1004968 1029566 1057779 1076922 1149270 
009272	EHSEM	1063157	243	244	0860257 0867801 0888075 0910403 0991213 1008387 1017412 1029566 1044791 1045379 1066778 3080937 
002638	CAN314	1167917	242	245	0860497 0860663 0907151 0999733 1001394 1005199 1077963 
002929	PK259	0031332	20	0860497 0901961 1077963 
007099	EHI	0028980	88	0860532 0867494 0888735 0896287 0903436 0904003 0960068 0966414 0985094 0988245 1001196 1006899 1007134 3085644 
004010	PK229	0030564	20	0860659 0901703 1005082 1008282 1010741 1030693 1065646 1066431 1067748 1067862 1068549 1076783 1078646 1078655 1080272 1084057 1093549 1096822 1098210 1103391 1122905 1129814 1131189 1136830 1139392 1149616 1159063 1170757 1171461 3071151 3072910 3073169 3074001 3078465 
005243	CARP25	3094620	14	17	0861391 0861815 1005112 1057592 1103391 
001844	EHLEC	0826942	19	0861504 0862152 0899636 0901409 0903917 0906963 0911936 0915652 1010643 1016462 1017832 1019674 1035148 1045379 1056096 1057004 1057520 1065781 1066309 1066778 1077380 1080894 1082150 
005864	PK338	0467475	242	245	0861648 
002178	PK354	0180723	14	17	0861690 0884876 0886763 0888075 
005141	TAYC	1137952	14	17	0865582 0869670 0903035 0998799 1020520 1039679 1057004 1096822 1119989 1170303 
005853	PEMSTD	0467475	88	0865645 1039831 1100129 1157047 
002163	PK354	0168378	15	16	0866299 0868382 0904506 0917334 0918009 0919283 0946010 0952783 0954641 0959189 0960037 0960084 0966094 0972660 0972861 0988625 1002045 1002767 1008925 1036225 1080648 
002166	TAYG	0428815	18	0866299 0868382 0917334 0918009 0919283 0946010 0952783 0954641 0959189 0960037 0960084 0966094 0972660 0972861 0988625 0993929 1002045 1002767 1008925 1036225 1080648 
007049	CARP21	0893542	241	150	0867165 0869670 
005725	EHI	0984701	20	0867801 0988657 1001394 1003644 1044791 1053370 1056203 1058242 1064148 1064385 1064605 1076854 1088192 1096113 
009271	EHLEC	0058557	247	62	0868309 0879882 0901570 0904752 0906035 0910403 0956475 0965925 0972633 0990668 1005720 1021017 1053370 1056217 1065238 1079444 1081939 1096113 1105086 1139392 1143290 1169331 1170860 
004360	TAYB	0847593	243	244	0868541 0900525 0965925 1005315 1036027 1054176 1055348 1056600 1062675 1068109 1084334 1104356 1116854 1117142 1139478 3064940 3078073 
005199	PK278	3090017	18	0869575 0907596 0909240 0915648 0952594 0956475 0971073 1009559 1057004 1058058 1064148 1076238 1086710 1087938 1119989 1131918 1137955 1170370 1171461 1172030 
005248	TAYC	3090017	244	161	0869670 0909216 0915648 0971073 1003389 1005412 1172030 
007093	PK227	0028980	18	0870907 0887647 0890945 0898741 0903229 0904347 0905351 0918074 0919776 0920237 0920251 0967793 0986688 1027597 1056203 1083812 
010861	DAL100A	0406445	243	244	0871255 0881793 0903917 0915652 1025508 
007923	RCCON	0031539	242	245	0872721 0887877 0901703 1040874 1100383 
007926	PK338	0217682	241	150	0872721 0887877 0890665 
003011	PK354	1083868	18	0875055 0904506 0908862 0919772 0966414 1001894 1003476 1008387 1021751 1025629 1067724 1068383 1077482 1078648 1078836 1086916 1094929 1095349 1139392 3073143 3085644 
010851	PK349	1167858	241	150	0875055 0892458 0896287 0899419 0908862 0911598 0945449 0954641 1005112 1020520 
010844	TAYF	0409737	242	245	0880639 0884876 0909662 0914509 0945449 1018936 
001881	PK229	0056992	241	150	0882323 0908164 1002045 
002464	ROSTUD	3090482	241	150	0882728 0903191 0914509 1001806 1082905 
009273	EHSEM	1084371	19	0883015 0887398 0898872 0906035 0915006 0952008 0965927 0967532 0988271 0995269 1015256 1038303 1085631 
003517	PK227	0995587	88	0887308 0908461 0918195 0945034 0965925 0988271 0988657 0991756 1025379 
004832	PK338	0053518	243	244	0887398 0947693 0989401 1056217 1064385 1076854 1084017 
002675	RCCON	0468281	241	150	0887478 0991756 0999833 1040618 1076085 3080937 
009359	RCCON	0031386	243	244	0887877 0890665 0911218 
006874	PK154	1167884	242	245	0889210 0958186 0989432 0991769 1008387 1057535 
009225	EHI	1165592	14	17	0889858 0901539 1059654 1084363 1092116 1158026 1160658 1169360 1170470 3073004 
004666	DAL112	0775640	88	0892236 1002767 1005068 1065183 
001449	TH111	0031403	242	245	0896036 0917702 0950504 1007196 1056281 1083627 1169968 
003034	TAYSEM	3093799	241	150	0897101 
007878	PK264	0031386	88	0898741 1021751 1034405 1073544 1080272 1096152 1146370 1158026 3078500 
004279	PK200	0529112	243	244	0901539 1056096 
004281	PK259	3092832	242	245	0901539 1076299 1078508 
008812	EHIII	0576472	20	0902118 0904347 0907218 0918074 0919158 0920095 0986688 1006899 1015256 1024315 1047318 1076274 1172397 
003464	EHI	0599596	241	150	0902226 0907150 0918775 1010643 1039868 1053370 1065238 1076274 
001560	PK338	0031333	241	150	0903633 
005203	TAYC	3090017	243	160	0905453 0906618 0907596 0952594 0988631 1004324 1032929 1056270 1066683 1076783 1077003 1084462 3070648 
010867	CARP25	3102373	243	244	0905954 0909675 0948390 1003539 1142418 1170567 
003406	PK154	0897399	20	0906085 1066308 1066335 1093044 1169257 3076576 
006509	PK338	0127086	241	243	0906362 0911936 0998799 1008925 1021017 1025522 1030683 1170860 
007040	CARP21	0162976	15	16	0913115 0914916 0918074 0920237 0966414 0976421 0987600 0993790 1001394 1004968 1005427 1007882 1023923 1067483 1067862 1068052 1068109 1076246 1076776 1076922 1077294 1078648 1081006 1083626 1083812 1094134 3085403 
007060	GIL210	0031573	241	150	0906738 0913115 0981989 
006045	PK328	0031526	241	150	0907914 
007365	TH110	0603646	246	248	0908461 0966414 1003644 1019025 1030683 1030693 1032769 1056270 1056320 1056600 1059654 1059677 1060299 1066431 1076274 1079085 1079363 1082315 1082907 1084363 1088690 1088972 1093549 1094520 1095717 1095814 1100536 1100537 1101336 1102030 1104498 1122784 1126492 1129708 1134015 1137955 1142227 1143723 1144234 1145146 1149270 1149344 1149565 1150720 1150758 1160614 1161132 1169331 1169360 1169402 1170033 1171002 1171461 3064977 3068772 3069337 3069991 3070438 3071015 3071313 3072293 3073300 3073357 3074167 3078408 3086238 
006034	PK349	0207327	246	248	0908862 0909240 0918064 0952008 0967988 1002405 1002729 1005082 1006438 1008387 1025629 1025644 1036027 1049929 1058223 1064780 1065796 1067334 1068052 1076989 1077161 1077482 1143290 
005191	TH102	1137952	241	150	0909216 0919776 1067297 1104151 1141220 1141729 
006504	PK229	0777265	15	16	0909216 0988990 0989520 0991668 1004324 1005346 1005451 1007952 1030683 1067251 1067297 1076238 1076854 1077874 1078655 1079993 1096113 1099662 1101406 1103391 1131918 1158007 1160658 1170860 3073384 3082398 
006031	DAL204	0213446	20	0909240 0909942 0952783 0958492 0987347 0987600 1000355 1001905 1002729 1004968 1006438 1006444 1020370 1024283 1025644 1036027 1037541 1055348 1056722 1057535 1058048 1064780 1068052 1068383 1076009 1081249 1081917 1088365 1088384 1092999 1100129 1117142 1129708 1143290 1150965 1158007 1169341 1169402 1171297 3068712 3069264 3070406 3072208 3072477 3072594 3074023 3075188 3076930 3077471 
008774	TAYF	0899465	243	244	0910056 1056688 1102530 1131918 3068772 3069264 3073138 3073702 
001552	PEMSTD	0129398	243	244	0910834 0916595 0918009 3075745 
007906	RCSEM	0031539	241	150	0911218 
009320	CARP13	0031478	242	245	0913115 0920261 0988990 1007952 
002636	GIL101	1167917	88	0913466 1017339 1017412 1019006 1026650 1058893 1062675 1064752 1066683 1094134 1126492 1126639 1142227 1143265 1145146 1170848 3065039 
007374	DAL318	0987494	14	17	0914076 0919158 0963413 1003100 1003128 1004324 1008282 1056600 1067377 1083080 1104498 3072910 
010847	GIL101	1168489	249	42	0916427 0952008 0976421 0981989 0993790 1001196 1004733 1007458 1018857 1025644 1047318 1078508 1087081 1146215 
004034	TAYC	0031486	242	245	0919772 0965927 1039831 1065271 1081939 3080198 
001424	CARP15	0024663	14	17	0947693 1010741 1095157 1117264 1140609 1169968 1172355 3073138 3073357 3074551 
001768	RCSEM	0027799	21	0952594 0987613 0988826 0993566 0995269 1003100 1018817 1024213 1058180 1095349 
002153	PK338	0986606	242	245	0959092 0987937 1001613 1005059 1010643 1017492 1017832 1029737 1045379 1055078 1055348 1056980 1059469 1059572 1064605 1064752 1065148 1066309 1077161 1079366 1079771 1080303 1081101 1082150 1082315 1082907 1083594 1084057 1085106 1088558 1088785 1090933 1097648 1099059 1101406 1104216 1111549 1116854 1117320 1119989 1131189 1133174 1134358 1139478 1142418 1143639 1143723 1146782 1150699 1150965 1158007 1160158 1160658 1169962 1170303 1171414 3064940 3068712 3073692 3074734 3078073 3080595 3085521 
002932	CARP13	1168430	241	150	0959092 0999195 1046086 1077963 1094929 
008780	GIL101	0431786	14	17	0960037 0993566 1018252 1025629 1025845 1076274 1078508 1080149 1081006 1086802 1088690 1128560 1146215 1172397 3071734 3078408 
009363	TAYE	0125630	241	243	0967042 0971073 0972633 0976318 0988245 1009104 
005122	PK338	0031560	244	161	0976318 1041559 
006524	PK227	0127086	14	17	0986262 1055078 1067251 3082398 
003274	DAL105	3094764	242	245	0988100 0988245 1003128 1015275 1041140 1056203 1056600 1066335 
002409	ARNST	0697660	88	0991672 0998351 1005315 1019025 1023494 1034578 1055640 1058242 1082905 1104356 
001427	RCSEM	0031632	19	0993169 0999195 1017840 1068052 1077257 1082919 1083627 1086927 1172355 3074551 
005286	TH224	0493856	242	245	0999833 1054176 1057592 
007882	RCCON	0742958	14	17	1001905 1002241 1039943 1040045 1040618 1046439 1047318 1058048 
002395	ROSTUD	3093827	14	17	1005102 1019674 1019827 1034578 1065945 
002564	PK232	1167856	243	244	1006438 1017339 1080653 1171297 
006849	PK337	3092559	245	14	1009729 1049299 1100129 1159063 1160885 1171297 3071151 
003426	EHII	1084371	244	161	1018174 1077003 3070090 
006510	CARP13	0031621	14	17	1024283 1076877 
005846	CAN314	0031416	243	244	1028249 1089147 1119989 1140609 3072293 
003407	EHSEM	1051448	242	17	1067382 1171297 3075188 
007888	RCSEM	0217682	242	245	1076085 
005120	TAYSEM	0031560	14	17	1080653 1088173 1088384 1111549 1131918 1169257 3084099 
