Course	Room	Teacher	Time	Students
013176	CARP15	0995587	278	3425114 3788919 3813457 3634695 3823438 3844962 3612203 3768458 3521265 3559900 3818675 3829442 3668817 3797643 
013176	CARP15	0995587	279	3425114 3788919 3813457 3634695 3823438 3844962 3612203 3768458 3521265 3559900 3818675 3829442 3668817 3797643 
006026	PK338	0213446	278	3544262 3551641 3580389 3591211 3651365 3652276 3692761 3693185 3675467 3561229 3768034 3796974 3816181 3819309 3668420 3764422 3699593 3581605 3513947 3521461 3540124 3579723 3611048 3651486 3655428 3676165 3716057 3790792 3790825 3816970 3820395 3668916 3668978 3797594 3797623 3797660 3797748 3797750 3910744 
006026	PK338	0213446	279	3544262 3551641 3580389 3591211 3651365 3652276 3692761 3693185 3675467 3561229 3768034 3796974 3816181 3819309 3668420 3764422 3699593 3581605 3513947 3521461 3540124 3579723 3611048 3651486 3655428 3676165 3716057 3790792 3790825 3816970 3820395 3668916 3668978 3797594 3797623 3797660 3797748 3797750 3910744 
006026	PK338	0213446	243	3544262 3551641 3580389 3591211 3651365 3652276 3692761 3693185 3675467 3561229 3768034 3796974 3816181 3819309 3668420 3764422 3699593 3581605 3513947 3521461 3540124 3579723 3611048 3651486 3655428 3676165 3716057 3790792 3790825 3816970 3820395 3668916 3668978 3797594 3797623 3797660 3797748 3797750 3910744 
005723	TH116	3648007	280	3788919 3915044 3839910 3930614 3711406 3819380 3911124 3668378 3914166 3820745 3929864 3931889 3693921 3915332 3901484 3597302 3717144 3827187 3829442 3834370 3901669 3903909 3914676 3903986 3576002 
005723	TH116	3648007	281	3788919 3915044 3839910 3930614 3711406 3819380 3911124 3668378 3914166 3820745 3929864 3931889 3693921 3915332 3901484 3597302 3717144 3827187 3829442 3834370 3901669 3903909 3914676 3903986 3576002 
001213	DAL10	3577228	278	3820397 3580259 3574483 3574563 3580586 3518231 3797164 3695539 3581830 3651293 3580714 3483511 3574866 3516442 3558796 3559843 3560256 3580991 3692756 3561772 
001213	DAL10	3577228	279	3820397 3580259 3574483 3574563 3580586 3518231 3797164 3695539 3581830 3651293 3580714 3483511 3574866 3516442 3558796 3559843 3560256 3580991 3692756 3561772 
015513	DAL2	3996563	26	3820397 3580259 3576231 3797576 3929165 3518231 3788983 3498772 3695539 3540190 3764422 3558796 3559537 3611048 3668365 3692756 3537536 3579181 3910480 3910496 3910729 
015513	DAL2	3996563	244	3820397 3580259 3576231 3797576 3929165 3518231 3788983 3498772 3695539 3540190 3764422 3558796 3559537 3611048 3668365 3692756 3537536 3579181 3910480 3910496 3910729 
002929	TH129	3995790	278	3914820 3818782 3903833 3901004 3820774 3820587 3716357 3820491 3820971 3576361 3910586 
002929	TH129	3995790	279	3914820 3818782 3903833 3901004 3820774 3820587 3716357 3820491 3820971 3576361 3910586 
004807	TAYB	3326005	75	3699561 3797576 3913159 3929810 3913786 3692862 3824908 3848415 3432357 3816180 3816860 3823092 3823192 3579645 3674492 3995730 3914822 
004276	PK25	1165566	245	3821162 3580259 3914754 3488858 3668378 3823271 3902667 3910870 3653119 3930683 3579645 3823391 3694828 3716057 3914676 3668831 3684090 3695271 3910497 3910595 3929572 4086249 4086301 4086311 4086333 
004276	PK25	1165566	246	3821162 3580259 3914754 3488858 3668378 3823271 3902667 3910870 3653119 3930683 3579645 3823391 3694828 3716057 3914676 3668831 3684090 3695271 3910497 3910595 3929572 4086249 4086301 4086311 4086333 
006045	PK243	0207327	278	3492423 3503382 3559534 3575916 3577485 3578252 3578804 3581135 3631215 3651243 3667273 3691416 3692098 3692771 3820030 3821393 3478356 3651499 3651605 3690361 3789055 3475959 3580584 3492361 3691981 3820032 3650596 3694417 3821439 3789493 3581077 3715155 3691575 3695554 3462565 3574519 3629518 3581282 3487429 3555932 3574873 3576879 3581375 3694236 3695368 3797331 3578842 3581952 3576002 3820257 3580114 3669022 
006045	PK243	0207327	279	3492423 3503382 3559534 3575916 3577485 3578252 3578804 3581135 3631215 3651243 3667273 3691416 3692098 3692771 3820030 3821393 3478356 3651499 3651605 3690361 3789055 3475959 3580584 3492361 3691981 3820032 3650596 3694417 3821439 3789493 3581077 3715155 3691575 3695554 3462565 3574519 3629518 3581282 3487429 3555932 3574873 3576879 3581375 3694236 3695368 3797331 3578842 3581952 3576002 3820257 3580114 3669022 
006045	PK243	0207327	243	3492423 3503382 3559534 3575916 3577485 3578252 3578804 3581135 3631215 3651243 3667273 3691416 3692098 3692771 3820030 3821393 3478356 3651499 3651605 3690361 3789055 3475959 3580584 3492361 3691981 3820032 3650596 3694417 3821439 3789493 3581077 3715155 3691575 3695554 3462565 3574519 3629518 3581282 3487429 3555932 3574873 3576879 3581375 3694236 3695368 3797331 3578842 3581952 3576002 3820257 3580114 3669022 
005846	TH102	3176705	214	3930841 3581315 3692164 3759092 3929954 3758075 3844962 3913807 3464954 3690445 3824908 3798513 3768458 3818746 3650225 3816992 3790306 
005846	TH102	3176705	115	3930841 3581315 3692164 3759092 3929954 3758075 3844962 3913807 3464954 3690445 3824908 3798513 3768458 3818746 3650225 3816992 3790306 
014570	PK180	0409956	24	3631215 3930841 3789175 3907037 3929704 3839910 3930674 3910185 3795919 3813457 3851345 3816108 3820858 3901790 3903861 3914344 3915043 3930042 3930544 3930831 3790857 3833378 3845742 3902905 3910848 3913671 3914502 3834985 3902439 3858042 3722764 3799593 3913164 3915088 3652353 3816483 3930025 3648550 3930070 3930608 3823094 3911054 3915054 3823391 3902404 3788616 3854723 3513947 3606418 3768515 3821097 3843290 3858715 3860357 3902911 3906818 3913863 3914696 3912597 3930865 3915203 3517604 3797694 4086403 4086471 
014570	PK180	0409956	22	3631215 3930841 3789175 3907037 3929704 3839910 3930674 3910185 3795919 3813457 3851345 3816108 3820858 3901790 3903861 3914344 3915043 3930042 3930544 3930831 3790857 3833378 3845742 3902905 3910848 3913671 3914502 3834985 3902439 3858042 3722764 3799593 3913164 3915088 3652353 3816483 3930025 3648550 3930070 3930608 3823094 3911054 3915054 3823391 3902404 3788616 3854723 3513947 3606418 3768515 3821097 3843290 3858715 3860357 3902911 3906818 3913863 3914696 3912597 3930865 3915203 3517604 3797694 4086403 4086471 
014570	PK180	0409956	75	3631215 3930841 3789175 3907037 3929704 3839910 3930674 3910185 3795919 3813457 3851345 3816108 3820858 3901790 3903861 3914344 3915043 3930042 3930544 3930831 3790857 3833378 3845742 3902905 3910848 3913671 3914502 3834985 3902439 3858042 3722764 3799593 3913164 3915088 3652353 3816483 3930025 3648550 3930070 3930608 3823094 3911054 3915054 3823391 3902404 3788616 3854723 3513947 3606418 3768515 3821097 3843290 3858715 3860357 3902911 3906818 3913863 3914696 3912597 3930865 3915203 3517604 3797694 4086403 4086471 
015666	TH104	3900232	280	3430527 3795919 3458065 3576753 3901254 3699593 3911054 3816860 3852806 3910343 3792443 
015666	TH104	3900232	281	3430527 3795919 3458065 3576753 3901254 3699593 3911054 3816860 3852806 3910343 3792443 
013613	DAL300	0492580	24	3695510 3498974 3789055 3821588 3821571 3797429 3821044 3817637 3820405 3613455 3821008 3649880 3690778 3819598 3821359 3578842 3789806 3820971 4093446 3668880 3797597 3797604 3910466 3910468 3910491 3910516 3910543 3910580 3910599 3910624 3910652 3910670 3910695 3910718 3910735 
013613	DAL300	0492580	22	3695510 3498974 3789055 3821588 3821571 3797429 3821044 3817637 3820405 3613455 3821008 3649880 3690778 3819598 3821359 3578842 3789806 3820971 4093446 3668880 3797597 3797604 3910466 3910468 3910491 3910516 3910543 3910580 3910599 3910624 3910652 3910670 3910695 3910718 3910735 
013613	DAL300	0492580	75	3695510 3498974 3789055 3821588 3821571 3797429 3821044 3817637 3820405 3613455 3821008 3649880 3690778 3819598 3821359 3578842 3789806 3820971 4093446 3668880 3797597 3797604 3910466 3910468 3910491 3910516 3910543 3910580 3910599 3910624 3910652 3910670 3910695 3910718 3910735 
005739	CARP15	3392421	280	0468326 3817048 3481664 3577682 3650256 3599497 3668766 3669004 3870878 3910646 
005739	CARP15	3392421	281	0468326 3817048 3481664 3577682 3650256 3599497 3668766 3669004 3870878 3910646 
015674	DAL25	1051497	278	3711406 3930253 3914498 3505185 3510878 3580139 3606293 3655749 3668623 3694433 3851907 3929651 3720506 
015674	DAL25	1051497	279	3711406 3930253 3914498 3505185 3510878 3580139 3606293 3655749 3668623 3694433 3851907 3929651 3720506 
015675	TAYC	0431946	26	3651243 3711406 3483546 3930253 3914498 3505185 3510878 3580139 3606293 3655749 3668623 3694433 3851907 3929651 3720506 3797679 
015675	TAYC	0431946	24	3651243 3711406 3483546 3930253 3914498 3505185 3510878 3580139 3606293 3655749 3668623 3694433 3851907 3929651 3720506 3797679 
015676	TAYF	0851717	243	3711406 3930253 3914498 3505185 3510878 3580139 3606293 3655749 3668623 3694433 3851907 3929651 3720506 
015676	TAYF	0851717	244	3711406 3930253 3914498 3505185 3510878 3580139 3606293 3655749 3668623 3694433 3851907 3929651 3720506 
015676	TAYF	0851717	245	3711406 3930253 3914498 3505185 3510878 3580139 3606293 3655749 3668623 3694433 3851907 3929651 3720506 
007128	DAL212A	0162976	280	3581207 3460718 3560199 3796230 3518231 3510878 3483954 3570123 3581192 3487623 3690445 3561402 3577795 3559645 3581995 3581038 3516442 3559624 3568950 3581249 3542887 3692609 3463919 
007128	DAL212A	0162976	281	3581207 3460718 3560199 3796230 3518231 3510878 3483954 3570123 3581192 3487623 3690445 3561402 3577795 3559645 3581995 3581038 3516442 3559624 3568950 3581249 3542887 3692609 3463919 
004048	TAYC	0031578	245	3460718 3581786 3585962 3699613 3768034 3905715 3559657 3558800 3705083 3561402 3692187 3598090 3465332 3578963 3584557 3692849 3561098 3599497 3668816 3668882 
004048	TAYC	0031578	246	3460718 3581786 3585962 3699613 3768034 3905715 3559657 3558800 3705083 3561402 3692187 3598090 3465332 3578963 3584557 3692849 3561098 3599497 3668816 3668882 
002368	TAYE	1051497	243	3915044 3819380 3498974 3821440 3671929 3708638 3758045 3905885 3820963 3464954 3902667 3817419 3915332 3930683 3914724 3914814 3768025 3818805 3822122 3823278 3903909 3904101 3928911 3929241 3929800 3930137 3792406 3668831 3668923 3668972 3689944 3822886 3910466 3910503 3910563 3910690 3910721 3910741 4086260 4086320 4086333 4086433 4086488 
002368	TAYE	1051497	26	3915044 3819380 3498974 3821440 3671929 3708638 3758045 3905885 3820963 3464954 3902667 3817419 3915332 3930683 3914724 3914814 3768025 3818805 3822122 3823278 3903909 3904101 3928911 3929241 3929800 3930137 3792406 3668831 3668923 3668972 3689944 3822886 3910466 3910503 3910563 3910690 3910721 3910741 4086260 4086320 4086333 4086433 4086488 
015106	DAL6	3208421	278	3498974 3533093 3651412 3560193 3540190 3479534 3653119 3690346 3689919 3692380 3820010 3693280 3694481 3931474 3668849 3668895 3797645 3797692 3797819 3797833 
015106	DAL6	3208421	279	3498974 3533093 3651412 3560193 3540190 3479534 3653119 3690346 3689919 3692380 3820010 3693280 3694481 3931474 3668849 3668895 3797645 3797692 3797819 3797833 
015406	CARP17	0024092	278	3506324 3694101 3652473 3462019 3549052 3547282 3474374 3690204 3668800 3668810 3797777 
015406	CARP17	0024092	279	3506324 3694101 3652473 3462019 3549052 3547282 3474374 3690204 3668800 3668810 3797777 
001899	PK227	0409956	280	3529298 3581232 3480999 3560167 3470846 3558739 3426943 3470393 3521461 3543742 3576260 3581920 3650277 3472549 3668966 
001899	PK227	0409956	281	3529298 3581232 3480999 3560167 3470846 3558739 3426943 3470393 3521461 3543742 3576260 3581920 3650277 3472549 3668966 
001899	PK227	0409956	26	3529298 3581232 3480999 3560167 3470846 3558739 3426943 3470393 3521461 3543742 3576260 3581920 3650277 3472549 3668966 
007393	DAL25	0987494	244	3529298 3574137 3620017 3693286 3796237 3768356 3796723 3581609 3667676 3821008 3677885 3693219 3774116 3817260 3694754 3575309 3797650 
007393	DAL25	0987494	245	3529298 3574137 3620017 3693286 3796237 3768356 3796723 3581609 3667676 3821008 3677885 3693219 3774116 3817260 3694754 3575309 3797650 
007393	DAL25	0987494	246	3529298 3574137 3620017 3693286 3796237 3768356 3796723 3581609 3667676 3821008 3677885 3693219 3774116 3817260 3694754 3575309 3797650 
012291	PK10	0409956	278	3529298 3596713 3668196 3561074 3785953 3930864 3608097 3480867 3789573 3578673 3668789 3668893 3668925 3797625 
012291	PK10	0409956	279	3529298 3596713 3668196 3561074 3785953 3930864 3608097 3480867 3789573 3578673 3668789 3668893 3668925 3797625 
012291	PK10	0409956	243	3529298 3596713 3668196 3561074 3785953 3930864 3608097 3480867 3789573 3578673 3668789 3668893 3668925 3797625 
001249	DAL10	3577228	280	3580259 3574483 3574563 3575735 3485756 3581830 3580714 3483511 3574866 3521272 3540124 3557478 3559843 3559963 3560858 3576126 3580991 3537536 3538400 3561772 
001249	DAL10	3577228	281	3580259 3574483 3574563 3575735 3485756 3581830 3580714 3483511 3574866 3521272 3540124 3557478 3559843 3559963 3560858 3576126 3580991 3537536 3538400 3561772 
011223	PK328	0207327	280	3692771 3581980 3462565 3561084 3581952 3628726 3580114 
011223	PK328	0207327	281	3692771 3581980 3462565 3561084 3581952 3628726 3580114 
011223	PK328	0207327	26	3692771 3581980 3462565 3561084 3581952 3628726 3580114 
009304	CARP17	1137952	280	3581981 3493764 3580671 3695542 3581247 3690516 3693092 3667677 3559462 3667381 3667654 3668538 
009304	CARP17	1137952	281	3581981 3493764 3580671 3695542 3581247 3690516 3693092 3667677 3559462 3667381 3667654 3668538 
001766	EHIII	3998659	243	3699561 3600785 3694101 3544945 3816708 3599090 3900952 3578177 3610681 3857764 3544254 
001766	EHIII	3998659	271	3699561 3600785 3694101 3544945 3816708 3599090 3900952 3578177 3610681 3857764 3544254 
007375	TH224	0820103	280	3600785 3651750 3821088 3789136 3796723 3691616 3699613 3651487 3816104 3612623 3667385 3692187 3818746 3581149 3645720 3693433 3712913 3728679 3774116 3797192 3817682 3820479 3578673 3668790 3668818 3668959 3669029 3669047 3797619 3797630 3797632 3797714 3797774 3797803 3910507 3910583 3910651 
007375	TH224	0820103	281	3600785 3651750 3821088 3789136 3796723 3691616 3699613 3651487 3816104 3612623 3667385 3692187 3818746 3581149 3645720 3693433 3712913 3728679 3774116 3797192 3817682 3820479 3578673 3668790 3668818 3668959 3669029 3669047 3797619 3797630 3797632 3797714 3797774 3797803 3910507 3910583 3910651 
007375	TH224	0820103	26	3600785 3651750 3821088 3789136 3796723 3691616 3699613 3651487 3816104 3612623 3667385 3692187 3818746 3581149 3645720 3693433 3712913 3728679 3774116 3797192 3817682 3820479 3578673 3668790 3668818 3668959 3669029 3669047 3797619 3797630 3797632 3797714 3797774 3797803 3910507 3910583 3910651 
015665	CARP15	3318436	245	3544262 3600785 3619323 3630915 3634695 3818686 3602435 3652373 3579143 3483036 3544254 3575769 3820958 
015665	CARP15	3318436	246	3544262 3600785 3619323 3630915 3634695 3818686 3602435 3652373 3579143 3483036 3544254 3575769 3820958 
006546	BYC100	0031478	278	3648970 3820378 3694798 3668820 3797760 
006546	BYC100	0031478	279	3648970 3820378 3694798 3668820 3797760 
015679	TH111	0247216	243	3689931 3397771 3692852 3995719 3581907 3693565 3694741 3519499 
015679	TH111	0247216	26	3689931 3397771 3692852 3995719 3581907 3693565 3694741 3519499 
006031	PK243	3839982	58	3914820 3768303 3678357 3929235 3930678 3930817 3769368 3790857 3796906 3819177 3822912 3848104 3905871 3929679 3668378 3691783 3759337 3914813 3819196 3820745 3904251 3692862 3816486 3823387 3602816 3821044 3821179 3930054 3821958 3930296 3956133 3613455 3930047 3695643 3901413 3905460 3930083 3578747 3649880 3651465 3710476 3788990 3817507 3821077 3821554 3824188 3846920 3850568 3929237 3929894 3847728 3904645 3929979 4093446 3908117 3360165 3797728 3910466 3910468 3910587 3910700 3910735 4086373 4093813 
006031	PK243	3839982	128	3914820 3768303 3678357 3929235 3930678 3930817 3769368 3790857 3796906 3819177 3822912 3848104 3905871 3929679 3668378 3691783 3759337 3914813 3819196 3820745 3904251 3692862 3816486 3823387 3602816 3821044 3821179 3930054 3821958 3930296 3956133 3613455 3930047 3695643 3901413 3905460 3930083 3578747 3649880 3651465 3710476 3788990 3817507 3821077 3821554 3824188 3846920 3850568 3929237 3929894 3847728 3904645 3929979 4093446 3908117 3360165 3797728 3910466 3910468 3910587 3910700 3910735 4086373 4093813 
006031	PK243	3839982	59	3914820 3768303 3678357 3929235 3930678 3930817 3769368 3790857 3796906 3819177 3822912 3848104 3905871 3929679 3668378 3691783 3759337 3914813 3819196 3820745 3904251 3692862 3816486 3823387 3602816 3821044 3821179 3930054 3821958 3930296 3956133 3613455 3930047 3695643 3901413 3905460 3930083 3578747 3649880 3651465 3710476 3788990 3817507 3821077 3821554 3824188 3846920 3850568 3929237 3929894 3847728 3904645 3929979 4093446 3908117 3360165 3797728 3910466 3910468 3910587 3910700 3910735 4086373 4093813 
008484	DAL1	3420576	280	3790492 3580346 3663306 3709927 3655749 3678350 3510665 3530220 3578036 3632103 3691140 3764207 3666207 3668936 
008484	DAL1	3420576	281	3790492 3580346 3663306 3709927 3655749 3678350 3510665 3530220 3578036 3632103 3691140 3764207 3666207 3668936 
004015	TAYB	0031578	278	3795919 3667453 3910937 3819177 3903138 3821180 3821008 3816960 3762625 3792350 3818029 3821034 
004015	TAYB	0031578	279	3795919 3667453 3910937 3819177 3903138 3821180 3821008 3816960 3762625 3792350 3818029 3821034 
001152	TH110	3996563	245	3915044 3910185 3813457 3816756 3903994 3905868 3577109 3667453 3814296 3816108 3819304 3901722 3901790 3914344 3930052 3652473 3690652 3789136 3811941 3822218 3845742 3852207 3929586 3930026 3930162 3930260 3768588 3815949 3834985 3930168 3900952 3904251 3914515 3576990 3652353 3690845 3823405 3903833 3930025 3616206 3695145 3863747 3914875 3796148 3818274 3851913 3915332 3672031 3797324 3814776 3771747 3819353 3826470 3854723 3928966 3768515 3781152 3796247 3796732 3817427 3817969 3820395 3821097 3834370 3901669 3903909 3906818 3914928 3929222 3929635 3904645 3821552 3910538 3910738 3910766 
001152	TH110	3996563	246	3915044 3910185 3813457 3816756 3903994 3905868 3577109 3667453 3814296 3816108 3819304 3901722 3901790 3914344 3930052 3652473 3690652 3789136 3811941 3822218 3845742 3852207 3929586 3930026 3930162 3930260 3768588 3815949 3834985 3930168 3900952 3904251 3914515 3576990 3652353 3690845 3823405 3903833 3930025 3616206 3695145 3863747 3914875 3796148 3818274 3851913 3915332 3672031 3797324 3814776 3771747 3819353 3826470 3854723 3928966 3768515 3781152 3796247 3796732 3817427 3817969 3820395 3821097 3834370 3901669 3903909 3906818 3914928 3929222 3929635 3904645 3821552 3910538 3910738 3910766 
004016	TH118	3442425	280	3813457 3931001 3610671 3708949 3793612 3929644 3816530 3432357 3823151 3930485 3816466 
004016	TH118	3442425	281	3813457 3931001 3610671 3708949 3793612 3929644 3816530 3432357 3823151 3930485 3816466 
014571	PK20	3926311	77	3789175 3839910 3813457 3851345 3816108 3821440 3823307 3915040 3929235 3833378 3930705 3931962 3652353 3816483 3695145 3863747 3915054 3771823 3561660 3843290 3902911 3931064 4086403 4086471 
014571	PK20	3926311	78	3789175 3839910 3813457 3851345 3816108 3821440 3823307 3915040 3929235 3833378 3930705 3931962 3652353 3816483 3695145 3863747 3915054 3771823 3561660 3843290 3902911 3931064 4086403 4086471 
008770	TH116	3996170	58	3578252 3816756 3589576 3814296 3816963 3833424 3843810 3905885 3914371 3764422 3651487 3480592 3805981 3823262 3821048 3788616 3814239 3826470 3910422 3928966 3476927 3540714 3591591 3638594 3690799 3694791 3759552 3788743 3904411 3929222 3901481 3910596 4086262 3668971 
008770	TH116	3996170	128	3578252 3816756 3589576 3814296 3816963 3833424 3843810 3905885 3914371 3764422 3651487 3480592 3805981 3823262 3821048 3788616 3814239 3826470 3910422 3928966 3476927 3540714 3591591 3638594 3690799 3694791 3759552 3788743 3904411 3929222 3901481 3910596 4086262 3668971 
006034	PK336	0213446	280	3818480 3769368 3774021 3796906 3667464 3691783 3692862 3816483 3602816 3821179 3817637 3820405 3956133 3930303 3651465 3694432 3710476 3788990 3817507 3821077 3821643 3824188 3930547 3821047 3790306 3910700 
006034	PK336	0213446	281	3818480 3769368 3774021 3796906 3667464 3691783 3692862 3816483 3602816 3821179 3817637 3820405 3956133 3930303 3651465 3694432 3710476 3788990 3817507 3821077 3821643 3824188 3930547 3821047 3790306 3910700 
006034	PK336	0213446	26	3818480 3769368 3774021 3796906 3667464 3691783 3692862 3816483 3602816 3821179 3817637 3820405 3956133 3930303 3651465 3694432 3710476 3788990 3817507 3821077 3821643 3824188 3930547 3821047 3790306 3910700 
008764	PK179	0899465	78	3930674 3910185 3818480 3580586 3820858 3929165 3930678 3475959 3689328 3823228 3902905 3903092 3914498 3929679 3930026 3930034 3902614 3860451 3915038 3930118 3470846 3823755 3929849 3930070 3580912 3581085 3914724 3818122 3931959 3651486 3816924 3846920 3902759 3913863 3915267 3931323 3668812 
010851	PK20	0409737	75	3692771 3818480 3493704 3556970 3651605 3690361 3774021 3581282 3695285 3574873 3577022 3578240 3579864 3692796 3818773 3821643 3628726 3797713 
010851	PK20	0409737	60	3692771 3818480 3493704 3556970 3651605 3690361 3774021 3581282 3695285 3574873 3577022 3578240 3579864 3692796 3818773 3821643 3628726 3797713 
015500	BYC127	0695890	213	3818480 3581315 3561430 3693856 3789136 3503630 3520100 3602816 3577806 3689329 3581282 3525604 3578240 3596193 3790863 3797606 3797662 3797720 3797819 3910540 3910769 
015500	BYC127	0695890	215	3818480 3581315 3561430 3693856 3789136 3503630 3520100 3602816 3577806 3689329 3581282 3525604 3578240 3596193 3790863 3797606 3797662 3797720 3797819 3910540 3910769 
011342	TAYD	3460456	278	3851345 3910321 3930135 3575266 3913185 3904254 3915026 3667676 3821687 3930102 3929102 3930296 3830308 3902404 3930083 3913210 3928911 3914354 
011342	TAYD	3460456	279	3851345 3910321 3930135 3575266 3913185 3904254 3915026 3667676 3821687 3930102 3929102 3930296 3830308 3902404 3930083 3913210 3928911 3914354 
002153	PK20	0168378	79	3929704 3903994 3458065 3482101 3560487 3675467 3816336 3817487 3818807 3819304 3821269 3901722 3930678 3693084 3789283 3799474 3801768 3818064 3833378 3852207 3901691 3929586 3768625 3773692 3914251 3596713 3821254 3722764 3914515 3717137 3785953 3789529 3808480 3818762 3820768 3861195 3915029 3929849 3930302 3521001 3606290 3694668 3819393 3869959 3764208 3818024 3854016 3902440 3905460 3693712 3694712 3716140 3725997 3774808 3789573 3796247 3817969 3818025 3819332 3909951 3929812 3789288 3904620 3627845 4086300 
002153	PK20	0168378	213	3929704 3903994 3458065 3482101 3560487 3675467 3816336 3817487 3818807 3819304 3821269 3901722 3930678 3693084 3789283 3799474 3801768 3818064 3833378 3852207 3901691 3929586 3768625 3773692 3914251 3596713 3821254 3722764 3914515 3717137 3785953 3789529 3808480 3818762 3820768 3861195 3915029 3929849 3930302 3521001 3606290 3694668 3819393 3869959 3764208 3818024 3854016 3902440 3905460 3693712 3694712 3716140 3725997 3774808 3789573 3796247 3817969 3818025 3819332 3909951 3929812 3789288 3904620 3627845 4086300 
007374	TH110	0987494	22	3905868 3559464 3651750 3693286 3767997 3816336 3821016 3911124 3689328 3768356 3819613 3821766 3871577 3930705 3691616 3694433 3797168 3596492 3668196 3724014 3768088 3559319 3610681 3816104 3821180 3679221 3705083 3667385 3691983 3694384 3821231 3485170 3581149 3592680 3630501 3645720 3650228 3677885 3689920 3695368 3695784 3712913 3728679 3796007 3796964 3797192 3797206 3816992 3817682 3819645 3820729 3931323 3693224 3716357 4091039 3694780 3505134 3668921 3700270 3774124 3790863 3797650 3797739 3797787 3797803 3910507 3910538 3910576 3910583 3910591 3910610 3910622 3910672 3910712 4086314 
007374	TH110	0987494	269	3905868 3559464 3651750 3693286 3767997 3816336 3821016 3911124 3689328 3768356 3819613 3821766 3871577 3930705 3691616 3694433 3797168 3596492 3668196 3724014 3768088 3559319 3610681 3816104 3821180 3679221 3705083 3667385 3691983 3694384 3821231 3485170 3581149 3592680 3630501 3645720 3650228 3677885 3689920 3695368 3695784 3712913 3728679 3796007 3796964 3797192 3797206 3816992 3817682 3819645 3820729 3931323 3693224 3716357 4091039 3694780 3505134 3668921 3700270 3774124 3790863 3797650 3797739 3797787 3797803 3910507 3910538 3910576 3910583 3910591 3910610 3910622 3910672 3910712 4086314 
007374	TH110	0987494	23	3905868 3559464 3651750 3693286 3767997 3816336 3821016 3911124 3689328 3768356 3819613 3821766 3871577 3930705 3691616 3694433 3797168 3596492 3668196 3724014 3768088 3559319 3610681 3816104 3821180 3679221 3705083 3667385 3691983 3694384 3821231 3485170 3581149 3592680 3630501 3645720 3650228 3677885 3689920 3695368 3695784 3712913 3728679 3796007 3796964 3797192 3797206 3816992 3817682 3819645 3820729 3931323 3693224 3716357 4091039 3694780 3505134 3668921 3700270 3774124 3790863 3797650 3797739 3797787 3797803 3910507 3910538 3910576 3910583 3910591 3910610 3910622 3910672 3910712 4086314 
015407	CARP13	3443571	24	3905868 3533093 3690361 3819232 3901484 3823151 3481944 3579687 3774116 
015407	CARP13	3443571	25	3905868 3533093 3690361 3819232 3901484 3823151 3481944 3579687 3774116 
002876	DAL300	1084458	86	3911048 3843810 3851735 3908300 3577054 3580671 3612427 3758075 3871577 3903520 3666995 3667311 3692852 3856450 3930102 3824908 3852791 3796148 3817637 3911054 3915332 3852806 3930237 3814239 3524341 3615055 3816992 3832060 3913863 3668910 3910745 4096175 
002876	DAL300	1084458	87	3911048 3843810 3851735 3908300 3577054 3580671 3612427 3758075 3871577 3903520 3666995 3667311 3692852 3856450 3930102 3824908 3852791 3796148 3817637 3911054 3915332 3852806 3930237 3814239 3524341 3615055 3816992 3832060 3913863 3668910 3910745 4096175 
009225	PK200	1061058	78	3911048 3852217 3764613 3769494 3823192 3788616 3555254 3666175 3762625 3929635 3929419 3669010 4086407 
015114	TH224	0820103	25	3929704 3911048 3503587 3556617 3667453 3767997 3690652 3708638 3768356 3789136 3764613 3819585 3610681 3759024 3483059 3667385 3821231 3818746 3910343 3931959 3578861 3581149 3651033 3689920 3712913 3728679 3789573 3796007 3817682 3819645 3931323 3694754 3722992 3931688 3584685 3668830 3774124 3910464 3910553 3910680 4086287 
015114	TH224	0820103	332	3929704 3911048 3503587 3556617 3667453 3767997 3690652 3708638 3768356 3789136 3764613 3819585 3610681 3759024 3483059 3667385 3821231 3818746 3910343 3931959 3578861 3581149 3651033 3689920 3712913 3728679 3789573 3796007 3817682 3819645 3931323 3694754 3722992 3931688 3584685 3668830 3774124 3910464 3910553 3910680 4086287 
015114	TH224	0820103	77	3929704 3911048 3503587 3556617 3667453 3767997 3690652 3708638 3768356 3789136 3764613 3819585 3610681 3759024 3483059 3667385 3821231 3818746 3910343 3931959 3578861 3581149 3651033 3689920 3712913 3728679 3789573 3796007 3817682 3819645 3931323 3694754 3722992 3931688 3584685 3668830 3774124 3910464 3910553 3910680 4086287 
002992	PK20	0375562	76	3929776 3580346 3816108 3913862 3492392 3620520 3811886 3819177 3561229 3852520 3694012 3668420 3691925 3929644 3597215 3808480 3852791 3930054 3651293 3848415 3930296 3667503 3930047 3826470 3581375 3816970 3823278 3902759 3902911 3913210 3928911 3929894 3930469 3930485 4091039 3797666 3797672 3822886 3870878 3910661 4086360 4086388 4086432 4086445 4086468 
002992	PK20	0375562	215	3929776 3580346 3816108 3913862 3492392 3620520 3811886 3819177 3561229 3852520 3694012 3668420 3691925 3929644 3597215 3808480 3852791 3930054 3651293 3848415 3930296 3667503 3930047 3826470 3581375 3816970 3823278 3902759 3902911 3913210 3928911 3929894 3930469 3930485 4091039 3797666 3797672 3822886 3870878 3910661 4086360 4086388 4086432 4086445 4086468 
004010	TAYD	3442425	243	3914820 3790492 3929776 3767997 3819232 3821766 3914745 3914968 3930168 3819372 3580796 3852791 3930054 3679221 3915054 3823192 3819353 3610120 3668365 3677885 3818773 3821097 3914928 3915243 3931929 3789464 3820971 3930767 
004010	TAYD	3442425	272	3914820 3790492 3929776 3767997 3819232 3821766 3914745 3914968 3930168 3819372 3580796 3852791 3930054 3679221 3915054 3823192 3819353 3610120 3668365 3677885 3818773 3821097 3914928 3915243 3931929 3789464 3820971 3930767 
004806	TH111	0032827	244	3788919 3929776 3821016 3910937 3902667 3854723 3788897 3827187 3829442 3930485 3930676 3910650 3910684 3910692 4086313 4086321 4086393 
004806	TH111	0032827	270	3788919 3929776 3821016 3910937 3902667 3854723 3788897 3827187 3829442 3930485 3930676 3910650 3910684 3910692 4086313 4086321 4086393 
006024	PK338	3470402	86	3929776 3930135 3759092 3833424 3903861 3914754 3671929 3846234 3902905 3910848 3914750 3902439 3930168 3819196 3819269 3929815 3799593 3816486 3821687 3913164 3910870 3580796 3808480 3914875 3929102 3549052 3814776 3491953 3579867 3818771 3928911 3929800 3930137 3576507 3684090 3910491 3910523 3910532 3910588 3910718 3910736 4086223 4086268 4086303 4086322 4086350 4086411 4086425 
006024	PK338	3470402	87	3929776 3930135 3759092 3833424 3903861 3914754 3671929 3846234 3902905 3910848 3914750 3902439 3930168 3819196 3819269 3929815 3799593 3816486 3821687 3913164 3910870 3580796 3808480 3914875 3929102 3549052 3814776 3491953 3579867 3818771 3928911 3929800 3930137 3576507 3684090 3910491 3910523 3910532 3910588 3910718 3910736 4086223 4086268 4086303 4086322 4086350 4086411 4086425 
006024	PK338	3470402	61	3929776 3930135 3759092 3833424 3903861 3914754 3671929 3846234 3902905 3910848 3914750 3902439 3930168 3819196 3819269 3929815 3799593 3816486 3821687 3913164 3910870 3580796 3808480 3914875 3929102 3549052 3814776 3491953 3579867 3818771 3928911 3929800 3930137 3576507 3684090 3910491 3910523 3910532 3910588 3910718 3910736 4086223 4086268 4086303 4086322 4086350 4086411 4086425 
015540	CARP13	3478658	280	3930301 3914754 3929679 3930162 3913210 3929241 
015540	CARP13	3478658	281	3930301 3914754 3929679 3930162 3913210 3929241 
002562	PK20	0564741	217	3914820 3458065 3683644 3814296 3858245 3913159 3758045 3816708 3820038 3844962 3560511 3852520 3914813 3821439 3929864 3928890 3821958 3930296 3608097 3820774 3606148 3790928 3824450 3858715 3902911 3905822 3929222 3929883 0750570 3668750 3668953 3821390 3910729 4086267 4086322 4086388 
002562	PK20	0564741	216	3914820 3458065 3683644 3814296 3858245 3913159 3758045 3816708 3820038 3844962 3560511 3852520 3914813 3821439 3929864 3928890 3821958 3930296 3608097 3820774 3606148 3790928 3824450 3858715 3902911 3905822 3929222 3929883 0750570 3668750 3668953 3821390 3910729 4086267 4086322 4086388 
008778	PK20	3194197	278	3470797 3816549 3693856 3913164 3483640 3818024 3575259 3581907 3665300 3763675 3797642 3910668 4086484 
008778	PK20	3194197	279	3470797 3816549 3693856 3913164 3483640 3818024 3575259 3581907 3665300 3763675 3797642 3910668 4086484 
001757	GOCOM	3460008	243	3471190 3581786 3663306 3581609 3514835 3797777 3910497 
001757	GOCOM	3460008	26	3471190 3581786 3663306 3581609 3514835 3797777 3910497 
006060	PK20	0554585	76	3503382 3559534 3577485 3578804 3477425 3556970 3694797 3561280 3579949 3575898 3487429 3574873 3576879 3581127 3199633 3578842 3628726 3580397 3668878 
006060	PK20	0554585	77	3503382 3559534 3577485 3578804 3477425 3556970 3694797 3561280 3579949 3575898 3487429 3574873 3576879 3581127 3199633 3578842 3628726 3580397 3668878 
006847	PK234	0031347	24	3477425 3481894 3666570 3549272 3557244 3559857 3581232 3708949 3790244 3817962 3538202 3486653 3611135 3717137 3689375 3694428 3821069 3721962 3481664 3560256 3581456 3591774 3656490 3680751 3953805 3606536 3576512 3651606 3652350 3668749 3668759 3668798 3668812 3797609 3797711 3797737 
006847	PK234	0031347	22	3477425 3481894 3666570 3549272 3557244 3559857 3581232 3708949 3790244 3817962 3538202 3486653 3611135 3717137 3689375 3694428 3821069 3721962 3481664 3560256 3581456 3591774 3656490 3680751 3953805 3606536 3576512 3651606 3652350 3668749 3668759 3668798 3668812 3797609 3797711 3797737 
006847	PK234	0031347	75	3477425 3481894 3666570 3549272 3557244 3559857 3581232 3708949 3790244 3817962 3538202 3486653 3611135 3717137 3689375 3694428 3821069 3721962 3481664 3560256 3581456 3591774 3656490 3680751 3953805 3606536 3576512 3651606 3652350 3668749 3668759 3668798 3668812 3797609 3797711 3797737 
010943	PK243	0207327	244	3492423 3503382 3559534 3578252 3578804 3581135 3631215 3651243 3667273 3691416 3692098 3692771 3820030 3478356 3616918 3651605 3560770 3796906 3820038 3929468 3691981 3820965 3561280 3650596 3694417 3821439 3581077 3651487 3694738 3629951 3653200 3462565 3574519 3579949 3629518 3513947 3576248 3577022 3581127 3581375 3690799 3692796 3694236 3695368 3820756 3915267 3578842 3581952 3628726 3576002 3694426 3484374 3668883 3668901 3669026 3759872 3797754 3797778 3910487 3910683 3910688 3910695 3910746 
010943	PK243	0207327	245	3492423 3503382 3559534 3578252 3578804 3581135 3631215 3651243 3667273 3691416 3692098 3692771 3820030 3478356 3616918 3651605 3560770 3796906 3820038 3929468 3691981 3820965 3561280 3650596 3694417 3821439 3581077 3651487 3694738 3629951 3653200 3462565 3574519 3579949 3629518 3513947 3576248 3577022 3581127 3581375 3690799 3692796 3694236 3695368 3820756 3915267 3578842 3581952 3628726 3576002 3694426 3484374 3668883 3668901 3669026 3759872 3797754 3797778 3910487 3910683 3910688 3910695 3910746 
010943	PK243	0207327	246	3492423 3503382 3559534 3578252 3578804 3581135 3631215 3651243 3667273 3691416 3692098 3692771 3820030 3478356 3616918 3651605 3560770 3796906 3820038 3929468 3691981 3820965 3561280 3650596 3694417 3821439 3581077 3651487 3694738 3629951 3653200 3462565 3574519 3579949 3629518 3513947 3576248 3577022 3581127 3581375 3690799 3692796 3694236 3695368 3820756 3915267 3578842 3581952 3628726 3576002 3694426 3484374 3668883 3668901 3669026 3759872 3797754 3797778 3910487 3910683 3910688 3910695 3910746 
010977	BYC127	0695890	24	3559534 3478356 3519078 3580584 3520100 3577167 3580407 3487623 3558800 3502893 3524963 3525604 3577590 3580248 3558963 3576333 3668761 3668800 3668821 3668841 3668858 3668970 3669002 3669084 
010977	BYC127	0695890	22	3559534 3478356 3519078 3580584 3520100 3577167 3580407 3487623 3558800 3502893 3524963 3525604 3577590 3580248 3558963 3576333 3668761 3668800 3668821 3668841 3668858 3668970 3669002 3669084 
012326	DAL25	3420576	24	3480728 3581999 3589576 3581827 3503630 3691616 3574866 3818122 3540124 3561660 3575259 3578861 3691140 3764157 3666207 3668870 3669026 3578910 
012326	DAL25	3420576	272	3480728 3581999 3589576 3581827 3503630 3691616 3574866 3818122 3540124 3561660 3575259 3578861 3691140 3764157 3666207 3668870 3669026 3578910 
003464	EHI	0599596	278	3480734 3667404 3929165 3699536 3712905 3819628 3995719 3690020 3691228 3805981 3818274 3678350 3817261 3928966 3797564 3692915 3693891 3910496 
003464	EHI	0599596	279	3480734 3667404 3929165 3699536 3712905 3819628 3995719 3690020 3691228 3805981 3818274 3678350 3817261 3928966 3797564 3692915 3693891 3910496 
003525	EHII	3818518	26	3480734 3796237 3694980 3819628 3559476 3580340 3790792 
003525	EHII	3818518	24	3480734 3796237 3694980 3819628 3559476 3580340 3790792 
015455	PK337	1167884	278	3482288 3493704 3558543 3564528 3580095 3581192 3693921 3694431 3479838 
015455	PK337	1167884	279	3482288 3493704 3558543 3564528 3580095 3581192 3693921 3694431 3479838 
015455	PK337	1167884	245	3482288 3493704 3558543 3564528 3580095 3581192 3693921 3694431 3479838 
001763	BYC106	4087850	77	3493704 3819613 3592208 3576230 3581596 3699593 3797324 3694828 3913396 3508682 3651816 3797532 3820992 3668935 3797825 
014122	DAL6	3555100	26	3493704 3533093 3913185 3580671 3819613 3797266 3714653 3915088 3679221 3557478 3561001 3630526 3651486 3667654 3690799 3822778 3995730 3797606 3797694 4086227 
014122	DAL6	3555100	332	3493704 3533093 3913185 3580671 3819613 3797266 3714653 3915088 3679221 3557478 3561001 3630526 3651486 3667654 3690799 3822778 3995730 3797606 3797694 4086227 
002163	PK229	3415849	243	3493748 3632720 3689500 3591844 3650239 3648550 3690806 3667503 3694903 3460343 3496439 3496673 3656490 3690043 3693813 3606536 
002163	PK229	3415849	244	3493748 3632720 3689500 3591844 3650239 3648550 3690806 3667503 3694903 3460343 3496439 3496673 3656490 3690043 3693813 3606536 
002163	PK229	3415849	23	3493748 3632720 3689500 3591844 3650239 3648550 3690806 3667503 3694903 3460343 3496439 3496673 3656490 3690043 3693813 3606536 
002166	PK229	0428815	278	3493748 3689500 3591844 3575483 3648550 3690806 3667503 3460343 3496439 3496673 3610287 3656490 3690043 3693813 3606536 3820380 3651606 3668751 
002166	PK229	0428815	279	3493748 3689500 3591844 3575483 3648550 3690806 3667503 3460343 3496439 3496673 3610287 3656490 3690043 3693813 3606536 3820380 3651606 3668751 
002166	PK229	0428815	280	3493748 3689500 3591844 3575483 3648550 3690806 3667503 3460343 3496439 3496673 3610287 3656490 3690043 3693813 3606536 3820380 3651606 3668751 
011827	PK179	3926209	281	3493748 3689500 3591844 3648550 3690806 3667503 3694903 3460343 3496439 3496673 3610287 3690043 3693813 
011827	PK179	3926209	25	3493748 3689500 3591844 3648550 3690806 3667503 3694903 3460343 3496439 3496673 3610287 3690043 3693813 
011827	PK179	3926209	77	3493748 3689500 3591844 3648550 3690806 3667503 3694903 3460343 3496439 3496673 3610287 3690043 3693813 
005293	TAYB	1020104	243	3493764 3693092 3538688 3692807 3520880 3668842 3669016 3910512 3910614 
005293	TAYB	1020104	26	3493764 3693092 3538688 3692807 3520880 3668842 3669016 3910512 3910614 
002636	PK20	3393853	280	3519078 3818770 3668130 3820963 3722764 3816832 3901004 3820587 3930469 3915028 3910739 4086215 
002636	PK20	3393853	281	3519078 3818770 3668130 3820963 3722764 3816832 3901004 3820587 3930469 3915028 3910739 4086215 
004023	BYC106	3996718	217	3552259 3759092 3768339 3769494 3613455 3796254 3695529 3820900 3797640 3910464 3910551 3910607 3910684 3910698 3910766 
007378	CARP21	0162977	60	3905868 3552259 3556617 3620017 3814296 3821016 3930220 3689328 3768356 3796723 3821766 3846234 3910848 3930705 3797168 3904320 3904965 3768088 3559657 3694434 3823405 3705083 3483059 3612623 3667385 3821231 3913396 3928966 3485170 3497948 3521461 3559843 3611048 3645720 3695784 3712913 3796964 3816970 3817260 3820729 3692915 3694754 3722992 3694780 3484374 3596193 3797650 3797691 3797739 3797787 3797803 3910464 3910510 3910515 3910539 3910583 3910610 3910614 3910712 4086307 4086313 3774943 
007378	CARP21	0162977	214	3905868 3552259 3556617 3620017 3814296 3821016 3930220 3689328 3768356 3796723 3821766 3846234 3910848 3930705 3797168 3904320 3904965 3768088 3559657 3694434 3823405 3705083 3483059 3612623 3667385 3821231 3913396 3928966 3485170 3497948 3521461 3559843 3611048 3645720 3695784 3712913 3796964 3816970 3817260 3820729 3692915 3694754 3722992 3694780 3484374 3596193 3797650 3797691 3797739 3797787 3797803 3910464 3910510 3910515 3910539 3910583 3910610 3910614 3910712 4086307 4086313 3774943 
007378	CARP21	0162977	282	3905868 3552259 3556617 3620017 3814296 3821016 3930220 3689328 3768356 3796723 3821766 3846234 3910848 3930705 3797168 3904320 3904965 3768088 3559657 3694434 3823405 3705083 3483059 3612623 3667385 3821231 3913396 3928966 3485170 3497948 3521461 3559843 3611048 3645720 3695784 3712913 3796964 3816970 3817260 3820729 3692915 3694754 3722992 3694780 3484374 3596193 3797650 3797691 3797739 3797787 3797803 3910464 3910510 3910515 3910539 3910583 3910610 3910614 3910712 4086307 4086313 3774943 
005257	TH118	3819183	26	3556617 3561516 3695542 3667677 3485628 3668538 3797633 3797751 3910698 
005257	TH118	3819183	244	3556617 3561516 3695542 3667677 3485628 3668538 3797633 3797751 3910698 
006880	PK154	0031347	26	3482288 3558543 3564528 3581192 3579291 3465332 3576879 3580955 
006880	PK154	0031347	25	3482288 3558543 3564528 3581192 3579291 3465332 3576879 3580955 
006880	PK154	0031347	79	3482288 3558543 3564528 3581192 3579291 3465332 3576879 3580955 
015260	SW8	0032205	246	3558543 3568950 3578036 3580326 
015260	SW8	0032205	332	3558543 3568950 3578036 3580326 
014114	TH111	0827051	280	3559172 3904251 3816486 3610681 3819598 3823278 3818227 3691265 3910516 3910586 3910632 3910660 3910672 4086280 4086341 4086493 4086506 
014114	TH111	0827051	281	3559172 3904251 3816486 3610681 3819598 3823278 3818227 3691265 3910516 3910586 3910632 3910660 3910672 4086280 4086341 4086493 4086506 
001847	PK259	3483424	281	3559464 3574137 3797164 3668420 3575483 3483640 3823262 3689375 3694428 3694668 3608097 3818122 3560256 3575928 3796247 3819332 3953805 3517604 
001847	PK259	3483424	26	3559464 3574137 3797164 3668420 3575483 3483640 3823262 3689375 3694428 3694668 3608097 3818122 3560256 3575928 3796247 3819332 3953805 3517604 
001847	PK259	3483424	77	3559464 3574137 3797164 3668420 3575483 3483640 3823262 3689375 3694428 3694668 3608097 3818122 3560256 3575928 3796247 3819332 3953805 3517604 
015250	PK227	3899727	278	3559464 3591591 3797825 
015250	PK227	3899727	279	3559464 3591591 3797825 
015250	PK227	3899727	280	3559464 3591591 3797825 
009273	GOCOM	0032827	278	3559612 3768555 3473086 3581274 3540714 3558963 3668900 3668982 3668987 
009273	GOCOM	0032827	279	3559612 3768555 3473086 3581274 3540714 3558963 3668900 3668982 3668987 
015408	DAL2	3443571	243	3559612 3818686 3616872 3818770 3871577 3560511 3669280 3580407 3711797 3691228 3768972 3930237 3931158 3798513 3557742 3561001 3712286 3762625 3797192 3474374 3694813 
015408	DAL2	3443571	270	3559612 3818686 3616872 3818770 3871577 3560511 3669280 3580407 3711797 3691228 3768972 3930237 3931158 3798513 3557742 3561001 3712286 3762625 3797192 3474374 3694813 
014987	TAYB	1020104	280	3559815 3561516 3930890 3581609 3579687 3693891 3930731 3577741 
014987	TAYB	1020104	281	3559815 3561516 3930890 3581609 3579687 3693891 3930731 3577741 
014865	TH110	0031522	213	3905868 3558543 3560199 3630474 3635008 3669069 3796230 3518231 3631101 3476864 3668420 3910870 3512896 3651573 3705083 3574866 3476927 3559870 3576126 3577682 3578811 3579414 3690778 3694741 3694791 3816924 3816970 3903909 3903986 3930891 3542887 3578673 3668805 3668843 3668860 3668866 3668934 3668961 3669008 3669027 3797588 3797590 3797597 3797607 3797638 3797641 3797657 3797659 3797679 3797776 3797863 3815923 3910479 3910489 3910535 3910550 3910559 3910599 3910676 3910681 3910704 3910725 3910736 3910756 3929472 4086225 4086260 4086268 4086269 4086321 4086357 4086375 4086393 4086476 4096176 
014865	TH110	0031522	318	3905868 3558543 3560199 3630474 3635008 3669069 3796230 3518231 3631101 3476864 3668420 3910870 3512896 3651573 3705083 3574866 3476927 3559870 3576126 3577682 3578811 3579414 3690778 3694741 3694791 3816924 3816970 3903909 3903986 3930891 3542887 3578673 3668805 3668843 3668860 3668866 3668934 3668961 3669008 3669027 3797588 3797590 3797597 3797607 3797638 3797641 3797657 3797659 3797679 3797776 3797863 3815923 3910479 3910489 3910535 3910550 3910559 3910599 3910676 3910681 3910704 3910725 3910736 3910756 3929472 4086225 4086260 4086268 4086269 4086321 4086357 4086375 4086393 4086476 4096176 
014865	TH110	0031522	216	3905868 3558543 3560199 3630474 3635008 3669069 3796230 3518231 3631101 3476864 3668420 3910870 3512896 3651573 3705083 3574866 3476927 3559870 3576126 3577682 3578811 3579414 3690778 3694741 3694791 3816924 3816970 3903909 3903986 3930891 3542887 3578673 3668805 3668843 3668860 3668866 3668934 3668961 3669008 3669027 3797588 3797590 3797597 3797607 3797638 3797641 3797657 3797659 3797679 3797776 3797863 3815923 3910479 3910489 3910535 3910550 3910559 3910599 3910676 3910681 3910704 3910725 3910736 3910756 3929472 4086225 4086260 4086268 4086269 4086321 4086357 4086375 4086393 4086476 4096176 
015661	TH129	3995790	243	3560199 3481391 3569865 3483059 3578075 3581201 3930303 3592680 3650228 3692519 3796007 3818227 
015661	TH129	3995790	244	3560199 3481391 3569865 3483059 3578075 3581201 3930303 3592680 3650228 3692519 3796007 3818227 
001871	PK10	1167863	243	3560487 3694797 3538202 3651487 3581038 3581456 
001871	PK10	1167863	318	3560487 3694797 3538202 3651487 3581038 3581456 
001871	PK10	1167863	216	3560487 3694797 3538202 3651487 3581038 3581456 
015449	PK20	0402773	78	3692098 3577146 3581315 3632720 3695434 3816963 3908300 3576753 3610671 3819232 3492361 3651412 3797266 3822995 3699536 3816486 3930102 3616206 3759024 3559903 3816860 3608097 3816960 3524341 3692294 3764207 3789246 3816992 3822778 3832060 3913210 3820491 3821047 3790306 3797754 3904102 3910509 4086247 
015449	PK20	0402773	60	3692098 3577146 3581315 3632720 3695434 3816963 3908300 3576753 3610671 3819232 3492361 3651412 3797266 3822995 3699536 3816486 3930102 3616206 3759024 3559903 3816860 3608097 3816960 3524341 3692294 3764207 3789246 3816992 3822778 3832060 3913210 3820491 3821047 3790306 3797754 3904102 3910509 4086247 
012819	BYC106	3195964	246	3560199 3561516 3821588 3592325 3655393 3606290 3516442 3650225 3695529 3816764 3816924 3797835 3581851 
012819	BYC106	3195964	23	3560199 3561516 3821588 3592325 3655393 3606290 3516442 3650225 3695529 3816764 3816924 3797835 3581851 
006043	PK338	0554585	280	3564528 3818782 3475959 3820038 3820032 3715155 3653200 3579949 3581282 3487429 3578240 3579864 3694236 3820257 3669037 3797628 
006043	PK338	0554585	281	3564528 3818782 3475959 3820038 3820032 3715155 3653200 3579949 3581282 3487429 3578240 3579864 3694236 3820257 3669037 3797628 
006043	PK338	0554585	24	3564528 3818782 3475959 3820038 3820032 3715155 3653200 3579949 3581282 3487429 3578240 3579864 3694236 3820257 3669037 3797628 
007006	DAL119	0162976	23	3577485 3930614 3695510 3574483 3910937 3913159 3687862 3903092 3905885 3852520 3913807 3667311 3904334 3930025 3512896 3929102 3771823 3906250 3914724 3826470 3768620 3790928 3902759 3914928 3930216 4086457 4086499 
007006	DAL119	0162976	25	3577485 3930614 3695510 3574483 3910937 3913159 3687862 3903092 3905885 3852520 3913807 3667311 3904334 3930025 3512896 3929102 3771823 3906250 3914724 3826470 3768620 3790928 3902759 3914928 3930216 4086457 4086499 
014100	RCCON	0431946	278	3574639 3578488 3619323 3683644 3823311 3558800 3530220 3597302 3692519 3820900 
014100	RCCON	0431946	279	3574639 3578488 3619323 3683644 3823311 3558800 3530220 3597302 3692519 3820900 
004065	TAYD	0854975	280	3575266 3580095 3652373 3558800 
004065	TAYD	0854975	281	3575266 3580095 3652373 3558800 
008810	TH129	0576472	23	3575971 3693856 3788983 3667464 3691981 3498772 3581962 3691962 3559225 3788990 3797636 3910499 
008810	TH129	0576472	25	3575971 3693856 3788983 3667464 3691981 3498772 3581962 3691962 3559225 3788990 3797636 3910499 
012339	BYC106	3420576	278	3576231 3577146 3579579 3631101 3483954 3570123 3652273 3560649 3485628 3692609 3668883 
012339	BYC106	3420576	279	3576231 3577146 3579579 3631101 3483954 3570123 3652273 3560649 3485628 3692609 3668883 
007926	RCCON	0470839	280	3577146 3581081 3524066 3497948 3574542 3525384 3668752 3668917 
007926	RCCON	0470839	281	3577146 3581081 3524066 3497948 3574542 3525384 3668752 3668917 
012734	RCCON	0772775	243	3577146 3524066 3497948 3574542 3797770 
012734	RCCON	0772775	26	3577146 3524066 3497948 3574542 3797770 
006868	PK337	0402773	24	3578252 3580095 3667464 3820965 3690719 3694738 3693921 3579094 3694431 3694903 3576879 3792350 3479838 3506165 
006868	PK337	0402773	22	3578252 3580095 3667464 3820965 3690719 3694738 3693921 3579094 3694431 3694903 3576879 3792350 3479838 3506165 
006868	PK337	0402773	75	3578252 3580095 3667464 3820965 3690719 3694738 3693921 3579094 3694431 3694903 3576879 3792350 3479838 3506165 
001760	RODESIGN	0254474	243	3578443 3531305 3581389 3596492 3547282 3668772 
001760	RODESIGN	0254474	26	3578443 3531305 3581389 3596492 3547282 3668772 
004393	TAYSEM	0138190	243	3578488 3815898 3581830 3668802 3910543 
004393	TAYSEM	0138190	26	3578488 3815898 3581830 3668802 3910543 
015413	DAL212A	0493855	77	3578707 3833424 3559970 3575969 3579579 3581827 3620520 3789070 3690516 3930118 3818762 3818274 3823151 3497948 3667381 3651348 3797667 3797754 3910470 3910479 3910559 3910758 
015677	TH118	3460456	243	3910321 3540428 3559970 3695542 3514095 3579028 3581247 3690516 3699613 3914166 3910656 
015677	TH118	3460456	269	3910321 3540428 3559970 3695542 3514095 3579028 3581247 3690516 3699613 3914166 3910656 
003275	GOSCENE	0695890	78	3693185 3478356 3579092 3630915 3822535 3487623 3462565 3595071 3575259 3577590 3817682 3580248 3576460 3668841 3669002 3797645 3910462 
008469	DAL1	3420576	244	3790492 3579092 3821269 3709927 3668130 3929167 3817419 3821048 3678350 3674492 3764157 3816463 3818771 3797720 3797784 3910483 
008469	DAL1	3420576	245	3790492 3579092 3821269 3709927 3668130 3929167 3817419 3821048 3678350 3674492 3764157 3816463 3818771 3797720 3797784 3910483 
012822	DAL212E	3448653	280	3579092 3821269 3561660 3797648 
012822	DAL212E	3448653	281	3579092 3821269 3561660 3797648 
007070	DAL212A	0316015	278	3580346 3601391 3635012 3687862 3715174 3485774 3592325 3581038 3581249 3692849 3538400 
007070	DAL212A	0316015	279	3580346 3601391 3635012 3687862 3715174 3485774 3592325 3581038 3581249 3692849 3538400 
011312	DAL25	0125630	216	3480728 3580346 3851735 3488858 3462240 3995719 3510665 3530220 3559537 3691140 3764157 3668870 3797720 
011312	DAL25	0125630	60	3480728 3580346 3851735 3488858 3462240 3995719 3510665 3530220 3559537 3691140 3764157 3668870 3797720 
015511	DAL1	3996563	243	3574483 3580586 3929165 3575735 3651412 3485756 3651293 3514964 3521272 3558796 3560858 3576126 3591591 3538400 3561772 
015511	DAL1	3996563	24	3574483 3580586 3929165 3575735 3651412 3485756 3651293 3514964 3521272 3558796 3560858 3576126 3591591 3538400 3561772 
007888	RCSEM	0772775	244	3581081 3821088 3580671 3711797 3612203 3910489 
007888	RCSEM	0772775	245	3581081 3821088 3580671 3711797 3612203 3910489 
007040	TAYB	0162976	244	3581207 3693612 3821588 3609553 3821571 3570123 3486834 3581455 3689991 3792443 3816466 3819542 3669033 3689944 3797864 3910580 
007040	TAYB	0162976	245	3581207 3693612 3821588 3609553 3821571 3570123 3486834 3581455 3689991 3792443 3816466 3819542 3669033 3689944 3797864 3910580 
012355	PEMSTD	0683480	280	3581786 3691925 3668765 3668895 3910741 4086355 
012355	PEMSTD	0683480	281	3581786 3691925 3668765 3668895 3910741 4086355 
013193	PK10	0898918	24	3591211 3561074 3505157 3577187 3470393 3471447 3516634 3579723 3650578 
013193	PK10	0898918	332	3591211 3561074 3505157 3577187 3470393 3471447 3516634 3579723 3650578 
013193	PK10	0898918	77	3591211 3561074 3505157 3577187 3470393 3471447 3516634 3579723 3650578 
013627	PK20	3459335	217	3591211 3690361 3580251 3821254 3479311 3816104 3577187 3689375 3480868 3581085 3581920 3694432 3576512 3669043 
013627	PK20	3459335	216	3591211 3690361 3580251 3821254 3479311 3816104 3577187 3689375 3480868 3581085 3581920 3694432 3576512 3669043 
015418	DAL10	0135660	245	3591211 3574563 3514964 3540124 3558796 3651465 3537536 3668871 3668937 3669028 3910593 
015418	DAL10	0135660	246	3591211 3574563 3514964 3540124 3558796 3651465 3537536 3668871 3668937 3669028 3910593 
003270	DAL2	0492451	79	3601391 3790857 3820885 3903092 3667749 3577167 3819628 3715155 3823262 3821958 3577795 3674492 3655428 3692786 3693253 3695292 3816463 3818771 3904411 3905822 3693224 4086293 
015669	DAL6	0804281	243	3601391 3635012 3796230 3578191 3585962 3695539 3568950 3546891 3574546 3668768 3668834 3669033 3797590 3797659 3910663 
015669	DAL6	0804281	24	3601391 3635012 3796230 3578191 3585962 3695539 3568950 3546891 3574546 3668768 3668834 3669033 3797590 3797659 3910663 
005141	TAYB	0493856	23	3910185 3619323 3929954 3560511 3768588 3579645 3823391 3930047 3557478 3667381 3667654 3712286 3832060 3533264 3537536 
005141	TAYB	0493856	25	3910185 3619323 3929954 3560511 3768588 3579645 3823391 3930047 3557478 3667381 3667654 3712286 3832060 3533264 3537536 
008773	PK354	3996107	78	3630474 3823438 3913862 3846234 3848104 3691616 3852520 3910343 3768025 3822886 4086333 
003454	DAL212A	3443571	244	3544262 3699561 3789175 3581315 3630915 3768339 3610671 3616872 3620520 3665045 3796974 3819309 3768088 3699593 3818274 3768458 3789507 3689920 3712286 3790792 3820992 3797640 3910544 
003454	DAL212A	3443571	272	3544262 3699561 3789175 3581315 3630915 3768339 3610671 3616872 3620520 3665045 3796974 3819309 3768088 3699593 3818274 3768458 3789507 3689920 3712286 3790792 3820992 3797640 3910544 
004293	PK200	3818521	278	3632720 4000229 3581220 3581918 3491953 3631042 3667674 3579181 3458061 3668767 3797728 3910605 
004293	PK200	3818521	279	3632720 4000229 3581220 3581918 3491953 3631042 3667674 3579181 3458061 3668767 3797728 3910605 
005743	CARP15	3392421	26	3634695 3930052 3540428 3575735 3580159 3817048 3577806 3481664 3577682 3651033 3599497 3668766 
005743	CARP15	3392421	244	3634695 3930052 3540428 3575735 3580159 3817048 3577806 3481664 3577682 3651033 3599497 3668766 
004275	GOB	0949010	77	3635012 3397771 3789439 3816993 3995719 3929864 3823094 3579867 3650997 3792443 3818675 3822122 3910179 3668953 3797749 3797831 3910526 3914525 4086216 4086250 4086505 
002572	PK336	3792642	24	3575916 3821393 3651499 3694797 3708638 3689845 3694417 3581227 3581171 3694384 3576013 3693902 3645471 3668753 3669017 3797824 4094953 
002572	PK336	3792642	271	3575916 3821393 3651499 3694797 3708638 3689845 3694417 3581227 3581171 3694384 3576013 3693902 3645471 3668753 3669017 3797824 4094953 
002572	PK336	3792642	79	3575916 3821393 3651499 3694797 3708638 3689845 3694417 3581227 3581171 3694384 3576013 3693902 3645471 3668753 3669017 3797824 4094953 
013174	CARP15	0897706	25	3692761 3667404 3693612 3699536 3819309 3580407 3561318 3524341 3575769 3695292 3819230 3474374 3818227 3668823 
013174	CARP15	0897706	332	3692761 3667404 3693612 3699536 3819309 3580407 3561318 3524341 3575769 3695292 3819230 3474374 3818227 3668823 
014120	TAYF	3819183	23	3669069 3678357 3823307 3811941 3846234 3913786 3930034 3930162 3834985 3860451 3692862 3799593 3930967 3576763 3578177 3910870 3823262 3816180 3538688 3798513 3559476 3560860 3690799 3789246 3829442 3931929 3789806 3821886 3797644 3910650 
014120	TAYF	3819183	25	3669069 3678357 3823307 3811941 3846234 3913786 3930034 3930162 3834985 3860451 3692862 3799593 3930967 3576763 3578177 3910870 3823262 3816180 3538688 3798513 3559476 3560860 3690799 3789246 3829442 3931929 3789806 3821886 3797644 3910650 
004282	PK200	1165566	280	3651365 3632720 3675467 3820885 3491953 3580217 3693557 3684090 
004282	PK200	1165566	281	3651365 3632720 3675467 3820885 3491953 3580217 3693557 3684090 
002564	PK227	1168490	213	3678357 3848104 3492361 3820032 3860451 3913674 3691575 3848415 3906250 3910422 3692796 3820729 3668830 3910469 4086400 4094953 
002564	PK227	1168490	318	3678357 3848104 3492361 3820032 3860451 3913674 3691575 3848415 3906250 3910422 3692796 3820729 3668830 3910469 4086400 4094953 
002564	PK227	1168490	216	3678357 3848104 3492361 3820032 3860451 3913674 3691575 3848415 3906250 3910422 3692796 3820729 3668830 3910469 4086400 4094953 
011305	EHIII	0029059	22	3678357 3693092 3819196 3930237 3557742 3559900 3575769 3581375 3615055 3693565 3839352 3910564 4086311 
011305	EHIII	0029059	269	3678357 3693092 3819196 3930237 3557742 3559900 3575769 3581375 3615055 3693565 3839352 3910564 4086311 
007882	RCSEM	0470839	243	3683644 3796254 3817177 3820958 
007882	RCSEM	0470839	26	3683644 3796254 3817177 3820958 
001752	GOSCENE	3896859	26	3689500 3578921 3844962 3581077 3695292 3910686 
001752	GOSCENE	3896859	269	3689500 3578921 3844962 3581077 3695292 3910686 
007403	DAL25	0031611	280	3693286 3668196 3479311 3695285 3592680 3671851 3693219 3575309 3581967 3668785 3668865 3668904 3668925 3668999 3669007 
007403	DAL25	0031611	281	3693286 3668196 3479311 3695285 3592680 3671851 3693219 3575309 3581967 3668785 3668865 3668904 3668925 3668999 3669007 
007403	DAL25	0031611	26	3693286 3668196 3479311 3695285 3592680 3671851 3693219 3575309 3581967 3668785 3668865 3668904 3668925 3668999 3669007 
006041	PK338	3818520	214	3503382 3667273 3692098 3694797 3818782 3560770 3769368 3462240 3492361 3561280 3650596 3581077 3821044 3691575 3695554 3956133 3574519 3629518 3816960 3820774 3930083 3555932 3578240 3579864 3581375 3610120 3694432 3792350 3824188 3628726 3797830 
006041	PK338	3818520	61	3503382 3667273 3692098 3694797 3818782 3560770 3769368 3462240 3492361 3561280 3650596 3581077 3821044 3691575 3695554 3956133 3574519 3629518 3816960 3820774 3930083 3555932 3578240 3579864 3581375 3610120 3694432 3792350 3824188 3628726 3797830 
006041	PK338	3818520	282	3503382 3667273 3692098 3694797 3818782 3560770 3769368 3462240 3492361 3561280 3650596 3581077 3821044 3691575 3695554 3956133 3574519 3629518 3816960 3820774 3930083 3555932 3578240 3579864 3581375 3610120 3694432 3792350 3824188 3628726 3797830 
003014	DAL119	3332662	61	3695434 3816549 3930034 3715174 3797429 3815949 3914813 3498772 3823271 3851913 3575898 3690778 3692849 3695529 3817427 3915267 3580256 3668824 3797629 3797702 3910470 3910479 3910507 3910586 3910610 3910722 4086215 
003014	DAL119	3332662	86	3695434 3816549 3930034 3715174 3797429 3815949 3914813 3498772 3823271 3851913 3575898 3690778 3692849 3695529 3817427 3915267 3580256 3668824 3797629 3797702 3910470 3910479 3910507 3910586 3910610 3910722 4086215 
003014	DAL119	3332662	87	3695434 3816549 3930034 3715174 3797429 3815949 3914813 3498772 3823271 3851913 3575898 3690778 3692849 3695529 3817427 3915267 3580256 3668824 3797629 3797702 3910470 3910479 3910507 3910586 3910610 3910722 4086215 
010944	EHLEC	0777265	24	3577109 3695434 3797576 3816549 3592208 3715174 3580159 3694415 3793612 3581098 3575898 3510971 3577022 3692285 3817427 3690800 3819542 3668985 3689944 3797588 
010944	EHLEC	0777265	22	3577109 3695434 3797576 3816549 3592208 3715174 3580159 3694415 3793612 3581098 3575898 3510971 3577022 3692285 3817427 3690800 3819542 3668985 3689944 3797588 
002161	PK20	0301910	76	3652276 3651605 3699567 3821440 3846717 3497993 3716638 3821166 3668196 3712888 3652353 3816483 3611135 3915054 3930864 3666801 3693789 3722926 3821069 3695543 3821197 3426943 3629467 3671851 3710991 3715444 3768197 3816554 3816722 3817668 3820588 3861339 3580211 3820732 3668966 
002161	PK20	0301910	217	3652276 3651605 3699567 3821440 3846717 3497993 3716638 3821166 3668196 3712888 3652353 3816483 3611135 3915054 3930864 3666801 3693789 3722926 3821069 3695543 3821197 3426943 3629467 3671851 3710991 3715444 3768197 3816554 3816722 3817668 3820588 3861339 3580211 3820732 3668966 
006508	BYC100	0031478	280	3822912 3581996 3692285 3820395 3576011 
006508	BYC100	0031478	281	3822912 3581996 3692285 3820395 3576011 
015244	DAL212E	1167978	77	3768339 3904254 3914166 3559476 3580269 3580248 3668763 3668775 3910500 
001774	EHI	3474420	244	3768555 3602435 3561074 3462019 3549052 3568950 3579414 3668974 3797598 3797777 3910714 
001774	EHI	3474420	22	3768555 3602435 3561074 3462019 3549052 3568950 3579414 3668974 3797598 3797777 3910714 
003004	DAL119	4086857	26	3789055 3820970 3930168 3694415 3819269 3821439 3691748 3629951 3578811 3576002 3576540 3797697 3910461 4086243 4086268 4086276 4086303 4086342 4086351 4086426 4086457 3668941 
003004	DAL119	4086857	332	3789055 3820970 3930168 3694415 3819269 3821439 3691748 3629951 3578811 3576002 3576540 3797697 3910461 4086243 4086268 4086276 4086303 4086342 4086351 4086426 4086457 3668941 
003004	DAL119	4086857	77	3789055 3820970 3930168 3694415 3819269 3821439 3691748 3629951 3578811 3576002 3576540 3797697 3910461 4086243 4086268 4086276 4086303 4086342 4086351 4086426 4086457 3668941 
011075	PK10	3899727	23	3694797 3796237 3819304 3560167 3651487 3480868 3470393 3797331 3818025 3668812 3910721 
011075	PK10	3899727	25	3694797 3796237 3819304 3560167 3651487 3480868 3470393 3797331 3818025 3668812 3910721 
011075	PK10	3899727	215	3694797 3796237 3819304 3560167 3651487 3480868 3470393 3797331 3818025 3668812 3910721 
002393	DAL20	3332662	278	3797084 3616206 3910563 
002393	DAL20	3332662	279	3797084 3616206 3910563 
009240	EHII	0138190	245	3797084 3805981 3574475 3690204 3820491 3669004 4086280 
009240	EHII	0138190	246	3797084 3805981 3574475 3690204 3820491 3669004 4086280 
006500	TAYE	0031399	59	3851345 3814107 3475959 3558528 3580584 3820038 3914371 3930162 3904320 3724014 3577703 3929644 3581098 3695022 3816997 3695285 3818746 3581469 3695027 3818773 3820395 3820992 3929635 3930485 3690800 3792406 3819676 3823402 3915028 3930721 3930891 3503865 3578673 3910538 3910725 4086269 3797610 
006500	TAYE	0031399	87	3851345 3814107 3475959 3558528 3580584 3820038 3914371 3930162 3904320 3724014 3577703 3929644 3581098 3695022 3816997 3695285 3818746 3581469 3695027 3818773 3820395 3820992 3929635 3930485 3690800 3792406 3819676 3823402 3915028 3930721 3930891 3503865 3578673 3910538 3910725 4086269 3797610 
015667	TH118	3900232	278	3493764 3816963 3581247 3817981 3611135 3544254 3559302 3651585 3668538 3913606 3574475 
015667	TH118	3900232	279	3493764 3816963 3581247 3817981 3611135 3544254 3559302 3651585 3668538 3913606 3574475 
011536	TAYD	3213249	24	3817379 3908300 3930102 3817260 3818676 3823278 3667674 3730202 4091039 
011536	TAYD	3213249	25	3817379 3908300 3930102 3817260 3818676 3823278 3667674 3730202 4091039 
001881	PK126	0056992	244	3818807 3581232 3480867 3581967 3691241 
001881	PK126	0056992	245	3818807 3581232 3480867 3581967 3691241 
001881	PK126	0056992	246	3818807 3581232 3480867 3581967 3691241 
002569	PK337	3792642	23	3575916 3821393 3819143 3708638 3690719 3694417 3480867 3576020 3821554 3581952 3847728 3360165 3668753 3910527 
002569	PK337	3792642	213	3575916 3821393 3819143 3708638 3690719 3694417 3480867 3576020 3821554 3581952 3847728 3360165 3668753 3910527 
002569	PK337	3792642	215	3575916 3821393 3819143 3708638 3690719 3694417 3480867 3576020 3821554 3581952 3847728 3360165 3668753 3910527 
010724	PK227	1168490	60	3821393 3574137 3651499 3819143 3581171 3581201 3694384 3501476 3576020 3581127 3797331 3821554 3576355 3576623 3720506 3797808 
010724	PK227	1168490	214	3821393 3574137 3651499 3819143 3581171 3581201 3694384 3501476 3576020 3581127 3797331 3821554 3576355 3576623 3720506 3797808 
010724	PK227	1168490	282	3821393 3574137 3651499 3819143 3581171 3581201 3694384 3501476 3576020 3581127 3797331 3821554 3576355 3576623 3720506 3797808 
015672	GOB	3999282	246	3578443 3820970 3575969 3914371 3531305 3857764 3910422 3547282 3559963 3694791 3929575 3533264 3797610 
015672	GOB	3999282	269	3578443 3820970 3575969 3914371 3531305 3857764 3910422 3547282 3559963 3694791 3929575 3533264 3797610 
015673	GOSCENE	3999282	215	3578443 3820970 3821004 3575969 3914371 3531305 3857764 3910422 3547282 3694481 3694791 3818029 3929575 3533264 3797610 
015673	GOSCENE	3999282	60	3578443 3820970 3821004 3575969 3914371 3531305 3857764 3910422 3547282 3694481 3694791 3818029 3929575 3533264 3797610 
007923	RCSEM	0821481	23	3651243 3821088 3497948 3578392 3797764 3797833 
007923	RCSEM	0821481	25	3651243 3821088 3497948 3578392 3797764 3797833 
002362	TAYSEM	1165566	278	3821269 3483977 3768025 
002362	TAYSEM	1165566	279	3821269 3483977 3768025 
003001	DAL119	3473854	213	3820030 3821588 3820037 3821571 3667749 3797429 3821439 3464954 3653200 3817637 3820405 3613455 3821008 3694236 3819598 3821359 3820971 3823402 3576355 3668760 3797760 3910516 3910523 3910670 3910732 
003001	DAL119	3473854	215	3820030 3821588 3820037 3821571 3667749 3797429 3821439 3464954 3653200 3817637 3820405 3613455 3821008 3694236 3819598 3821359 3820971 3823402 3576355 3668760 3797760 3910516 3910523 3910670 3910732 
003001	DAL119	3473854	84	3820030 3821588 3820037 3821571 3667749 3797429 3821439 3464954 3653200 3817637 3820405 3613455 3821008 3694236 3819598 3821359 3820971 3823402 3576355 3668760 3797760 3910516 3910523 3910670 3910732 
009232	TH104	3208421	244	3821162 3819380 3498974 3821632 3575071 3580798 3821116 3653119 3690346 3226303 3689919 3820010 3483977 3821006 3639772 3693280 3768025 3577741 3668826 3668849 3669008 3797819 3910690 3910691 3910741 
009232	TH104	3208421	23	3821162 3819380 3498974 3821632 3575071 3580798 3821116 3653119 3690346 3226303 3689919 3820010 3483977 3821006 3639772 3693280 3768025 3577741 3668826 3668849 3669008 3797819 3910690 3910691 3910741 
015113	BYC127	0820103	244	3482288 3635008 3823113 3492392 3581827 3462240 3579028 3531305 3538202 3559657 3581846 3487316 3820405 3574866 3930137 3930469 3930767 3908117 3910624 
015113	BYC127	0820103	23	3482288 3635008 3823113 3492392 3581827 3462240 3579028 3531305 3538202 3559657 3581846 3487316 3820405 3574866 3930137 3930469 3930767 3908117 3910624 
015113	BYC127	0820103	78	3482288 3635008 3823113 3492392 3581827 3462240 3579028 3531305 3538202 3559657 3581846 3487316 3820405 3574866 3930137 3930469 3930767 3908117 3910624 
013207	ROSTUD	0493856	75	3581981 3818686 3823438 3694012 3575898 3817427 3914354 3930731 3797773 3910630 
003406	PK20	1167851	25	3915044 3581981 3930135 3816963 3843810 3858245 3901790 3930220 3769368 3819177 3930026 3930260 4000229 3666995 3668130 3820032 3914813 3915038 3823271 3929167 3823405 3914875 3930054 3930302 3580912 3930683 3807883 3914814 3930083 3930303 3651465 3820756 3821359 3824450 3904101 3915243 3928911 3930469 3930547 3417643 3930721 4093446 3481532 3581967 3821047 3915036 
003406	PK20	1167851	270	3915044 3581981 3930135 3816963 3843810 3858245 3901790 3930220 3769368 3819177 3930026 3930260 4000229 3666995 3668130 3820032 3914813 3915038 3823271 3929167 3823405 3914875 3930054 3930302 3580912 3930683 3807883 3914814 3930083 3930303 3651465 3820756 3821359 3824450 3904101 3915243 3928911 3930469 3930547 3417643 3930721 4093446 3481532 3581967 3821047 3915036 
013190	DAL212A	1137952	243	3575266 3904320 3915038 3570123 3789439 3913674 3929849 3595071 3889653 3608602 3579867 3788743 3797564 3820587 3834370 3693891 3930731 3797831 3910526 3910766 4086215 4086424 
013190	DAL212A	1137952	26	3575266 3904320 3915038 3570123 3789439 3913674 3929849 3595071 3889653 3608602 3579867 3788743 3797564 3820587 3834370 3693891 3930731 3797831 3910526 3910766 4086215 4086424 
006851	PK234	0402773	25	3768303 3903896 3822218 3905871 3691783 3819196 3819269 3929815 3821116 3650239 3580796 3820768 3901413 3543742 3576792 3578747 3846920 3850568 3199633 3904645 3790306 
006851	PK234	0402773	215	3768303 3903896 3822218 3905871 3691783 3819196 3819269 3929815 3821116 3650239 3580796 3820768 3901413 3543742 3576792 3578747 3846920 3850568 3199633 3904645 3790306 
006851	PK234	0402773	217	3768303 3903896 3822218 3905871 3691783 3819196 3819269 3929815 3821116 3650239 3580796 3820768 3901413 3543742 3576792 3578747 3846920 3850568 3199633 3904645 3790306 
012304	DAL212A	0031572	217	3580259 3910937 3540428 3561430 3693856 3788983 3901691 3581962 3691962 3714653 3629518 3807883 3510665 3788990 3790792 3818675 3690204 3482422 3668921 3668924 3797642 3797768 4086436 
001764	CAN205	1000086	79	3788919 3692164 3911124 3492392 3578177 3817981 3759024 3817261 3830308 3483036 3781152 3796964 3669014 4086511 
004810	CARP13	1051497	244	3911124 3913807 3931474 3910630 3910651 4086245 
004810	CARP13	1051497	245	3911124 3913807 3931474 3910630 3910651 4086245 
011987	PK20	3764403	278	3913159 3775417 3903520 3797324 3852806 
011987	PK20	3764403	279	3913159 3775417 3903520 3797324 3852806 
001424	CARP17	0020093	22	3913185 3620520 3758075 3768588 3914968 3695539 3612203 3581903 3904101 3913606 3820378 3797614 
001424	CARP17	0020093	269	3913185 3620520 3758075 3768588 3914968 3695539 3612203 3581903 3904101 3913606 3820378 3797614 
007028	BYC106	0316015	281	3589576 3913862 3609553 3930034 3902667 3695784 3666161 3797629 3797647 3797728 3910762 4086433 
007028	BYC106	0316015	213	3589576 3913862 3609553 3930034 3902667 3695784 3666161 3797629 3797647 3797728 3910762 4086433 
012818	DAL20	3448653	244	3913862 3914251 3597215 3823094 3716057 3818805 3846920 3913863 3721994 3797645 3797692 3797829 
012818	DAL20	3448653	23	3913862 3914251 3597215 3823094 3716057 3818805 3846920 3913863 3721994 3797645 3797692 3797829 
007368	TH110	0031611	214	3839910 3930614 3858245 3930052 3931001 3818770 3820037 3914371 3915042 3930162 3580251 3609407 3668130 3816181 3822995 3834985 3602435 3692852 3789493 3914515 3930967 3577703 3817981 3816530 3930070 3796148 3820405 3821048 3857764 3911054 3930302 3689329 3889653 3823151 3914724 3695643 3788616 3819353 3854016 3759552 3788743 3788897 3797564 3816463 3819598 3839352 3860357 3913815 3914928 3929241 3929575 3929894 3930485 3930676 3820491 3915028 3915036 3910696 4086457 
007368	TH110	0031611	61	3839910 3930614 3858245 3930052 3931001 3818770 3820037 3914371 3915042 3930162 3580251 3609407 3668130 3816181 3822995 3834985 3602435 3692852 3789493 3914515 3930967 3577703 3817981 3816530 3930070 3796148 3820405 3821048 3857764 3911054 3930302 3689329 3889653 3823151 3914724 3695643 3788616 3819353 3854016 3759552 3788743 3788897 3797564 3816463 3819598 3839352 3860357 3913815 3914928 3929241 3929575 3929894 3930485 3930676 3820491 3915028 3915036 3910696 4086457 
007368	TH110	0031611	282	3839910 3930614 3858245 3930052 3931001 3818770 3820037 3914371 3915042 3930162 3580251 3609407 3668130 3816181 3822995 3834985 3602435 3692852 3789493 3914515 3930967 3577703 3817981 3816530 3930070 3796148 3820405 3821048 3857764 3911054 3930302 3689329 3889653 3823151 3914724 3695643 3788616 3819353 3854016 3759552 3788743 3788897 3797564 3816463 3819598 3839352 3860357 3913815 3914928 3929241 3929575 3929894 3930485 3930676 3820491 3915028 3915036 3910696 4086457 
010872	DAL300	3098022	278	3575971 3930052 3819367 3931971 3789315 3816832 3672031 3578963 3581903 3592680 3666175 3704166 3796964 3819433 
010872	DAL300	3098022	279	3575971 3930052 3819367 3931971 3789315 3816832 3672031 3578963 3581903 3592680 3666175 3704166 3796964 3819433 
012487	TH104	0777265	278	3930614 3581207 3609553 3816708 3618222 
012487	TH104	0777265	279	3930614 3581207 3609553 3816708 3618222 
001552	PEMSTD	0129398	278	3930831 3483042 3910622 
001552	PEMSTD	0129398	279	3930831 3483042 3910622 
012354	GOB	0031756	26	3930831 3432357 3910622 3910674 4086355 
012354	GOB	0031756	245	3930831 3432357 3910622 3910674 4086355 
013185	DAL1	0132890	22	3488858 3597215 3689329 3575259 3692786 3693253 3666207 3797720 3797784 
013185	DAL1	0132890	269	3488858 3597215 3689329 3575259 3692786 3693253 3666207 3797720 3797784 
013640	DAL300	0893542	243	3488858 3487623 3821034 3668937 
013640	DAL300	0893542	26	3488858 3487623 3821034 3668937 
002438	TAYG	0321808	278	3540705 3668827 
002438	TAYG	0321808	279	3540705 3668827 
012437	TAYF	0825571	215	3503587 3635008 3693286 3544945 3558838 3560234 3690652 3480592 3695285 3476927 3524963 3606350 3650228 3693219 3693433 3693224 3789464 3668778 3668844 3668865 3668912 3668933 3669018 3910539 
012437	TAYF	0825571	86	3503587 3635008 3693286 3544945 3558838 3560234 3690652 3480592 3695285 3476927 3524963 3606350 3650228 3693219 3693433 3693224 3789464 3668778 3668844 3668865 3668912 3668933 3669018 3910539 
012437	TAYF	0825571	85	3503587 3635008 3693286 3544945 3558838 3560234 3690652 3480592 3695285 3476927 3524963 3606350 3650228 3693219 3693433 3693224 3789464 3668778 3668844 3668865 3668912 3668933 3669018 3910539 
001894	PK259	3483424	243	3557244 3575483 3483640 3480868 3581085 3575928 
001894	PK259	3483424	244	3557244 3575483 3483640 3480868 3581085 3575928 
001894	PK259	3483424	245	3557244 3575483 3483640 3480868 3581085 3575928 
006588	BYC239	0031478	243	3506324 3577109 3558528 3581228 3581098 3510971 3579414 3576011 3668812 
006588	BYC239	0031478	26	3506324 3577109 3558528 3581228 3581098 3510971 3579414 3576011 3668812 
012730	CARP15	3996795	243	3558838 3581870 3576230 3486834 3667821 3669013 
012730	CARP15	3996795	24	3558838 3581870 3576230 3486834 3667821 3669013 
002412	TH102	0697660	25	3821162 3819380 3821004 3540705 3559970 3671929 3560193 3226303 3820010 3598090 3597302 3694481 3821643 3577741 3666161 3668868 3668911 3669008 3910691 
002412	TH102	0697660	332	3821162 3819380 3821004 3540705 3559970 3671929 3560193 3226303 3820010 3598090 3597302 3694481 3821643 3577741 3666161 3668868 3668911 3669008 3910691 
008774	TH129	0031572	26	3560234 3820885 3904965 3854016 3676165 3839352 3910691 4086248 
008774	TH129	0031572	24	3560234 3820885 3904965 3854016 3676165 3839352 3910691 4086248 
003034	DAL212E	4019282	22	3560770 3486834 3574542 3580326 
003034	DAL212E	4019282	269	3560770 3486834 3574542 3580326 
003034	DAL212E	4019282	23	3560770 3486834 3574542 3580326 
008782	TAYB	0576472	78	3578804 3561430 3652473 3709927 3788983 3691981 3715174 3915088 3559319 3559225 3690204 3668807 3668829 3910483 3910569 3910698 4086296 
004889	TH111	0348369	79	3575969 3576753 3580139 3561511 3579949 3575908 3481944 3508682 3581080 3581149 3581469 3581907 3692294 3533264 3558963 3580383 3668770 3669045 
011187	CARP13	0032827	243	3576753 3667749 3581469 3668832 
011187	CARP13	0032827	26	3576753 3667749 3581469 3668832 
005263	DAL20	0493855	76	3575266 3579579 3665045 3819232 3815902 3616206 3768458 3650225 3667381 3506165 3668844 3669016 
012352	PEMSTD	0129398	26	3558838 3580584 3819372 3667821 3762625 
012352	PEMSTD	0129398	246	3558838 3580584 3819372 3667821 3762625 
005218	TAYB	1020104	246	3667404 3609553 3540190 3577795 3618222 3816180 3901004 3559462 3651486 3692807 3820587 3910179 3417643 3514920 
005218	TAYB	1020104	24	3667404 3609553 3540190 3577795 3618222 3816180 3901004 3559462 3651486 3692807 3820587 3910179 3417643 3514920 
013180	EHII	3818518	213	3692761 3789175 3693612 3816549 3577054 3610671 3774021 3691962 3914906 3483036 3704166 3728679 3576037 3668944 3668988 3797633 
013180	EHII	3818518	215	3692761 3789175 3693612 3816549 3577054 3610671 3774021 3691962 3914906 3483036 3704166 3728679 3576037 3668944 3668988 3797633 
005853	TH102	3470325	26	3612427 3616872 3775417 3789315 3606418 3797532 3668783 3668930 3703938 3910745 
005853	TH102	3470325	245	3612427 3616872 3775417 3789315 3606418 3797532 3668783 3668930 3703938 3910745 
006523	BYC239	0031573	280	3612427 3758075 3848104 3759337 3815898 3650578 3908314 
006523	BYC239	0031573	281	3612427 3758075 3848104 3759337 3815898 3650578 3908314 
014180	EHI	0599596	280	3581315 3620520 3694980 3602435 3690020 3577590 3629970 3797564 3694813 3668856 
014180	EHI	0599596	281	3581315 3620520 3694980 3602435 3690020 3577590 3629970 3797564 3694813 3668856 
015245	DAL1	3839981	84	3790492 3558543 3667404 3690652 3769494 3823387 3678350 3538688 3797206 3930721 3668763 3910483 3910707 3910712 
015245	DAL1	3839981	61	3790492 3558543 3667404 3690652 3769494 3823387 3678350 3538688 3797206 3930721 3668763 3910483 3910707 3910712 
013998	TH224	0999321	278	3578191 3651573 3692187 
013998	TH224	0999321	279	3578191 3651573 3692187 
013998	TH224	0999321	244	3578191 3651573 3692187 
013997	DAL119	3575049	243	3693612 3694980 3631101 3652273 3690020 3578036 3599536 3695529 3668906 
013997	DAL119	3575049	22	3693612 3694980 3631101 3652273 3690020 3578036 3599536 3695529 3668906 
006504	TAYD	1021242	216	3930674 3774021 3796906 3811886 3845742 3915026 3930260 3822995 3902614 3913807 3690719 3722764 3789439 3816993 3808480 3929102 3807883 3510971 3610120 3649880 3759552 3768620 3797532 3821643 3930547 3931929 3722992 3915028 3910510 3910542 
006504	TAYD	1021242	84	3930674 3774021 3796906 3811886 3845742 3915026 3930260 3822995 3902614 3913807 3690719 3722764 3789439 3816993 3808480 3929102 3807883 3510971 3610120 3649880 3759552 3768620 3797532 3821643 3930547 3931929 3722992 3915028 3910510 3910542 
004379	PK264	3451416	75	3775417 3655749 3559624 3599536 3781152 3819676 3910498 
014124	TH102	3555100	280	3544262 3775417 3557742 
014124	TH102	3555100	281	3544262 3775417 3557742 
005734	TH223	3556752	278	3789070 3694415 3669016 
005734	TH223	3556752	279	3789070 3694415 3669016 
007878	RCCON	0470839	244	3790857 3811886 3913786 3615055 3693557 3695784 3818029 3820212 4086413 
007878	RCCON	0470839	245	3790857 3811886 3913786 3615055 3693557 3695784 3818029 3820212 4086413 
012353	GOB	3431836	24	3577485 3796723 3531305 3432357 3762625 3559731 
012353	GOB	3431836	22	3577485 3796723 3531305 3432357 3762625 3559731 
014982	DAL1	0899465	278	3577109 3796723 3577806 3651816 
014982	DAL1	0899465	279	3577109 3796723 3577806 3651816 
015507	DAL315	0673281	243	3797164 3666995 3931971 3789315 3771747 3650256 
015507	DAL315	0673281	24	3797164 3666995 3931971 3789315 3771747 3650256 
015508	DAL20	0673281	79	3576231 3797164 3797266 3538202 3557478 3559149 3559963 3560256 3704166 3817177 3537536 3910738 
015013	TH111	0827051	278	3930237 3764157 3905822 3847728 4086244 4086385 
015013	TH111	0827051	279	3930237 3764157 3905822 3847728 4086244 4086385 
003456	CARP17	3318436	26	3693185 3492392 3811886 3914745 3581846 3560687 3789507 3557742 3759552 3818675 3668793 3668817 
003456	CARP17	3318436	24	3693185 3492392 3811886 3914745 3581846 3560687 3789507 3557742 3759552 3818675 3668793 3668817 
004012	TAYC	3442425	244	3551641 3811941 3871577 3910848 3666995 3797168 3397771 3789439 3823311 3930967 3715155 3771823 3823092 3931158 3817507 3929800 3695201 3820491 3912597 3915203 
004012	TAYC	3442425	332	3551641 3811941 3871577 3910848 3666995 3797168 3397771 3789439 3823311 3930967 3715155 3771823 3823092 3931158 3817507 3929800 3695201 3820491 3912597 3915203 
001747	GOSCENE	3896859	245	3821016 3904334 3666520 3816997 3818676 3694813 3668916 3668934 3910704 4086443 4086450 
001747	GOSCENE	3896859	246	3821016 3904334 3666520 3816997 3818676 3694813 3668916 3668934 3910704 4086443 4086450 
014123	TH102	3555100	278	3823228 3483059 3931158 3650256 
014123	TH102	3555100	279	3823228 3483059 3931158 3650256 
004360	PK20	3451416	278	3845742 3913671 3608602 3789246 3929575 
004360	PK20	3451416	279	3845742 3913671 3608602 3789246 3929575 
003421	EHII	0024092	280	3619323 3692164 3843810 3560234 3821766 3903520 3914745 3815902 3823387 3821958 3559900 3630526 3759552 3910567 
003421	EHII	0024092	281	3619323 3692164 3843810 3560234 3821766 3903520 3914745 3815902 3823387 3821958 3559900 3630526 3759552 3910567 
002390	ROSTUD	0316015	244	3559815 3905885 3904320 3574873 3797626 3797791 
002390	ROSTUD	0316015	245	3559815 3905885 3904320 3574873 3797626 3797791 
013213	PK20	3996564	280	3914750 3666520 3672031 3574967 3910635 3910652 3910717 
013213	PK20	3996564	281	3914750 3666520 3672031 3574967 3910635 3910652 3910717 
003007	DAL1	3473854	23	3929468 3929679 3913815 3823402 4093446 3797760 3910516 3910641 3910670 4086276 4086327 4086356 
003007	DAL1	3473854	272	3929468 3929679 3913815 3823402 4093446 3797760 3910516 3910641 3910670 4086276 4086327 4086356 
003007	DAL1	3473854	60	3929468 3929679 3913815 3823402 4093446 3797760 3910516 3910641 3910670 4086276 4086327 4086356 
011535	PK354	3213249	76	3651750 3852217 3930705 3690845 3584557 3611048 3677885 3821059 3824188 3931064 3669044 
012821	DAL20	3448653	245	3470797 3575071 3576763 3479534 3595071 3689919 3639772 3676165 3693280 3666161 3668895 
012821	DAL20	3448653	246	3470797 3575071 3576763 3479534 3595071 3689919 3639772 3676165 3693280 3666161 3668895 
015501	DAL20	1168592	78	3561229 3580798 3690346 3574967 3577022 3580991 3693280 3694481 3458061 3797648 3797854 3797856 
009342	SW7	0031522	278	3581228 3606350 
009342	SW7	0031522	279	3581228 3606350 
009342	SW7	0031522	280	3581228 3606350 
009335	BYC106	0031522	243	3460718 3609407 3618222 3666520 3606148 3797673 
009335	BYC106	0031522	26	3460718 3609407 3618222 3666520 3606148 3797673 
014866	PK20	0031522	79	3819380 3630474 3669069 3930817 3931001 3518231 3915042 3631101 3476864 3668420 3910870 3512896 3651573 3931889 3705083 3577806 3655393 3559870 3576126 3577682 3690778 3694741 3694791 3816924 3816970 3903909 3903986 3930891 3908117 3463919 3578673 3668805 3668843 3668860 3668934 3668961 3669008 3669027 3797588 3797590 3797597 3797607 3797638 3797641 3797648 3797657 3797659 3797679 3797776 3797863 3815923 3910479 3910489 3910535 3910550 3910559 3910599 3910676 3910681 3910704 3910725 3910756 3929472 4086225 4086260 4086268 4086269 4086321 4086357 4086375 4086393 4086476 4096176 
014866	PK20	0031522	84	3819380 3630474 3669069 3930817 3931001 3518231 3915042 3631101 3476864 3668420 3910870 3512896 3651573 3931889 3705083 3577806 3655393 3559870 3576126 3577682 3690778 3694741 3694791 3816924 3816970 3903909 3903986 3930891 3908117 3463919 3578673 3668805 3668843 3668860 3668934 3668961 3669008 3669027 3797588 3797590 3797597 3797607 3797638 3797641 3797648 3797657 3797659 3797679 3797776 3797863 3815923 3910479 3910489 3910535 3910550 3910559 3910599 3910676 3910681 3910704 3910725 3910756 3929472 4086225 4086260 4086268 4086269 4086321 4086357 4086375 4086393 4086476 4096176 
002874	TH116	0031582	278	3669280 3667311 3668758 3797755 
002874	TH116	0031582	279	3669280 3667311 3668758 3797755 
005864	PK20	3212821	26	3669280 3480791 3650997 
005864	PK20	3212821	245	3669280 3480791 3650997 
009270	CARP25	3554810	244	3930890 3691783 3576230 3691748 3819628 3691228 3823755 3823192 3824450 3905822 3929222 3929575 3668952 3910529 3910541 3910567 3910646 3910718 4086246 4086296 4086310 
009270	CARP25	3554810	23	3930890 3691783 3576230 3691748 3819628 3691228 3823755 3823192 3824450 3905822 3929222 3929575 3668952 3910529 3910541 3910567 3910646 3910718 4086246 4086296 4086310 
008769	CARP25	3554385	85	3458065 3852217 3759337 3799593 3823405 3903833 3930608 3690806 3930302 3226303 3814776 3816997 3817261 3889653 3483977 3579867 3858715 3902911 3906818 3913606 
008769	CARP25	3554385	84	3458065 3852217 3759337 3799593 3823405 3903833 3930608 3690806 3930302 3226303 3814776 3816997 3817261 3889653 3483977 3579867 3858715 3902911 3906818 3913606 
004362	DAL2	3451416	280	3768588 3576990 3910495 4086397 
004362	DAL2	3451416	281	3768588 3576990 3910495 4086397 
014140	TAYG	0031336	243	3797168 3602816 3559903 3559537 3692786 3797784 4086245 
014140	TAYG	0031336	246	3797168 3602816 3559903 3559537 3692786 3797784 4086245 
002420	TAYSEM	0695890	280	3816181 3476864 3797692 
002420	TAYSEM	0695890	281	3816181 3476864 3797692 
006860	PK234	3461209	278	3822912 3820965 3584557 3694432 3818773 3824188 3929237 
006860	PK234	3461209	279	3822912 3820965 3584557 3694432 3818773 3824188 3929237 
006860	PK234	3461209	23	3822912 3820965 3584557 3694432 3818773 3824188 3929237 
006874	PK20	3818519	76	3667464 3820965 3789493 3694738 3694431 3694903 3610120 3792350 
006874	PK20	3818519	78	3667464 3820965 3789493 3694738 3694431 3694903 3610120 3792350 
003008	DAL119	3473854	281	3821004 3914813 3464954 3695027 3819230 3914354 3668760 3668953 3797636 3910491 3910503 3910563 3910647 4086223 4086425 
003008	DAL119	3473854	244	3821004 3914813 3464954 3695027 3819230 3914354 3668760 3668953 3797636 3910491 3910503 3910563 3910647 4086223 4086425 
003008	DAL119	3473854	245	3821004 3914813 3464954 3695027 3819230 3914354 3668760 3668953 3797636 3910491 3910503 3910563 3910647 4086223 4086425 
013648	SW3	0605187	278	3581999 3822613 3556594 
013648	SW3	0605187	279	3581999 3822613 3556594 
003448	EHI	0031359	24	3652473 3764613 3914968 3652373 3823311 3856450 3815898 3913396 3819645 3820992 3910556 
003448	EHI	0031359	84	3652473 3764613 3914968 3652373 3823311 3856450 3815898 3913396 3819645 3820992 3910556 
002151	PK229	0428815	213	3930220 3929679 3915038 3931962 3903833 3695145 3852791 3560649 3821231 3817507 3819645 3906818 3930865 3915036 3669047 
002151	PK229	0428815	318	3930220 3929679 3915038 3931962 3903833 3695145 3852791 3560649 3821231 3817507 3819645 3906818 3930865 3915036 3669047 
002151	PK229	0428815	216	3930220 3929679 3915038 3931962 3903833 3695145 3852791 3560649 3821231 3817507 3819645 3906818 3930865 3915036 3669047 
013146	PK20	0031568	75	3498772 3581455 3578392 3692609 3576355 3576507 3581851 
013146	PK20	0031568	76	3498772 3581455 3578392 3692609 3576355 3576507 3581851 
014628	GOB	3575049	79	3481391 3687862 3815949 3524066 3694012 3691925 3764422 3581846 3561402 3538928 3546891 3574546 3580256 3693473 3816466 3819542 3668820 3668854 3668867 3668874 3910523 
015681	GOCOM	0995587	280	3820970 3581389 3596492 3599090 3819372 3903138 3668772 3797643 3910744 
015681	GOCOM	0995587	281	3820970 3581389 3596492 3599090 3819372 3903138 3668772 3797643 3910744 
015682	GOCOM	3460008	244	3820970 3581389 3596492 3599090 3819372 3903138 3668772 3797643 3910744 
015682	GOCOM	3460008	245	3820970 3581389 3596492 3599090 3819372 3903138 3668772 3797643 3910744 
002698	EHII	0854975	278	3581596 3668955 3910696 
002698	EHII	0854975	279	3581596 3668955 3910696 
015660	PK227	3926311	26	3694101 3822912 3596713 3579143 
015660	PK227	3926311	244	3694101 3822912 3596713 3579143 
015660	PK227	3926311	24	3694101 3822912 3596713 3579143 
003029	DAL1	4019282	215	3492423 3601391 3579028 3694415 3691748 3629951 3694431 3561084 3578392 3649880 3695027 3578842 3695024 3695271 3797604 3797638 3797674 3910471 
003029	DAL1	4019282	60	3492423 3601391 3579028 3694415 3691748 3629951 3694431 3561084 3578392 3649880 3695027 3578842 3695024 3695271 3797604 3797638 3797674 3910471 
003029	DAL1	4019282	214	3492423 3601391 3579028 3694415 3691748 3629951 3694431 3561084 3578392 3649880 3695027 3578842 3695024 3695271 3797604 3797638 3797674 3910471 
012292	DAL300	3098022	280	3819367 3931971 3480791 3666175 3704166 3796732 3576521 3797661 4086269 
012292	DAL300	3098022	281	3819367 3931971 3480791 3666175 3704166 3796732 3576521 3797661 4086269 
007051	PK20	0031336	26	3904254 3860451 3690020 3560860 3606350 3915036 3910580 
007051	PK20	0031336	332	3904254 3860451 3690020 3560860 3606350 3915036 3910580 
005122	TH251	3400071	278	3693092 3901254 3910576 3910761 4086247 
005122	TH251	3400071	279	3693092 3901254 3910576 3910761 4086247 
015496	CARP17	3451416	244	3823228 3904965 3815902 3667821 3691983 3581920 3610287 3629970 3797206 3910636 3910680 
015496	CARP17	3451416	245	3823228 3904965 3815902 3667821 3691983 3581920 3610287 3629970 3797206 3910636 3910680 
015670	TH104	0804281	25	3651365 3558528 3930890 3631101 3561402 3560649 3599536 3650225 3816924 3914676 3821034 3694426 3668795 3668834 3668870 3759872 3797657 3797880 3910495 3910580 4086503 
015670	TH104	0804281	270	3651365 3558528 3930890 3631101 3561402 3560649 3599536 3650225 3816924 3914676 3821034 3694426 3668795 3668834 3668870 3759872 3797657 3797880 3910495 3910580 4086503 
001843	PK229	0056992	23	3789175 3493764 3820745 3821254 3931962 3666801 3818024 3501476 3559963 3579864 3581920 3725997 3788897 3816722 3819332 3860357 3995730 3904620 3668792 3668859 3668984 3797844 3910481 
001843	PK229	0056992	25	3789175 3493764 3820745 3821254 3931962 3666801 3818024 3501476 3559963 3579864 3581920 3725997 3788897 3816722 3819332 3860357 3995730 3904620 3668792 3668859 3668984 3797844 3910481 
001843	PK229	0056992	84	3789175 3493764 3820745 3821254 3931962 3666801 3818024 3501476 3559963 3579864 3581920 3725997 3788897 3816722 3819332 3860357 3995730 3904620 3668792 3668859 3668984 3797844 3910481 
013641	DAL212E	0893542	244	3485774 3559903 3577590 3668923 3797676 
013641	DAL212E	0893542	245	3485774 3559903 3577590 3668923 3797676 
013915	PK247	0564741	280	3575916 3581227 3581171 3576013 3560373 
013915	PK247	0564741	281	3575916 3581227 3581171 3576013 3560373 
013915	PK247	0564741	26	3575916 3581227 3581171 3576013 3560373 
004281	PK200	3092832	244	3651365 3820885 3816993 3581918 3579645 3631042 3583596 3797831 3910595 3910605 
004281	PK200	3092832	22	3651365 3820885 3816993 3581918 3579645 3631042 3583596 3797831 3910595 3910605 
012729	CAN205	3996795	280	3551641 3692852 3508682 3581080 3669045 
012729	CAN205	3996795	281	3551641 3692852 3508682 3581080 3669045 
002653	DAL10	0576472	213	3699561 3711797 3817048 3652353 3816483 3931158 3668538 3820958 3694813 
002653	DAL10	0576472	215	3699561 3711797 3817048 3652353 3816483 3931158 3668538 3820958 3694813 
007370	TAYF	0826964	85	3820858 3689328 3797429 3904965 3724014 3931889 3821069 3851846 3796254 3807883 3910343 3630501 3788743 3788897 3820729 3904411 3903986 3930891 4091039 3910507 3910532 3910578 3910583 3910587 4093813 
007370	TAYF	0826964	279	3820858 3689328 3797429 3904965 3724014 3931889 3821069 3851846 3796254 3807883 3910343 3630501 3788743 3788897 3820729 3904411 3903986 3930891 4091039 3910507 3910532 3910578 3910583 3910587 4093813 
007370	TAYF	0826964	246	3820858 3689328 3797429 3904965 3724014 3931889 3821069 3851846 3796254 3807883 3910343 3630501 3788743 3788897 3820729 3904411 3903986 3930891 4091039 3910507 3910532 3910578 3910583 3910587 4093813 
001457	TH102	3555417	244	3789315 3816832 3608602 3650997 
001457	TH102	3555417	246	3789315 3816832 3608602 3650997 
007032	BYC106	0031573	22	3914745 3821687 3823311 3930967 3930083 3910179 3821886 3797773 3910615 4086253 4086357 
007032	BYC106	0031573	271	3914745 3821687 3823311 3930967 3930083 3910179 3821886 3797773 3910615 4086253 4086357 
004356	PK354	0847593	75	3915042 3764613 3789315 3929167 3904334 3851913 3930303 3796732 3910179 3929237 3929241 
011307	DAL1	3213249	26	3580586 3929167 3821048 3502893 3666207 
011307	DAL1	3213249	246	3580586 3929167 3821048 3502893 3666207 
002397	TH129	3839983	280	3820037 3915026 3929651 3512896 3821048 3595071 3818805 3397840 3668831 3910529 
002397	TH129	3839983	281	3820037 3915026 3929651 3512896 3821048 3595071 3818805 3397840 3668831 3910529 
004832	CAN205	0053518	217	3581827 3486653 3652273 3579143 3485628 3581469 3581907 3717144 3790825 3820958 3695201 3821886 3668839 4086370 
006539	EHII	0777265	243	3692164 3797576 3816993 3576763 3581455 3695022 3930047 3797206 3820900 3538928 3692609 3797760 
006539	EHII	0777265	271	3692164 3797576 3816993 3576763 3581455 3695022 3930047 3797206 3820900 3538928 3692609 3797760 
014969	ROSTUD	3448653	278	3576763 3568636 3797752 3797829 3797856 
014969	ROSTUD	3448653	279	3576763 3568636 3797752 3797829 3797856 
003002	DAL212E	0492580	278	3577703 3821044 3819230 3199633 3666161 3910588 
003002	DAL212E	0492580	279	3577703 3821044 3819230 3199633 3666161 3910588 
003002	DAL212E	0492580	280	3577703 3821044 3819230 3199633 3666161 3910588 
014207	TH110	3554810	280	3486834 3692756 3820900 3668832 3797644 
014207	TH110	3554810	281	3486834 3692756 3820900 3668832 3797644 
015133	DAL1	3898367	25	3480728 3709927 3514095 3597215 3817419 3559903 3574519 3510665 3514964 3559537 3694791 3578781 
015133	DAL1	3898367	270	3480728 3709927 3514095 3597215 3817419 3559903 3574519 3510665 3514964 3559537 3694791 3578781 
002175	PK354	0168378	245	3493748 3561074 3471447 3471450 3521265 3559302 3578747 3581996 3650578 3580248 3668766 
002175	PK354	0168378	246	3493748 3561074 3471447 3471450 3521265 3559302 3578747 3581996 3650578 3580248 3668766 
002175	PK354	0168378	75	3493748 3561074 3471447 3471450 3521265 3559302 3578747 3581996 3650578 3580248 3668766 
001891	PK126	3459335	281	3579143 3591591 3576512 
001891	PK126	3459335	23	3579143 3591591 3576512 
001891	PK126	3459335	25	3579143 3591591 3576512 
004306	PK200	3818521	245	3561229 3581962 3581220 3581918 3576013 3580217 3579181 3458061 3576623 3668767 
004306	PK200	3818521	246	3561229 3581962 3581220 3581918 3576013 3580217 3579181 3458061 3576623 3668767 
011865	PK25	3092832	280	3581220 3579181 3797728 
011865	PK25	3092832	243	3581220 3579181 3797728 
015410	DAL212E	0024092	243	3592325 3493931 3668800 
015410	DAL212E	0024092	26	3592325 3493931 3668800 
012294	PK200	3098022	24	3759092 3629951 3491953 3576623 3668932 3797784 3910509 3910591 4086245 4086488 
012294	PK200	3098022	25	3759092 3629951 3491953 3576623 3668932 3797784 3910509 3910591 4086245 4086488 
009231	DAL20	0697660	22	3596713 3653200 3568636 3580114 3561098 3797829 3797856 3910503 3910690 
009231	DAL20	0697660	269	3596713 3653200 3568636 3580114 3561098 3797829 3797856 3910503 3910690 
005725	CARP25	3648007	278	3695145 3953805 3819542 3668770 3910646 4086475 
005725	CARP25	3648007	279	3695145 3953805 3819542 3668770 3910646 4086475 
015668	CAN205	3910189	25	3768034 3560687 3561511 3575908 3695643 3508682 3519726 3645720 3692294 3694741 3710476 3797822 3797829 3910713 
015668	CAN205	3910189	332	3768034 3560687 3561511 3575908 3695643 3508682 3519726 3645720 3692294 3694741 3710476 3797822 3797829 3910713 
005228	TH118	3448653	25	3675467 3914968 3485774 3929864 3689375 3560858 3910595 
005228	TH118	3448653	332	3675467 3914968 3485774 3929864 3689375 3560858 3910595 
012293	DAL315	3098022	26	3768972 3821059 3797650 3910725 
012293	DAL315	3098022	271	3768972 3821059 3797650 3910725 
015650	PEMSTD	0031756	22	3480728 3581609 3821048 3668765 3668895 
015650	PEMSTD	0031756	269	3480728 3581609 3821048 3668765 3668895 
009299	CAN205	0321808	244	3821180 3695643 3597302 3790825 3578781 3821886 3797752 3910686 
009299	CAN205	0321808	245	3821180 3695643 3597302 3790825 3578781 3821886 3797752 3910686 
001546	PK20	0031756	246	3519078 3575483 3823094 3906250 3460343 3483042 3690043 3819645 3913606 3914696 3692915 3576460 3797801 3910622 3910674 3910707 4086391 4086476 4086484 
001546	PK20	0031756	215	3519078 3575483 3823094 3906250 3460343 3483042 3690043 3819645 3913606 3914696 3692915 3576460 3797801 3910622 3910674 3910707 4086391 4086476 4086484 
013210	TH223	0031582	26	3848415 3852806 3790825 
013210	TH223	0031582	246	3848415 3852806 3790825 
002671	DAL10	3451416	243	3462019 3820378 
002671	DAL10	3451416	26	3462019 3820378 
002398	DAL20	3839981	280	3540190 3618222 3792406 3576540 3668972 3910702 
002398	DAL20	3839981	281	3540190 3618222 3792406 3576540 3668972 3910702 
014652	PK25	0949010	281	3580912 3579867 3790792 3931323 3797754 
014652	PK25	0949010	213	3580912 3579867 3790792 3931323 3797754 
015659	TH110	3764418	243	3483511 3642204 3995730 
015659	TH110	3764418	244	3483511 3642204 3995730 
005271	TH118	1137952	24	3581981 3556617 3559815 3581247 3815949 3580714 3693219 3592180 3668816 3668855 3668968 
005271	TH118	1137952	22	3581981 3556617 3559815 3581247 3815949 3580714 3693219 3592180 3668816 3668855 3668968 
013147	TH224	0031568	243	3581995 3458061 3668938 
013147	TH224	0031568	26	3581995 3458061 3668938 
007076	BYC106	0031568	244	3581995 3606290 3694481 3822122 3538400 
007076	BYC106	0031568	245	3581995 3606290 3694481 3822122 3538400 
002396	ROSTUD	0020988	24	3580798 3821116 3692380 3483977 3598090 3821006 3576792 3910503 3910702 3910741 
002396	ROSTUD	0020988	270	3580798 3821116 3692380 3483977 3598090 3821006 3576792 3910503 3910702 3910741 
011037	DAL6	0777265	280	3695022 
011037	DAL6	0777265	281	3695022 
009296	CAN205	3554810	278	3816860 3814239 
009296	CAN205	3554810	279	3816860 3814239 
011864	PK264	0180723	280	3581605 3471450 3521265 3559149 3559302 3574558 3580269 
011864	PK264	0180723	281	3581605 3471450 3521265 3559149 3559302 3574558 3580269 
011864	PK264	0180723	26	3581605 3471450 3521265 3559149 3559302 3574558 3580269 
008470	TAYC	0695890	278	3674492 3692786 3693253 3818771 
008470	TAYC	0695890	279	3674492 3692786 3693253 3818771 
005161	CARP25	0031582	280	3577054 3798513 3832060 3797614 3797678 3910482 
005161	CARP25	0031582	281	3577054 3798513 3832060 3797614 3797678 3910482 
001563	PEMSTD	0129398	243	3432357 3668895 
001563	PEMSTD	0129398	244	3432357 3668895 
007407	BYC239	0162977	278	3544945 3558838 3462240 3487316 3580912 3476927 3578861 
007407	BYC239	0162977	279	3544945 3558838 3462240 3487316 3580912 3476927 3578861 
007407	BYC239	0162977	280	3544945 3558838 3462240 3487316 3580912 3476927 3578861 
001474	TH104	0020093	243	3483306 3574967 3578963 3579687 3580991 3581903 
001474	TH104	0020093	26	3483306 3574967 3578963 3579687 3580991 3581903 
004740	PK20	3764403	280	3483306 3650997 3668795 3668965 
004740	PK20	3764403	281	3483306 3650997 3668795 3668965 
015248	CANMEDIA	3786642	280	3650596 3540714 3693368 3668924 
015248	CANMEDIA	3786642	281	3650596 3540714 3693368 3668924 
009286	DAL2	0138190	278	3694434 3815898 3559624 
009286	DAL2	0138190	279	3694434 3815898 3559624 
003031	DAL119	0375562	278	3560770 3580798 3576248 
003031	DAL119	0375562	279	3560770 3580798 3576248 
003031	DAL119	0375562	280	3560770 3580798 3576248 
015445	PK20	0162976	278	3581455 3560860 3580256 
015445	PK20	0162976	279	3581455 3560860 3580256 
005252	CARP13	0321808	246	3579687 
005252	CARP13	0321808	22	3579687 
015430	TH102	3764403	243	3830308 3910422 3580340 3819230 3904411 
015430	TH102	3764403	23	3830308 3910422 3580340 3819230 3904411 
009213	DAL10	0138190	24	3816181 3599090 3818274 3820010 3516442 3693433 3693473 3722992 3930721 3575581 3668802 3821552 
009213	DAL10	0138190	22	3816181 3599090 3818274 3820010 3516442 3693433 3693473 3722992 3930721 3575581 3668802 3821552 
003522	EHI	3554810	26	3768555 3818686 3581870 3691983 3692519 3642204 3669013 3797690 3797713 3910634 3910702 
003522	EHI	3554810	25	3768555 3818686 3581870 3691983 3692519 3642204 3669013 3797690 3797713 3910634 3910702 
015239	TH129	3839983	22	3821162 3819380 3758045 3226303 3694481 3823278 3929800 3792406 3668972 4086245 4086333 
015239	TH129	3839983	269	3821162 3819380 3758045 3226303 3694481 3823278 3929800 3792406 3668972 4086245 4086333 
004838	CAN205	0697660	26	3821180 3717144 3668858 3910630 3910684 
004838	CAN205	0697660	246	3821180 3717144 3668858 3910630 3910684 
015655	PEMSTD	0129398	245	3913815 3576521 3668894 3668978 
015655	PEMSTD	0129398	24	3913815 3576521 3668894 3668978 
001448	CARP21	0853792	243	3816832 3666175 3796732 4086421 
001448	CARP21	0853792	26	3816832 3666175 3796732 4086421 
006019	PK328	0368960	278	3851735 
006019	PK328	0368960	279	3851735 
006019	PK328	0368960	280	3851735 
015656	GOB	3817289	278	
015656	GOB	3817289	279	
011198	RODESIGN	0254474	278	3578443 3820970 3901484 3546417 3668772 
011198	RODESIGN	0254474	279	3578443 3820970 3901484 3546417 3668772 
002383	PK25	3473854	278	3671929 
002383	PK25	3473854	279	3671929 
001562	PEMSTD	4089712	25	3581786 3693891 3668765 3668849 3693581 3910508 3910741 
001562	PEMSTD	4089712	332	3581786 3693891 3668765 3668849 3693581 3910508 3910741 
013654	EHLEC	0254474	280	3561318 3695292 
013654	EHLEC	0254474	281	3561318 3695292 
011534	DAL25	3213249	243	3821632 3764157 3821077 
011534	DAL25	3213249	22	3821632 3764157 3821077 
002932	BYC127	3839983	278	3789806 
002932	BYC127	3839983	279	3789806 
002376	ROSTUD	3473854	280	3820756 
002376	ROSTUD	3473854	243	3820756 
002384	TAYSEM	3473854	246	3820963 3931474 
002384	TAYSEM	3473854	24	3820963 3931474 
001182	CARP25	3839983	243	3821554 
001182	CARP25	3839983	26	3821554 
010966	EHIII	0775640	278	3821643 3662232 3910484 3910555 3910594 3910613 3910706 3910726 3910735 4086424 4086441 4086472 
010966	EHIII	0775640	279	3821643 3662232 3910484 3910555 3910594 3910613 3910706 3910726 3910735 4086424 4086441 4086472 
015678	EHIII	3478658	26	3914750 3487429 3929894 3929979 3930216 
015678	EHIII	3478658	244	3914750 3487429 3929894 3929979 3930216 
015663	DAL212E	4086857	246	3930301 3668824 3797626 3797760 3910519 3910610 3910641 
015663	DAL212E	4086857	24	3930301 3668824 3797626 3797760 3910519 3910610 3910641 
015663	DAL212E	4086857	25	3930301 3668824 3797626 3797760 3910519 3910610 3910641 
012820	CARP13	3195964	278	3816466 
012820	CARP13	3195964	279	3816466 
015651	PK20	3478855	278	3481532 3559731 3693581 3797855 
015651	PK20	3478855	279	3481532 3559731 3693581 3797855 
009513	PK10	0031478	244	3561511 3576512 
009513	PK10	0031478	245	3561511 3576512 
009513	PK10	0031478	246	3561511 3576512 
014141	CARP21	0853792	280	3608602 
014141	CARP21	0853792	281	3608602 
011315	DAL315	3213249	280	3648970 3817419 3797704 
011315	DAL315	3213249	281	3648970 3817419 3797704 
015411	BYC100	0024092	244	3694798 3668758 
015411	BYC100	0024092	245	3694798 3668758 
015014	GOB	3817289	243	3581192 3483042 3692915 3576460 3667606 4086441 
015014	GOB	3817289	244	3581192 3483042 3692915 3576460 3667606 4086441 
001751	GOCOM	0254474	24	3913159 3819372 3819353 3910422 3578392 3695292 3915243 3576460 
001751	GOCOM	0254474	22	3913159 3819372 3819353 3910422 3578392 3695292 3915243 3576460 
015448	PK154	0402773	278	3852217 3578392 3717144 3819676 
015448	PK154	0402773	279	3852217 3578392 3717144 3819676 
015448	PK154	0402773	243	3852217 3578392 3717144 3819676 
009242	TAYC	0032827	280	3668916 3669013 
009242	TAYC	0032827	281	3668916 3669013 
015409	PK20	0031573	278	3668946 
015409	PK20	0031573	279	3668946 
