Class Times	20
Rooms	200
1	158
2	317
3	431
4	981
5	603
6	894
7	965
8	394
9	446
10	472
11	998
12	387
13	30
14	168
15	688
16	966
17	236
18	189
19	818
20	884
21	913
22	968
23	713
24	521
25	491
26	196
27	971
28	459
29	708
30	11
31	40
32	257
33	668
34	801
35	949
36	258
37	394
38	925
39	170
40	998
41	287
42	261
43	368
44	698
45	542
46	717
47	480
48	991
49	95
50	695
51	900
52	217
53	20
54	285
55	142
56	867
57	947
58	693
59	270
60	572
61	528
62	107
63	125
64	954
65	505
66	86
67	531
68	529
69	470
70	898
71	623
72	751
73	161
74	744
75	666
76	595
77	271
78	326
79	201
80	335
81	759
82	459
83	936
84	675
85	569
86	505
87	107
88	450
89	607
90	289
91	508
92	516
93	288
94	910
95	716
96	902
97	951
98	97
99	830
100	784
101	313
102	315
103	302
104	871
105	420
106	664
107	448
108	988
109	313
110	756
111	46
112	755
113	966
114	553
115	211
116	293
117	550
118	578
119	174
120	273
121	179
122	288
123	420
124	718
125	155
126	913
127	767
128	507
129	568
130	711
131	116
132	337
133	531
134	976
135	121
136	789
137	726
138	442
139	322
140	209
141	15
142	390
143	608
144	346
145	716
146	865
147	412
148	278
149	763
150	91
151	721
152	855
153	33
154	207
155	413
156	631
157	355
158	150
159	105
160	360
161	76
162	897
163	774
164	821
165	987
166	371
167	508
168	896
169	550
170	391
171	260
172	484
173	707
174	67
175	357
176	914
177	779
178	618
179	349
180	653
181	207
182	494
183	491
184	376
185	107
186	888
187	290
188	902
189	987
190	554
191	189
192	110
193	78
194	717
195	774
196	546
197	990
198	849
199	564
200	187
Classes	500
Teachers	250
1	18
2	229
3	79
4	239
5	58
6	14
7	73
8	114
9	61
10	249
11	155
12	94
13	174
14	141
15	239
16	215
17	109
18	230
19	150
20	59
21	202
22	170
23	99
24	131
25	9
26	186
27	68
28	131
29	14
30	105
31	77
32	48
33	4
34	58
35	69
36	127
37	142
38	152
39	110
40	247
41	134
42	117
43	228
44	126
45	108
46	121
47	30
48	19
49	217
50	184
51	55
52	93
53	104
54	39
55	67
56	86
57	6
58	90
59	34
60	223
61	191
62	84
63	146
64	213
65	202
66	11
67	181
68	9
69	68
70	123
71	118
72	107
73	123
74	43
75	75
76	222
77	194
78	41
79	28
80	100
81	89
82	10
83	132
84	194
85	119
86	49
87	64
88	173
89	101
90	176
91	7
92	51
93	52
94	6
95	161
96	176
97	192
98	160
99	11
100	44
101	39
102	234
103	235
104	241
105	32
106	231
107	238
108	59
109	50
110	98
111	116
112	240
113	209
114	111
115	84
116	180
117	47
118	174
119	20
120	180
121	97
122	8
123	127
124	12
125	149
126	65
127	191
128	203
129	50
130	10
131	250
132	51
133	73
134	146
135	229
136	207
137	7
138	62
139	157
140	99
141	119
142	109
143	113
144	100
145	159
146	82
147	13
148	198
149	166
150	19
151	132
152	230
153	228
154	179
155	197
156	165
157	177
158	8
159	52
160	227
161	112
162	42
163	159
164	56
165	172
166	117
167	212
168	188
169	136
170	207
171	193
172	171
173	98
174	232
175	83
176	89
177	4
178	153
179	23
180	41
181	245
182	27
183	248
184	242
185	189
186	238
187	185
188	36
189	142
190	112
191	15
192	27
193	164
194	70
195	124
196	179
197	82
198	65
199	37
200	246
201	225
202	192
203	94
204	161
205	208
206	236
207	95
208	60
209	204
210	35
211	125
212	83
213	93
214	187
215	236
216	12
217	90
218	205
219	172
220	88
221	110
222	35
223	155
224	144
225	154
226	186
227	54
228	88
229	2
230	87
231	203
232	162
233	141
234	225
235	44
236	40
237	121
238	143
239	36
240	148
241	219
242	92
243	250
244	164
245	111
246	219
247	61
248	78
249	32
250	135
251	218
252	224
253	222
254	167
255	216
256	70
257	247
258	181
259	234
260	183
261	71
262	165
263	42
264	218
265	160
266	195
267	45
268	77
269	149
270	29
271	201
272	197
273	122
274	102
275	75
276	244
277	232
278	102
279	92
280	147
281	226
282	147
283	175
284	208
285	17
286	145
287	69
288	235
289	189
290	173
291	209
292	49
293	215
294	126
295	113
296	63
297	156
298	33
299	97
300	214
301	57
302	1
303	193
304	139
305	210
306	67
307	248
308	2
309	66
310	158
311	136
312	25
313	171
314	105
315	46
316	116
317	107
318	108
319	63
320	76
321	246
322	13
323	216
324	220
325	144
326	5
327	168
328	134
329	140
330	226
331	145
332	140
333	125
334	157
335	137
336	198
337	40
338	233
339	20
340	241
341	29
342	103
343	148
344	114
345	72
346	224
347	120
348	87
349	182
350	243
351	91
352	85
353	72
354	80
355	210
356	231
357	184
358	53
359	206
360	156
361	139
362	45
363	115
364	53
365	204
366	71
367	245
368	64
369	175
370	79
371	80
372	206
373	18
374	213
375	15
376	143
377	177
378	196
379	205
380	130
381	242
382	196
383	137
384	168
385	31
386	244
387	95
388	154
389	34
390	43
391	91
392	48
393	118
394	211
395	212
396	211
397	55
398	162
399	1
400	23
401	22
402	103
403	24
404	17
405	249
406	28
407	33
408	152
409	46
410	182
411	54
412	96
413	31
414	120
415	22
416	190
417	37
418	190
419	233
420	240
421	217
422	62
423	227
424	128
425	56
426	115
427	66
428	24
429	221
430	151
431	220
432	81
433	86
434	185
435	187
436	124
437	96
438	106
439	74
440	122
441	237
442	26
443	30
444	130
445	169
446	25
447	60
448	3
449	163
450	133
451	26
452	169
453	178
454	223
455	243
456	170
457	167
458	214
459	106
460	57
461	85
462	78
463	76
464	47
465	166
466	163
467	195
468	150
469	188
470	199
471	101
472	199
473	178
474	158
475	201
476	153
477	237
478	138
479	16
480	21
481	135
482	21
483	151
484	133
485	81
486	3
487	104
488	5
489	129
490	129
491	16
492	138
493	183
494	200
495	221
496	200
497	38
498	74
499	38
500	128
