Students	4000
1	440 122 271 491
2	11 170 257 446
3	371 315 97 484
4	45 336 204 306
5	452 76 52 257
6	3 354 89 414
7	405 475 247 86
8	484 109 143 147
9	300 335 326 88
10	67 56 212 47
11	423 483 358 250
12	78 215 140 384
13	252 477 42 383
14	94 51 169 474
15	377 402 369 394
16	21 167 186 191
17	203 247 244 398
18	245 472 33 95
19	326 15 58 139
20	368 138 321 162
21	33 62 356 478
22	288 307 341 203
23	403 177 480 290
24	368 75 197 316
25	129 206 22 75
26	252 334 207 443
27	217 411 456 345
28	402 3 436 30
29	384 468 9 424
30	251 173 406 184
31	62 315 189 242
32	442 22 167 270
33	107 131 339 446
34	454 261 347 491
35	424 15 219 204
36	46 121 208 142
37	426 338 390 35
38	280 184 497 38
39	438 484 28 163
40	70 39 17 394
41	346 486 386 20
42	61 416 421 389
43	22 203 275 362
44	357 57 143 123
45	309 419 262 213
46	498 156 232 228
47	79 237 228 368
48	337 206 43 82
49	166 326 82 96
50	395 67 392 242
51	261 458 91 343
52	37 11 241 88
53	140 366 250 303
54	259 337 393 467
55	436 238 74 61
56	203 22 458 171
57	478 169 414 195
58	488 138 8 50
59	89 77 146 265
60	272 490 430 221
61	77 494 92 429
62	500 154 399 6
63	50 262 59 100
64	137 193 286 18
65	64 437 148 91
66	258 477 10 149
67	49 261 344 467
68	222 22 477 156
69	354 223 388 26
70	306 325 302 40
71	216 196 112 286
72	21 81 348 498
73	407 221 179 177
74	19 111 487 389
75	286 349 115 269
76	401 158 114 413
77	477 471 95 347
78	425 67 74 479
79	387 304 140 424
80	63 75 86 194
81	311 114 244 414
82	67 222 149 319
83	405 423 456 150
84	198 20 133 147
85	343 248 34 178
86	493 158 424 341
87	64 500 127 411
88	494 123 499 13
89	86 374 277 124
90	102 112 255 98
91	456 59 161 64
92	290 132 207 449
93	34 191 145 15
94	203 103 396 14
95	422 380 61 105
96	263 186 410 486
97	12 153 125 366
98	221 385 445 416
99	264 460 494 160
100	203 305 178 452
101	35 304 237 454
102	195 159 3 135
103	425 266 407 210
104	16 350 334 498
105	372 49 405 158
106	247 113 237 151
107	388 219 41 157
108	257 299 68 500
109	125 135 5 50
110	390 451 144 342
111	171 11 416 446
112	81 362 197 201
113	266 234 229 273
114	140 234 429 25
115	421 472 16 114
116	162 32 58 121
117	192 165 32 377
118	30 457 58 142
119	228 306 477 232
120	229 327 139 358
121	489 399 58 390
122	235 422 156 496
123	421 184 246 349
124	3 87 191 49
125	223 126 57 65
126	177 85 47 149
127	210 257 299 161
128	447 323 176 367
129	194 277 439 317
130	57 187 361 153
131	192 322 100 268
132	362 243 44 67
133	216 34 236 37
134	418 104 253 443
135	329 465 154 485
136	481 180 446 221
137	115 481 356 62
138	472 459 422 351
139	174 155 101 328
140	347 317 119 394
141	265 155 158 219
142	14 191 202 292
143	192 367 426 382
144	394 179 308 147
145	83 423 473 490
146	416 390 185 340
147	207 451 492 421
148	245 30 208 385
149	74 179 364 455
150	273 312 387 2
151	82 90 237 252
152	399 410 35 172
153	92 48 491 313
154	452 149 160 142
155	393 298 474 389
156	86 176 475 287
157	141 334 118 390
158	357 225 133 131
159	473 60 380 280
160	199 56 351 384
161	163 145 393 176
162	410 430 116 414
163	326 314 392 452
164	334 324 15 299
165	362 200 176 65
166	314 322 500 320
167	36 124 314 33
168	101 336 65 105
169	262 476 305 73
170	354 450 349 62
171	432 495 116 282
172	481 317 125 194
173	317 471 313 472
174	47 86 462 498
175	374 431 484 324
176	148 363 52 267
177	6 481 244 357
178	134 169 342 350
179	171 439 348 475
180	279 307 53 239
181	476 414 343 329
182	3 393 121 206
183	254 322 194 109
184	16 171 327 201
185	431 303 487 82
186	261 494 96 247
187	352 217 132 182
188	364 85 464 181
189	75 273 406 305
190	307 422 210 283
191	62 480 299 153
192	428 162 467 120
193	48 387 316 441
194	370 203 361 274
195	300 115 291 127
196	27 450 377 34
197	423 374 239 474
198	108 418 123 182
199	260 93 466 229
200	341 209 125 31
201	453 402 398 32
202	4 360 29 89
203	151 24 66 289
204	374 369 325 423
205	378 172 213 218
206	373 56 229 147
207	63 269 241 83
208	143 183 397 323
209	238 228 31 220
210	489 446 436 75
211	489 202 183 473
212	126 176 482 238
213	249 4 363 353
214	393 165 221 10
215	112 468 188 431
216	123 145 277 292
217	442 277 24 335
218	130 476 317 164
219	114 185 118 42
220	319 71 15 339
221	368 277 177 209
222	239 43 247 362
223	387 195 334 230
224	456 450 462 348
225	314 376 453 451
226	489 342 178 156
227	151 68 298 41
228	140 146 403 75
229	95 366 380 431
230	427 143 76 338
231	93 193 190 475
232	457 22 250 151
233	110 482 44 17
234	497 134 315 291
235	291 431 487 473
236	159 213 479 352
237	481 450 477 239
238	35 345 46 272
239	296 405 75 268
240	352 40 287 429
241	202 454 430 59
242	145 195 254 300
243	374 147 122 481
244	201 171 439 14
245	376 48 291 399
246	26 93 43 478
247	35 443 13 415
248	318 296 409 230
249	226 167 38 235
250	496 143 335 214
251	99 324 329 172
252	115 159 79 276
253	189 8 258 161
254	28 134 267 386
255	180 315 436 301
256	35 463 324 354
257	36 184 353 468
258	296 133 220 163
259	85 130 384 349
260	179 255 496 467
261	88 179 224 407
262	314 102 28 310
263	264 167 463 283
264	13 34 399 212
265	203 251 306 421
266	391 94 41 411
267	49 259 357 387
268	406 464 11 326
269	367 50 488 265
270	245 222 330 83
271	68 275 482 367
272	436 171 288 378
273	312 375 43 60
274	249 191 476 398
275	341 273 206 15
276	481 250 66 109
277	236 67 355 432
278	410 346 480 304
279	172 57 301 406
280	262 228 151 62
281	311 211 318 50
282	291 267 467 20
283	96 87 49 243
284	107 351 338 251
285	290 410 436 459
286	227 114 490 461
287	262 340 118 69
288	361 184 229 269
289	158 31 264 251
290	313 18 354 399
291	242 332 384 197
292	473 148 324 330
293	393 462 451 257
294	244 452 4 172
295	410 136 47 347
296	399 243 6 390
297	13 9 291 33
298	240 141 165 404
299	121 361 492 91
300	134 311 150 97
301	246 229 283 58
302	401 186 12 292
303	94 181 464 322
304	256 352 221 471
305	235 83 361 199
306	452 215 317 166
307	473 127 285 119
308	24 495 347 303
309	373 450 38 90
310	492 495 99 144
311	211 478 417 470
312	201 383 474 423
313	424 135 388 232
314	445 52 472 329
315	28 212 343 475
316	358 327 350 90
317	281 162 349 219
318	84 487 472 114
319	311 110 348 235
320	93 233 181 398
321	262 246 20 136
322	72 292 300 305
323	464 226 384 296
324	185 425 467 44
325	461 194 297 141
326	108 24 369 336
327	50 381 128 343
328	88 115 113 401
329	274 42 110 111
330	458 407 268 472
331	348 428 232 332
332	224 67 149 66
333	202 450 483 104
334	169 182 443 79
335	241 426 108 394
336	102 308 347 160
337	2 158 319 420
338	255 163 144 185
339	255 406 441 482
340	324 242 439 255
341	412 467 265 175
342	223 284 441 143
343	179 346 479 475
344	248 36 367 252
345	108 405 492 414
346	338 193 342 215
347	176 447 211 157
348	146 187 18 389
349	133 378 453 56
350	40 243 113 123
351	261 436 68 365
352	78 154 44 331
353	211 434 116 126
354	313 274 481 57
355	339 113 1 336
356	117 54 281 389
357	472 421 385 391
358	442 245 49 286
359	142 469 427 428
360	152 29 395 72
361	232 426 463 97
362	214 395 367 99
363	49 321 121 467
364	154 20 28 276
365	102 9 91 172
366	240 223 238 479
367	345 60 312 166
368	385 312 308 57
369	339 384 207 350
370	213 217 450 493
371	156 202 314 118
372	183 333 253 47
373	448 303 172 334
374	23 375 254 31
375	390 86 184 39
376	55 318 196 208
377	200 47 381 187
378	299 198 44 147
379	145 156 498 33
380	453 78 482 229
381	330 34 145 325
382	48 454 302 382
383	177 428 490 302
384	231 235 341 19
385	320 187 416 71
386	200 125 19 62
387	129 335 393 314
388	390 405 423 350
389	300 334 495 362
390	494 103 391 206
391	381 275 464 108
392	368 444 157 340
393	195 29 26 338
394	267 298 261 295
395	459 331 308 6
396	240 492 167 95
397	428 312 195 155
398	306 460 370 270
399	108 238 208 137
400	314 176 148 451
401	38 50 170 488
402	101 135 106 277
403	234 289 332 324
404	258 464 204 372
405	281 133 439 332
406	402 311 90 271
407	56 37 295 476
408	485 267 285 198
409	328 403 364 305
410	151 422 30 240
411	432 218 163 270
412	180 44 486 62
413	356 353 332 316
414	476 11 428 421
415	440 498 151 37
416	455 258 77 412
417	432 220 73 57
418	37 477 327 13
419	437 238 348 389
420	247 170 304 192
421	203 253 297 414
422	168 449 433 11
423	425 109 459 226
424	218 94 60 394
425	52 42 442 31
426	365 473 38 419
427	194 17 168 430
428	8 331 218 273
429	499 425 450 355
430	316 294 345 211
431	322 404 340 137
432	353 163 484 183
433	234 123 117 143
434	253 171 364 45
435	253 150 429 133
436	172 377 298 77
437	321 359 176 32
438	86 270 225 361
439	288 394 60 15
440	372 437 414 386
441	213 364 405 375
442	352 303 335 111
443	444 224 394 422
444	250 47 410 70
445	363 284 179 209
446	184 219 464 494
447	289 332 7 229
448	467 451 26 295
449	321 124 12 305
450	81 371 460 211
451	438 323 126 236
452	235 472 327 286
453	352 11 238 420
454	435 196 400 348
455	74 22 207 24
456	437 389 332 64
457	219 154 138 449
458	353 103 136 160
459	443 223 472 248
460	76 395 378 361
461	410 27 428 334
462	464 344 314 113
463	409 462 98 280
464	22 1 79 175
465	204 415 138 202
466	22 314 38 203
467	290 29 456 235
468	192 358 419 1
469	113 91 58 318
470	222 307 40 165
471	314 35 340 42
472	406 129 90 460
473	334 15 38 91
474	308 427 259 335
475	141 498 315 333
476	277 123 349 115
477	1 79 62 456
478	125 424 445 34
479	69 25 399 72
480	140 75 277 420
481	131 29 128 123
482	457 405 446 483
483	96 299 440 442
484	142 46 439 379
485	283 341 114 278
486	44 454 31 364
487	225 193 158 163
488	221 55 96 87
489	99 442 402 456
490	373 336 176 300
491	424 474 466 15
492	359 185 217 474
493	482 294 199 439
494	394 90 399 102
495	375 171 293 472
496	97 16 177 197
497	322 474 76 147
498	482 428 328 318
499	186 321 260 495
500	433 377 158 238
501	294 34 399 106
502	82 498 340 179
503	434 413 191 121
504	337 33 382 398
505	378 23 450 239
506	73 167 200 218
507	487 485 66 148
508	274 27 431 4
509	376 188 140 297
510	58 149 291 426
511	185 469 131 317
512	206 61 55 267
513	328 498 361 421
514	367 374 117 451
515	119 471 41 27
516	205 378 455 356
517	346 269 155 426
518	215 174 410 471
519	320 322 491 238
520	422 279 197 373
521	28 263 464 20
522	68 430 287 481
523	333 362 452 344
524	267 495 6 56
525	218 293 409 309
526	399 10 25 385
527	262 29 240 435
528	318 282 322 134
529	11 474 110 71
530	139 400 153 384
531	499 463 263 467
532	54 225 137 405
533	44 384 236 364
534	263 78 192 298
535	476 446 442 6
536	173 365 245 231
537	195 32 58 225
538	55 324 476 59
539	399 147 380 328
540	353 373 153 262
541	499 142 437 277
542	240 238 134 265
543	55 245 47 283
544	460 156 60 316
545	156 415 274 228
546	292 411 432 298
547	407 129 292 458
548	313 350 389 5
549	164 6 96 364
550	350 285 291 112
551	307 17 201 291
552	259 344 33 268
553	233 142 71 286
554	388 436 475 301
555	438 367 426 414
556	44 47 150 252
557	372 355 396 128
558	226 242 16 104
559	170 333 217 86
560	254 194 249 198
561	107 333 192 125
562	269 472 88 462
563	323 40 409 471
564	158 343 405 40
565	213 401 123 395
566	84 246 79 243
567	408 267 158 390
568	11 351 313 251
569	46 84 82 218
570	267 158 414 208
571	350 164 171 429
572	273 204 389 243
573	453 420 258 136
574	498 151 131 66
575	11 110 377 463
576	60 284 307 87
577	376 132 206 195
578	126 311 30 10
579	443 248 165 206
580	378 279 286 81
581	334 262 160 231
582	342 427 25 85
583	191 167 330 15
584	274 379 322 283
585	164 66 324 282
586	106 255 442 344
587	106 354 43 318
588	122 499 158 306
589	49 67 477 289
590	137 58 161 375
591	251 125 211 172
592	412 436 451 264
593	472 329 369 407
594	378 122 73 431
595	92 394 302 52
596	36 449 194 409
597	363 103 496 340
598	494 65 7 470
599	321 272 262 133
600	167 413 82 83
601	329 138 488 283
602	74 397 366 106
603	255 72 323 423
604	479 295 132 291
605	495 77 439 121
606	335 389 345 21
607	395 483 107 244
608	68 348 6 276
609	82 482 165 221
610	251 461 247 78
611	349 231 54 182
612	52 19 94 121
613	2 142 474 225
614	157 400 10 464
615	446 237 345 244
616	472 219 54 43
617	366 469 175 420
618	6 369 202 318
619	9 350 84 104
620	228 208 109 142
621	406 384 175 350
622	68 267 366 449
623	343 404 167 416
624	401 477 57 500
625	466 251 119 487
626	6 136 209 338
627	175 439 359 324
628	464 149 49 180
629	334 7 191 397
630	367 456 265 277
631	342 66 238 415
632	479 16 330 246
633	289 293 282 435
634	173 251 287 101
635	209 88 295 465
636	24 487 246 96
637	404 493 367 182
638	399 94 241 97
639	385 100 95 7
640	211 326 474 11
641	224 228 81 406
642	275 201 404 316
643	442 414 28 299
644	277 184 27 433
645	112 468 68 490
646	446 196 112 469
647	302 318 473 362
648	73 219 126 127
649	51 338 381 179
650	227 497 372 420
651	155 61 207 213
652	32 428 14 477
653	33 468 241 404
654	272 320 45 324
655	274 212 431 172
656	365 63 58 177
657	397 131 109 14
658	78 354 149 82
659	173 48 178 434
660	481 329 240 179
661	305 31 4 487
662	294 493 122 158
663	343 262 325 184
664	445 464 274 371
665	163 480 23 481
666	14 105 470 137
667	102 479 98 361
668	20 262 328 460
669	429 456 120 222
670	36 429 298 220
671	252 99 326 396
672	71 333 173 382
673	210 111 375 89
674	296 77 438 368
675	393 499 78 415
676	358 147 251 13
677	292 327 172 469
678	286 303 13 419
679	379 246 403 28
680	323 70 348 55
681	415 46 359 31
682	424 257 401 135
683	16 125 77 418
684	173 195 123 139
685	206 209 62 233
686	420 120 188 265
687	230 363 309 123
688	95 404 406 270
689	295 282 457 482
690	368 121 312 316
691	62 104 66 463
692	160 242 284 391
693	305 463 444 499
694	351 58 252 374
695	459 278 231 250
696	14 275 127 447
697	483 291 265 49
698	43 71 214 429
699	487 163 479 5
700	138 254 331 483
701	404 3 258 359
702	344 61 407 279
703	159 25 359 44
704	50 25 181 408
705	284 106 48 125
706	279 233 115 211
707	269 401 205 426
708	465 251 345 189
709	66 268 113 169
710	454 412 417 318
711	183 151 118 357
712	45 128 177 382
713	72 235 270 415
714	37 368 498 365
715	204 80 381 318
716	2 416 67 139
717	141 281 489 327
718	40 157 327 239
719	41 320 238 434
720	225 279 383 273
721	153 361 355 111
722	145 214 265 111
723	43 210 236 400
724	115 268 294 500
725	80 45 53 127
726	319 160 402 11
727	17 479 391 205
728	148 207 187 130
729	451 195 87 22
730	8 336 179 46
731	84 172 423 101
732	73 224 267 200
733	137 30 327 99
734	436 472 53 441
735	40 238 164 86
736	449 319 398 132
737	342 497 284 491
738	435 387 225 214
739	238 4 94 135
740	475 152 221 61
741	52 313 120 225
742	297 443 209 98
743	279 180 332 444
744	192 355 22 56
745	454 279 446 436
746	409 121 91 400
747	206 157 391 287
748	299 303 191 410
749	442 88 204 294
750	438 144 315 92
751	118 227 251 142
752	135 11 43 46
753	1 75 426 346
754	129 94 449 182
755	302 244 248 153
756	367 434 150 133
757	382 444 175 392
758	33 356 412 9
759	101 338 429 107
760	13 49 483 138
761	144 153 117 147
762	154 354 256 257
763	411 423 116 255
764	102 251 279 153
765	227 261 306 76
766	86 135 251 95
767	292 354 83 405
768	340 190 169 479
769	374 140 371 389
770	352 32 105 470
771	305 223 331 356
772	339 331 242 43
773	331 133 427 338
774	297 216 311 212
775	337 406 128 366
776	33 123 328 391
777	375 300 167 51
778	483 110 228 245
779	260 95 36 457
780	75 292 420 87
781	364 72 188 302
782	183 222 100 297
783	442 172 346 10
784	106 405 274 497
785	108 230 273 196
786	178 134 404 151
787	208 430 408 420
788	470 359 48 486
789	251 431 414 211
790	440 473 99 13
791	221 491 15 189
792	472 436 191 386
793	209 151 255 40
794	121 13 365 183
795	302 451 7 497
796	344 191 397 122
797	20 442 365 194
798	414 239 432 223
799	210 68 493 119
800	41 467 182 166
801	452 356 151 138
802	395 488 275 311
803	176 83 4 35
804	463 248 233 93
805	466 312 498 187
806	97 277 190 229
807	174 51 307 353
808	129 198 368 326
809	30 177 55 130
810	121 423 476 82
811	344 287 298 411
812	126 162 173 345
813	250 170 456 154
814	322 441 389 320
815	161 278 188 450
816	454 177 291 167
817	191 280 487 277
818	275 80 411 171
819	321 72 47 393
820	66 157 442 42
821	480 40 314 137
822	339 480 466 225
823	465 284 411 380
824	463 41 423 398
825	340 83 38 86
826	304 42 401 51
827	475 479 250 324
828	385 319 409 251
829	363 63 444 190
830	159 245 104 332
831	201 306 251 403
832	232 485 33 344
833	437 138 450 341
834	227 273 322 138
835	115 406 461 6
836	484 70 347 488
837	395 335 377 319
838	468 408 320 83
839	482 224 5 273
840	3 62 378 134
841	37 246 308 270
842	421 323 169 235
843	312 480 170 34
844	257 111 127 366
845	335 122 387 184
846	356 467 73 275
847	432 191 306 7
848	84 76 482 125
849	251 74 90 91
850	351 436 265 15
851	177 246 112 322
852	278 71 135 92
853	202 187 70 307
854	109 270 136 37
855	305 181 484 485
856	389 305 238 289
857	360 12 338 198
858	490 310 368 296
859	374 400 249 83
860	245 127 129 74
861	72 491 162 47
862	315 320 494 214
863	444 231 227 118
864	350 323 100 346
865	340 27 176 234
866	171 251 409 351
867	91 338 172 497
868	419 328 317 380
869	392 11 333 77
870	31 98 495 423
871	336 103 295 335
872	449 148 92 362
873	38 258 450 288
874	140 485 134 19
875	240 260 181 334
876	326 393 373 295
877	87 425 227 127
878	274 170 34 22
879	13 143 28 152
880	140 490 405 85
881	269 106 230 489
882	38 366 383 347
883	127 79 291 275
884	448 209 171 241
885	197 422 485 230
886	69 312 498 245
887	52 403 53 391
888	324 325 249 56
889	69 413 228 77
890	237 260 34 337
891	386 402 171 180
892	301 470 291 298
893	375 2 237 311
894	415 223 258 414
895	357 393 448 98
896	64 240 121 292
897	75 200 269 157
898	186 450 400 95
899	222 408 9 275
900	12 302 41 454
901	135 174 331 194
902	411 227 371 386
903	305 371 454 137
904	63 471 10 50
905	48 173 485 168
906	460 428 167 347
907	411 461 323 50
908	150 316 89 456
909	200 378 311 458
910	481 461 176 364
911	435 320 245 284
912	210 192 18 309
913	482 242 495 239
914	275 306 260 311
915	192 178 298 93
916	335 330 360 92
917	491 443 377 190
918	284 319 348 231
919	90 78 230 268
920	361 175 265 330
921	247 201 419 165
922	275 76 417 247
923	415 9 324 218
924	329 336 40 198
925	11 350 182 452
926	458 171 356 88
927	106 400 294 192
928	353 115 336 450
929	399 141 30 285
930	394 497 323 201
931	38 31 249 426
932	57 207 363 247
933	110 428 389 465
934	156 168 349 69
935	434 51 372 97
936	370 290 219 23
937	225 478 35 39
938	371 373 52 467
939	184 421 80 115
940	111 364 495 218
941	130 277 490 108
942	347 55 456 14
943	440 213 87 382
944	380 291 462 281
945	291 344 242 478
946	158 471 38 20
947	4 346 372 294
948	451 147 286 500
949	163 180 132 486
950	149 260 243 226
951	144 429 216 373
952	422 95 311 342
953	227 88 360 448
954	484 337 339 175
955	95 35 78 50
956	79 139 107 77
957	180 260 209 310
958	438 492 100 85
959	133 352 220 247
960	475 209 75 137
961	12 131 189 222
962	319 248 448 204
963	227 263 87 10
964	421 197 55 244
965	277 108 453 339
966	473 119 284 249
967	411 46 111 103
968	166 144 478 484
969	498 449 436 325
970	486 66 389 190
971	126 22 210 66
972	176 436 258 119
973	296 159 301 139
974	312 50 381 206
975	428 73 372 395
976	70 475 226 80
977	428 400 427 288
978	177 221 354 338
979	62 106 367 93
980	368 421 27 167
981	57 51 252 408
982	239 393 435 416
983	41 146 218 2
984	339 227 61 146
985	207 169 445 99
986	112 100 137 16
987	493 377 221 422
988	377 312 119 30
989	467 218 500 113
990	473 129 492 306
991	156 67 414 167
992	430 341 47 481
993	154 81 453 93
994	111 72 99 260
995	24 446 3 316
996	168 214 352 370
997	241 474 70 191
998	402 51 309 357
999	304 220 426 69
1000	160 472 321 175
1001	10 15 460 28
1002	302 403 438 4
1003	408 39 294 198
1004	491 483 320 12
1005	498 328 213 65
1006	93 226 483 34
1007	398 362 141 269
1008	356 364 90 229
1009	431 182 260 104
1010	240 324 482 280
1011	368 275 492 375
1012	292 239 467 106
1013	472 289 312 229
1014	325 216 239 317
1015	418 462 402 284
1016	344 60 89 334
1017	230 20 317 168
1018	173 476 294 136
1019	465 131 242 25
1020	84 327 259 83
1021	96 408 50 136
1022	397 327 142 74
1023	284 343 132 38
1024	17 185 283 60
1025	114 445 25 365
1026	206 14 297 29
1027	281 315 49 177
1028	39 491 211 139
1029	201 301 84 166
1030	467 117 469 31
1031	151 363 259 437
1032	251 69 35 199
1033	163 212 112 466
1034	118 89 206 436
1035	152 329 344 444
1036	29 2 25 3
1037	87 416 481 396
1038	160 424 1 87
1039	402 406 232 327
1040	402 438 14 19
1041	300 143 421 151
1042	81 486 492 435
1043	209 444 250 264
1044	397 485 66 239
1045	213 278 164 437
1046	202 167 478 227
1047	50 414 349 73
1048	148 446 70 177
1049	13 460 328 469
1050	24 143 144 8
1051	481 354 289 385
1052	178 207 457 329
1053	253 479 115 92
1054	335 154 471 278
1055	345 225 160 19
1056	407 280 344 38
1057	63 488 51 244
1058	404 319 462 316
1059	300 255 293 355
1060	35 69 21 293
1061	277 147 93 71
1062	253 168 420 260
1063	295 451 190 71
1064	107 100 361 154
1065	445 456 80 169
1066	119 154 152 192
1067	258 93 257 271
1068	164 50 320 88
1069	294 154 103 21
1070	311 66 91 87
1071	376 160 240 161
1072	33 51 337 148
1073	332 176 10 338
1074	335 370 456 107
1075	481 237 390 14
1076	407 360 64 42
1077	422 314 389 129
1078	264 141 194 360
1079	176 108 4 338
1080	19 119 484 262
1081	273 316 490 468
1082	445 363 72 354
1083	456 335 118 253
1084	325 49 105 76
1085	418 309 170 24
1086	281 12 418 8
1087	216 270 261 230
1088	223 51 24 308
1089	380 49 73 64
1090	444 446 119 207
1091	156 76 278 442
1092	494 311 299 449
1093	338 112 397 262
1094	483 274 137 19
1095	204 413 392 141
1096	242 119 195 278
1097	261 304 187 266
1098	449 471 392 295
1099	236 145 263 65
1100	253 260 463 292
1101	55 135 267 107
1102	254 164 26 29
1103	468 474 461 18
1104	315 451 482 364
1105	446 384 3 145
1106	116 106 153 453
1107	24 87 362 396
1108	168 395 186 181
1109	403 371 247 395
1110	82 6 345 490
1111	329 489 129 51
1112	363 207 323 138
1113	58 189 427 179
1114	213 498 222 287
1115	75 353 50 500
1116	465 29 251 481
1117	191 273 356 192
1118	175 155 141 200
1119	148 313 132 145
1120	120 321 49 132
1121	479 309 488 175
1122	87 79 101 216
1123	31 270 475 238
1124	170 420 402 232
1125	331 112 456 37
1126	96 229 113 417
1127	306 398 84 21
1128	96 82 297 88
1129	257 219 346 378
1130	291 269 395 231
1131	31 175 386 25
1132	210 361 219 315
1133	339 80 308 484
1134	182 343 397 324
1135	364 359 354 195
1136	134 291 156 104
1137	10 343 203 18
1138	99 314 267 126
1139	441 490 269 93
1140	233 467 342 154
1141	452 370 135 215
1142	484 117 10 91
1143	163 100 263 82
1144	298 249 289 450
1145	73 223 330 52
1146	186 23 193 448
1147	126 451 422 2
1148	385 427 306 194
1149	120 5 439 469
1150	482 204 217 276
1151	96 232 353 480
1152	360 328 286 282
1153	142 57 494 339
1154	190 149 248 420
1155	36 281 231 152
1156	308 453 223 423
1157	109 139 340 30
1158	326 79 65 330
1159	314 39 483 174
1160	111 366 489 21
1161	154 340 14 5
1162	444 150 194 84
1163	354 18 388 52
1164	90 187 70 168
1165	481 104 161 36
1166	354 349 321 441
1167	119 251 486 427
1168	272 147 58 135
1169	173 369 194 254
1170	95 112 98 414
1171	436 279 319 86
1172	436 316 333 430
1173	186 441 35 346
1174	131 335 93 480
1175	282 355 165 89
1176	234 211 500 87
1177	9 366 407 363
1178	376 47 250 151
1179	321 197 39 32
1180	299 139 246 496
1181	31 167 262 225
1182	273 163 353 284
1183	45 212 345 88
1184	391 241 439 181
1185	340 453 50 113
1186	286 343 116 104
1187	46 273 228 88
1188	226 335 394 93
1189	259 26 184 94
1190	282 126 135 47
1191	56 220 258 48
1192	310 280 360 75
1193	70 240 141 421
1194	405 106 85 181
1195	4 415 232 141
1196	162 197 415 315
1197	5 481 312 95
1198	169 71 142 42
1199	484 279 493 489
1200	35 77 196 189
1201	282 295 397 127
1202	139 257 383 132
1203	388 279 47 472
1204	60 53 95 369
1205	189 471 213 96
1206	38 27 452 68
1207	300 277 403 451
1208	1 190 317 370
1209	138 341 105 33
1210	322 22 20 134
1211	447 130 154 426
1212	190 317 445 354
1213	212 194 223 298
1214	432 80 38 342
1215	16 320 344 426
1216	173 260 43 68
1217	294 323 249 161
1218	127 174 398 20
1219	389 434 336 390
1220	379 495 248 428
1221	218 139 199 21
1222	454 94 408 299
1223	340 483 460 375
1224	83 467 449 353
1225	202 129 62 442
1226	30 330 231 205
1227	282 27 272 488
1228	490 271 315 454
1229	412 255 327 248
1230	52 132 127 232
1231	28 26 38 97
1232	422 1 134 248
1233	175 10 125 15
1234	64 375 15 410
1235	114 431 232 475
1236	208 191 485 239
1237	462 461 300 443
1238	139 472 427 7
1239	379 170 427 177
1240	484 419 429 304
1241	395 240 379 214
1242	263 205 133 117
1243	118 299 109 67
1244	256 236 11 451
1245	153 88 9 67
1246	328 463 260 20
1247	244 232 42 20
1248	202 246 11 168
1249	282 144 75 436
1250	255 14 421 336
1251	23 55 461 493
1252	299 253 469 154
1253	31 328 317 131
1254	437 47 447 82
1255	81 90 493 224
1256	2 44 183 406
1257	475 279 417 175
1258	238 363 463 426
1259	476 484 296 3
1260	318 481 459 218
1261	286 439 128 12
1262	9 198 175 489
1263	307 209 99 39
1264	246 213 52 303
1265	175 487 142 448
1266	106 302 348 227
1267	386 20 366 92
1268	181 436 334 342
1269	114 470 41 302
1270	103 26 87 23
1271	200 499 21 168
1272	499 266 374 425
1273	98 89 285 370
1274	465 270 159 239
1275	447 479 211 185
1276	172 396 218 448
1277	324 233 299 430
1278	95 300 218 131
1279	103 238 278 152
1280	381 345 304 161
1281	288 462 393 138
1282	290 47 419 116
1283	82 489 199 36
1284	224 244 50 195
1285	425 296 315 308
1286	257 132 28 42
1287	169 323 382 93
1288	243 198 300 16
1289	45 250 420 156
1290	480 489 272 215
1291	58 371 333 93
1292	107 413 415 363
1293	450 229 10 257
1294	345 80 281 62
1295	412 91 359 469
1296	431 400 443 399
1297	213 463 69 64
1298	49 313 122 451
1299	31 210 41 69
1300	323 179 409 353
1301	273 362 212 453
1302	460 420 16 297
1303	304 459 394 282
1304	375 43 409 151
1305	75 206 312 422
1306	211 160 1 208
1307	261 384 230 481
1308	454 66 287 58
1309	150 303 373 424
1310	327 371 67 173
1311	142 348 295 256
1312	158 352 71 118
1313	294 365 285 114
1314	211 407 54 251
1315	280 343 401 216
1316	100 142 354 260
1317	464 349 432 421
1318	226 492 242 146
1319	189 407 110 8
1320	116 447 182 400
1321	8 338 440 456
1322	92 355 22 59
1323	463 157 170 466
1324	165 367 458 472
1325	351 493 234 165
1326	62 300 264 394
1327	96 110 330 401
1328	255 334 497 286
1329	225 334 28 254
1330	310 412 186 36
1331	37 97 322 418
1332	217 154 409 103
1333	355 318 397 323
1334	228 344 105 423
1335	233 495 61 444
1336	489 229 21 289
1337	193 230 333 498
1338	496 437 301 239
1339	465 291 475 312
1340	99 275 412 410
1341	317 465 486 421
1342	5 396 168 353
1343	135 3 383 144
1344	439 257 278 183
1345	409 461 448 174
1346	308 247 263 70
1347	132 434 286 208
1348	391 307 73 86
1349	247 146 277 149
1350	292 497 132 414
1351	285 374 15 267
1352	33 446 294 280
1353	164 171 334 331
1354	355 33 249 497
1355	88 254 208 267
1356	153 403 409 351
1357	497 229 295 165
1358	487 247 325 482
1359	423 428 95 177
1360	426 310 225 58
1361	62 111 182 25
1362	275 101 319 362
1363	23 19 207 455
1364	328 435 75 474
1365	485 439 402 66
1366	385 138 254 452
1367	404 308 59 480
1368	119 33 101 392
1369	478 195 43 282
1370	258 192 181 359
1371	260 82 164 130
1372	213 387 3 87
1373	153 267 346 304
1374	378 184 207 338
1375	498 484 340 319
1376	344 239 241 145
1377	81 392 368 33
1378	96 19 160 52
1379	147 20 409 416
1380	81 434 334 195
1381	408 437 26 363
1382	136 209 89 392
1383	55 35 8 107
1384	374 215 12 7
1385	7 158 264 353
1386	498 492 398 126
1387	384 50 363 387
1388	411 257 70 47
1389	230 136 292 359
1390	135 324 62 289
1391	44 17 486 478
1392	236 123 461 200
1393	468 267 400 225
1394	387 256 489 325
1395	341 157 401 109
1396	148 472 227 2
1397	354 267 18 295
1398	276 335 219 141
1399	220 162 110 225
1400	83 463 40 332
1401	55 301 307 104
1402	413 279 271 346
1403	133 189 156 282
1404	252 432 216 172
1405	250 477 185 242
1406	356 326 75 168
1407	177 248 465 478
1408	27 209 128 474
1409	30 317 23 437
1410	250 61 424 200
1411	161 36 235 272
1412	146 217 63 184
1413	211 240 181 130
1414	186 91 143 476
1415	370 273 278 327
1416	95 140 299 481
1417	449 393 488 237
1418	34 47 369 130
1419	23 194 30 214
1420	68 283 479 83
1421	42 466 262 221
1422	305 11 294 284
1423	370 95 82 232
1424	127 287 295 246
1425	214 106 410 186
1426	437 115 294 496
1427	139 199 412 430
1428	7 434 435 465
1429	23 124 227 209
1430	233 175 455 183
1431	36 477 495 203
1432	63 191 414 227
1433	5 336 143 15
1434	343 298 432 237
1435	173 370 300 400
1436	484 334 194 322
1437	110 255 58 375
1438	492 4 132 337
1439	281 328 30 449
1440	386 461 106 125
1441	122 214 324 207
1442	427 341 221 58
1443	118 44 444 212
1444	363 149 279 370
1445	379 465 413 478
1446	86 263 412 362
1447	159 318 438 216
1448	327 387 98 414
1449	381 453 392 11
1450	266 67 131 481
1451	212 243 214 200
1452	161 366 14 298
1453	390 343 39 317
1454	396 463 407 363
1455	3 234 482 244
1456	129 346 457 5
1457	138 23 10 474
1458	491 324 253 356
1459	303 312 225 299
1460	171 435 157 391
1461	316 326 138 177
1462	468 234 425 423
1463	345 231 232 79
1464	325 240 350 407
1465	121 343 128 233
1466	150 138 90 294
1467	356 100 163 372
1468	164 487 439 319
1469	270 313 494 368
1470	379 483 29 105
1471	184 323 105 478
1472	234 309 307 308
1473	13 219 225 370
1474	326 370 152 182
1475	112 289 133 88
1476	147 56 135 395
1477	304 331 303 200
1478	162 379 224 279
1479	86 354 77 61
1480	50 74 158 321
1481	420 60 286 319
1482	428 334 298 151
1483	195 321 283 160
1484	365 57 446 104
1485	419 126 350 138
1486	25 409 23 48
1487	374 197 288 455
1488	306 168 425 115
1489	492 147 241 76
1490	403 108 80 258
1491	433 180 466 208
1492	280 282 447 167
1493	349 412 278 385
1494	123 254 136 8
1495	129 428 317 187
1496	444 304 390 211
1497	430 184 126 475
1498	124 286 347 139
1499	121 277 187 489
1500	291 153 347 369
1501	354 45 204 153
1502	120 237 38 90
1503	289 239 364 61
1504	248 126 115 166
1505	132 395 220 261
1506	201 440 339 362
1507	3 190 76 246
1508	445 480 323 419
1509	294 353 433 362
1510	316 99 163 249
1511	70 317 83 294
1512	382 191 139 415
1513	243 416 394 229
1514	469 13 43 255
1515	199 4 149 427
1516	376 484 153 82
1517	205 393 13 21
1518	52 338 478 238
1519	463 458 329 132
1520	301 342 124 14
1521	340 214 440 160
1522	390 426 44 441
1523	342 11 105 23
1524	234 330 430 342
1525	154 363 389 39
1526	181 381 179 216
1527	75 159 63 216
1528	265 210 185 28
1529	6 311 111 322
1530	145 119 135 334
1531	170 7 397 275
1532	352 414 77 335
1533	106 437 405 222
1534	331 319 269 448
1535	32 439 165 448
1536	213 108 164 319
1537	55 47 140 270
1538	133 299 417 352
1539	318 443 350 499
1540	395 168 432 308
1541	62 265 397 199
1542	215 468 257 343
1543	227 135 400 89
1544	256 50 87 495
1545	147 124 478 213
1546	155 126 169 93
1547	75 186 45 281
1548	252 119 151 355
1549	212 388 132 26
1550	244 6 243 76
1551	139 433 303 359
1552	23 166 69 246
1553	40 201 495 174
1554	16 104 201 218
1555	335 127 252 292
1556	406 456 168 177
1557	355 319 346 232
1558	185 423 119 53
1559	487 368 209 282
1560	125 241 399 337
1561	243 281 416 219
1562	309 419 473 308
1563	8 395 139 473
1564	46 365 475 121
1565	339 39 125 35
1566	123 53 154 459
1567	465 64 204 20
1568	478 144 73 4
1569	305 129 213 485
1570	107 464 207 419
1571	142 421 11 334
1572	168 368 465 240
1573	270 163 386 493
1574	465 422 206 149
1575	299 442 223 456
1576	232 396 9 493
1577	1 489 226 271
1578	349 328 259 114
1579	488 114 339 129
1580	400 419 88 127
1581	231 18 196 346
1582	249 172 309 121
1583	392 165 65 268
1584	73 112 209 5
1585	157 342 257 427
1586	131 466 483 201
1587	279 381 321 146
1588	329 15 74 283
1589	279 385 191 273
1590	496 304 385 334
1591	298 54 63 247
1592	123 90 104 292
1593	369 451 373 305
1594	187 327 356 430
1595	461 256 218 363
1596	55 68 466 251
1597	451 168 347 348
1598	370 495 337 104
1599	275 237 156 114
1600	214 274 341 147
1601	367 450 197 22
1602	279 177 103 414
1603	131 382 237 236
1604	229 281 225 279
1605	42 213 331 410
1606	375 237 267 352
1607	164 279 132 72
1608	262 358 261 51
1609	269 222 399 265
1610	274 362 67 4
1611	427 94 186 337
1612	339 287 140 261
1613	398 57 216 134
1614	358 51 72 423
1615	357 33 270 362
1616	10 275 313 220
1617	475 322 179 420
1618	137 283 91 376
1619	124 358 165 129
1620	469 295 313 199
1621	480 336 279 14
1622	62 17 163 258
1623	85 475 140 58
1624	381 315 163 295
1625	460 183 455 243
1626	96 301 147 91
1627	188 313 44 100
1628	302 5 446 443
1629	444 107 146 44
1630	474 382 66 145
1631	296 267 315 355
1632	186 138 233 443
1633	204 374 28 346
1634	240 353 462 355
1635	31 166 469 17
1636	108 19 206 457
1637	486 347 42 321
1638	223 486 151 311
1639	354 298 240 105
1640	455 408 439 102
1641	20 140 466 239
1642	284 11 410 253
1643	225 191 158 53
1644	467 21 395 354
1645	207 352 371 333
1646	274 267 228 99
1647	325 450 11 344
1648	120 326 367 124
1649	15 485 463 171
1650	256 230 389 185
1651	416 80 220 30
1652	483 468 183 470
1653	247 314 412 176
1654	183 78 283 490
1655	87 352 307 65
1656	310 288 129 76
1657	458 50 413 43
1658	364 61 463 279
1659	199 401 265 35
1660	223 29 169 196
1661	435 314 338 459
1662	130 87 83 202
1663	29 349 234 483
1664	13 429 174 437
1665	274 29 456 110
1666	284 41 498 2
1667	193 404 49 145
1668	158 51 487 351
1669	204 472 349 133
1670	20 490 407 139
1671	69 463 328 48
1672	343 308 273 443
1673	447 372 247 252
1674	121 48 57 241
1675	74 437 393 38
1676	326 271 245 320
1677	28 20 144 4
1678	376 304 161 417
1679	259 71 463 447
1680	174 471 456 338
1681	51 39 194 45
1682	293 339 288 102
1683	314 211 145 205
1684	490 41 13 224
1685	124 40 484 184
1686	275 477 114 235
1687	220 71 421 356
1688	379 150 130 272
1689	186 38 420 396
1690	93 48 72 161
1691	370 171 416 46
1692	33 320 139 357
1693	174 121 109 211
1694	90 71 12 331
1695	155 271 368 180
1696	438 350 138 97
1697	44 500 188 474
1698	170 369 435 86
1699	216 362 74 329
1700	164 117 161 309
1701	170 246 116 282
1702	272 318 279 193
1703	256 487 41 147
1704	68 13 320 381
1705	59 53 206 188
1706	194 120 315 39
1707	28 230 496 365
1708	485 279 464 119
1709	157 463 154 484
1710	464 336 366 311
1711	490 19 261 201
1712	397 166 451 123
1713	255 485 80 405
1714	451 140 211 103
1715	256 461 409 335
1716	316 48 251 423
1717	11 120 487 138
1718	133 451 318 91
1719	385 470 84 379
1720	266 261 4 362
1721	245 212 496 428
1722	377 279 157 460
1723	293 54 367 485
1724	338 3 207 58
1725	436 165 28 433
1726	339 253 104 51
1727	112 213 399 91
1728	63 39 396 5
1729	44 27 435 392
1730	2 72 137 315
1731	417 476 66 428
1732	410 11 287 443
1733	403 26 232 285
1734	11 289 84 311
1735	380 260 204 42
1736	394 322 498 308
1737	60 327 174 313
1738	71 446 365 73
1739	34 354 397 210
1740	370 175 61 148
1741	40 345 64 124
1742	315 186 244 337
1743	450 436 58 251
1744	229 462 90 52
1745	170 115 316 363
1746	168 132 282 212
1747	267 196 122 355
1748	336 345 83 242
1749	201 319 392 222
1750	346 406 264 15
1751	120 211 291 186
1752	175 475 455 116
1753	91 224 374 319
1754	287 320 19 122
1755	159 398 415 143
1756	273 439 37 151
1757	453 370 74 327
1758	386 374 183 304
1759	452 444 193 258
1760	143 121 389 191
1761	284 13 159 440
1762	94 326 64 138
1763	222 284 26 386
1764	62 337 410 289
1765	214 425 465 341
1766	491 239 393 223
1767	459 283 461 424
1768	147 166 348 382
1769	154 285 224 11
1770	149 6 400 36
1771	94 431 310 429
1772	340 84 436 201
1773	325 35 114 298
1774	148 7 225 412
1775	40 472 127 159
1776	482 89 5 462
1777	295 170 125 318
1778	309 169 356 229
1779	43 18 378 141
1780	342 156 67 480
1781	274 90 389 390
1782	253 300 373 31
1783	376 316 241 31
1784	45 475 449 8
1785	16 236 223 290
1786	95 248 413 425
1787	84 474 117 143
1788	1 47 224 194
1789	346 383 280 297
1790	160 495 404 231
1791	68 62 41 140
1792	35 351 291 190
1793	415 66 305 69
1794	242 473 230 478
1795	444 146 326 25
1796	65 410 67 89
1797	432 263 144 57
1798	62 490 112 460
1799	244 423 372 174
1800	291 206 418 443
1801	245 56 256 255
1802	205 285 134 208
1803	126 254 229 294
1804	471 27 40 303
1805	258 144 119 243
1806	427 346 447 404
1807	27 96 313 15
1808	458 147 287 314
1809	187 37 71 361
1810	271 315 418 338
1811	384 95 310 223
1812	330 450 350 276
1813	98 481 185 274
1814	55 298 418 230
1815	10 246 261 126
1816	102 29 38 185
1817	12 226 203 152
1818	330 491 365 15
1819	253 239 461 37
1820	240 314 123 480
1821	303 174 487 7
1822	186 350 391 142
1823	28 178 128 500
1824	305 55 165 411
1825	122 357 65 437
1826	358 284 440 200
1827	24 135 322 495
1828	79 230 159 375
1829	83 276 103 84
1830	158 288 300 315
1831	420 459 423 350
1832	186 13 33 59
1833	322 319 238 277
1834	176 56 306 28
1835	384 401 50 455
1836	283 29 432 372
1837	293 148 205 245
1838	391 85 201 438
1839	285 263 417 484
1840	35 240 294 286
1841	288 69 333 433
1842	461 465 230 60
1843	175 400 266 473
1844	190 451 401 346
1845	299 10 95 75
1846	81 128 206 442
1847	208 496 110 202
1848	226 33 167 191
1849	439 385 22 293
1850	431 475 382 226
1851	292 217 177 486
1852	136 93 86 109
1853	309 201 429 128
1854	353 431 100 464
1855	407 421 58 74
1856	64 451 365 220
1857	278 446 6 18
1858	30 83 330 116
1859	127 246 174 2
1860	120 386 405 51
1861	293 372 478 386
1862	46 193 285 29
1863	34 321 357 326
1864	276 410 356 460
1865	449 139 112 367
1866	13 498 380 284
1867	154 178 50 280
1868	344 33 193 253
1869	359 194 274 365
1870	430 304 498 353
1871	424 261 294 236
1872	369 93 353 329
1873	51 492 208 157
1874	114 325 476 339
1875	459 469 144 436
1876	343 24 413 86
1877	488 321 12 168
1878	459 201 152 162
1879	381 459 47 139
1880	176 328 258 167
1881	349 84 292 409
1882	231 376 27 374
1883	479 242 1 446
1884	173 456 81 298
1885	61 309 32 131
1886	464 451 131 11
1887	500 487 21 101
1888	142 141 476 429
1889	184 33 126 123
1890	278 163 26 52
1891	404 166 273 125
1892	113 337 363 304
1893	275 218 30 395
1894	232 2 157 27
1895	300 312 211 262
1896	63 126 182 491
1897	389 120 234 284
1898	420 148 466 226
1899	166 37 485 284
1900	37 443 83 323
1901	260 221 411 465
1902	264 101 405 198
1903	483 51 316 47
1904	158 439 32 458
1905	383 398 60 147
1906	83 415 31 303
1907	194 293 27 29
1908	478 406 427 422
1909	39 91 379 479
1910	489 92 99 328
1911	105 374 444 126
1912	446 444 256 241
1913	358 311 5 348
1914	224 467 150 280
1915	243 228 365 64
1916	349 42 29 30
1917	230 486 273 246
1918	325 254 32 385
1919	450 281 173 265
1920	464 195 412 492
1921	114 158 253 385
1922	187 178 423 135
1923	337 479 395 159
1924	88 314 174 489
1925	445 203 455 342
1926	255 252 9 315
1927	340 132 185 21
1928	230 295 176 430
1929	439 334 228 164
1930	191 386 130 93
1931	267 170 295 90
1932	374 241 277 353
1933	251 280 488 450
1934	488 128 317 362
1935	333 21 255 301
1936	338 455 133 236
1937	48 195 107 122
1938	470 253 161 307
1939	444 78 120 397
1940	449 5 144 169
1941	416 437 40 461
1942	280 359 124 28
1943	290 444 81 452
1944	344 306 490 214
1945	361 232 218 291
1946	33 278 24 168
1947	266 466 255 140
1948	137 260 291 478
1949	473 40 138 408
1950	161 193 112 232
1951	429 211 8 442
1952	482 146 421 308
1953	215 406 367 394
1954	437 32 75 440
1955	232 329 19 426
1956	205 248 7 67
1957	292 21 439 275
1958	464 223 52 233
1959	103 234 169 413
1960	429 244 217 21
1961	352 272 36 429
1962	443 304 297 270
1963	131 429 19 490
1964	310 395 335 85
1965	85 262 492 198
1966	28 312 170 444
1967	75 158 249 373
1968	1 17 130 4
1969	228 64 272 310
1970	203 497 281 20
1971	34 243 17 312
1972	74 359 139 138
1973	146 117 240 325
1974	229 40 242 152
1975	251 36 347 296
1976	293 109 153 190
1977	248 266 112 450
1978	358 64 96 173
1979	120 87 291 473
1980	214 394 263 291
1981	142 97 141 209
1982	98 377 115 129
1983	123 211 185 330
1984	235 269 492 31
1985	63 331 214 36
1986	487 478 294 216
1987	33 313 17 270
1988	343 296 138 109
1989	214 176 122 39
1990	411 14 491 352
1991	337 387 474 392
1992	433 448 98 417
1993	302 146 453 265
1994	160 483 274 264
1995	483 317 425 360
1996	176 212 53 9
1997	162 489 126 441
1998	20 99 191 95
1999	148 136 176 413
2000	70 362 11 8
2001	9 7 235 287
2002	345 382 265 164
2003	369 114 483 163
2004	413 27 372 147
2005	447 139 3 120
2006	150 134 176 115
2007	12 100 422 467
2008	72 280 247 254
2009	29 340 259 98
2010	420 106 190 346
2011	149 221 353 285
2012	30 112 426 119
2013	262 394 472 72
2014	432 279 51 217
2015	63 126 320 49
2016	342 284 11 324
2017	79 426 14 141
2018	34 312 132 153
2019	232 114 377 210
2020	241 157 335 196
2021	433 8 441 135
2022	415 315 318 416
2023	222 98 428 242
2024	262 246 446 225
2025	284 379 216 363
2026	78 274 179 403
2027	122 491 334 9
2028	374 355 16 369
2029	386 415 398 113
2030	297 16 127 474
2031	191 204 111 32
2032	251 279 207 325
2033	395 124 477 475
2034	3 299 394 452
2035	78 106 225 314
2036	411 183 120 437
2037	442 53 149 236
2038	150 173 262 31
2039	83 388 64 6
2040	107 404 79 72
2041	463 128 425 167
2042	247 427 135 476
2043	23 411 333 315
2044	449 21 153 396
2045	173 67 144 194
2046	359 38 128 115
2047	439 252 221 203
2048	393 194 407 116
2049	208 134 38 30
2050	10 172 16 253
2051	474 269 308 17
2052	324 376 27 97
2053	131 137 6 47
2054	415 481 254 377
2055	141 330 349 114
2056	133 81 121 331
2057	142 449 431 140
2058	31 223 174 231
2059	476 25 21 149
2060	445 290 376 430
2061	161 434 467 230
2062	165 151 448 121
2063	165 410 241 431
2064	452 330 491 33
2065	401 454 96 362
2066	45 453 243 64
2067	350 474 73 22
2068	280 293 53 168
2069	138 482 425 442
2070	365 11 258 179
2071	417 378 22 171
2072	174 69 274 470
2073	144 488 122 126
2074	223 312 176 137
2075	417 123 148 290
2076	35 299 244 321
2077	45 139 99 383
2078	436 253 386 126
2079	60 92 376 148
2080	57 490 415 329
2081	316 329 278 429
2082	299 301 160 475
2083	79 161 128 348
2084	442 382 495 81
2085	219 467 336 102
2086	10 68 102 499
2087	359 423 142 286
2088	105 129 360 135
2089	180 238 392 3
2090	490 160 232 178
2091	107 61 161 236
2092	324 368 217 115
2093	25 132 68 59
2094	227 325 281 9
2095	330 8 2 278
2096	102 78 318 449
2097	164 187 384 472
2098	66 313 460 83
2099	56 203 417 190
2100	268 110 30 283
2101	360 319 43 236
2102	435 164 175 361
2103	391 207 95 33
2104	82 219 76 123
2105	21 85 282 8
2106	42 336 258 208
2107	156 106 321 294
2108	210 21 321 325
2109	15 357 108 269
2110	272 136 437 409
2111	447 229 383 80
2112	111 450 139 211
2113	215 491 329 324
2114	82 126 392 482
2115	98 327 7 458
2116	438 404 9 203
2117	41 223 464 301
2118	353 207 337 256
2119	158 18 152 197
2120	229 383 122 480
2121	419 129 190 465
2122	274 306 242 282
2123	96 384 187 255
2124	279 80 381 324
2125	205 129 145 258
2126	442 125 383 294
2127	108 271 58 11
2128	186 463 346 403
2129	234 116 19 122
2130	19 113 78 37
2131	479 440 183 345
2132	217 62 249 386
2133	281 446 479 274
2134	374 392 62 435
2135	129 353 463 311
2136	253 259 373 420
2137	365 131 126 232
2138	297 24 89 151
2139	52 10 379 250
2140	192 28 184 99
2141	422 195 272 23
2142	472 111 477 281
2143	16 355 314 345
2144	327 187 244 193
2145	15 303 492 109
2146	43 370 430 479
2147	489 432 336 220
2148	329 349 65 41
2149	383 378 476 219
2150	204 425 108 484
2151	405 44 307 322
2152	96 397 160 111
2153	235 45 398 369
2154	401 186 22 132
2155	497 357 326 447
2156	353 405 211 381
2157	325 388 81 15
2158	335 336 470 43
2159	40 453 102 397
2160	12 90 364 303
2161	495 97 401 369
2162	90 40 365 335
2163	4 7 31 376
2164	431 461 320 238
2165	451 245 490 62
2166	329 124 393 293
2167	194 368 318 372
2168	320 6 468 398
2169	211 22 412 448
2170	143 114 112 104
2171	129 448 156 363
2172	198 333 496 410
2173	244 415 120 479
2174	234 129 194 333
2175	496 456 76 367
2176	391 340 476 294
2177	490 410 134 191
2178	266 254 147 490
2179	171 135 209 418
2180	217 109 89 234
2181	30 458 481 324
2182	148 486 141 400
2183	284 332 214 118
2184	323 260 166 334
2185	32 97 475 61
2186	267 433 131 375
2187	471 198 310 114
2188	164 108 320 133
2189	258 484 408 223
2190	191 367 136 58
2191	479 251 319 109
2192	238 228 491 59
2193	207 53 59 375
2194	203 357 373 227
2195	132 495 257 151
2196	230 461 419 374
2197	80 228 427 283
2198	348 241 417 289
2199	367 247 447 100
2200	436 316 176 116
2201	466 441 12 370
2202	344 206 16 418
2203	113 461 478 256
2204	260 156 147 210
2205	18 125 450 16
2206	35 452 292 277
2207	293 275 252 269
2208	411 26 487 324
2209	362 266 69 337
2210	480 262 435 361
2211	150 248 317 326
2212	457 399 343 422
2213	353 272 377 243
2214	37 454 133 409
2215	216 171 295 227
2216	402 374 140 261
2217	284 500 136 176
2218	390 126 442 357
2219	151 41 326 369
2220	41 5 354 29
2221	155 490 29 425
2222	130 193 311 293
2223	433 439 425 286
2224	349 2 400 401
2225	94 152 121 184
2226	129 219 155 63
2227	135 440 398 423
2228	72 186 419 259
2229	466 76 35 124
2230	154 2 85 301
2231	180 281 56 470
2232	277 221 383 401
2233	381 268 441 348
2234	333 486 25 315
2235	35 143 140 192
2236	272 262 59 219
2237	377 236 33 235
2238	157 217 63 336
2239	2 44 446 314
2240	411 291 500 446
2241	229 467 331 293
2242	381 154 26 309
2243	309 458 283 158
2244	451 30 347 179
2245	438 481 254 280
2246	275 312 371 495
2247	412 371 49 344
2248	217 449 368 42
2249	75 252 24 466
2250	311 302 127 464
2251	171 273 489 494
2252	17 265 443 293
2253	423 112 45 4
2254	473 237 371 95
2255	331 166 479 154
2256	450 428 25 436
2257	362 48 309 250
2258	500 287 81 244
2259	3 296 493 181
2260	363 406 47 297
2261	236 27 349 104
2262	355 212 250 397
2263	272 150 102 366
2264	342 35 13 225
2265	400 163 109 255
2266	224 447 243 410
2267	481 376 70 67
2268	251 44 357 22
2269	243 153 381 286
2270	300 446 360 138
2271	425 64 80 265
2272	251 74 435 500
2273	323 166 275 30
2274	215 472 171 487
2275	44 46 212 379
2276	301 104 253 337
2277	402 299 117 159
2278	232 38 47 13
2279	52 353 436 481
2280	106 341 411 275
2281	472 380 73 68
2282	160 266 46 212
2283	96 217 424 52
2284	278 212 193 122
2285	94 95 375 258
2286	149 237 407 131
2287	115 192 33 421
2288	72 337 491 297
2289	183 409 238 290
2290	189 18 48 284
2291	404 58 402 232
2292	180 183 340 298
2293	167 24 439 279
2294	426 158 430 107
2295	149 306 406 476
2296	500 252 238 362
2297	118 252 136 497
2298	23 52 290 315
2299	314 149 392 218
2300	417 261 65 263
2301	21 306 143 291
2302	403 223 348 147
2303	386 124 210 293
2304	268 427 30 286
2305	32 140 8 152
2306	381 150 254 109
2307	122 476 190 357
2308	280 53 192 50
2309	153 76 335 383
2310	262 467 119 462
2311	50 137 348 322
2312	392 294 259 488
2313	403 115 468 455
2314	148 394 145 290
2315	113 233 212 305
2316	10 35 453 394
2317	188 418 220 248
2318	306 480 460 170
2319	464 197 298 366
2320	353 17 376 102
2321	181 89 8 6
2322	73 274 409 26
2323	43 166 388 426
2324	192 393 439 455
2325	166 16 342 468
2326	394 242 166 412
2327	210 479 382 381
2328	382 93 38 376
2329	417 141 266 259
2330	245 314 166 99
2331	295 223 126 58
2332	246 443 266 454
2333	310 165 453 224
2334	263 106 471 430
2335	100 374 241 278
2336	463 152 119 101
2337	493 307 305 63
2338	91 470 315 71
2339	468 248 102 416
2340	254 380 228 456
2341	49 389 10 204
2342	16 164 203 384
2343	195 47 249 483
2344	294 222 316 324
2345	241 94 149 500
2346	150 36 47 293
2347	151 471 117 364
2348	370 110 176 80
2349	26 428 65 451
2350	497 267 474 122
2351	142 429 129 488
2352	468 187 109 95
2353	163 492 330 295
2354	376 328 29 14
2355	126 59 281 316
2356	73 411 372 344
2357	359 328 280 395
2358	327 428 167 181
2359	61 373 15 165
2360	104 208 326 500
2361	33 214 194 41
2362	207 377 4 329
2363	254 447 265 16
2364	9 167 78 441
2365	389 400 339 329
2366	334 372 463 257
2367	236 244 210 71
2368	209 348 64 218
2369	115 429 219 486
2370	172 395 54 233
2371	287 239 381 445
2372	164 448 118 154
2373	176 282 482 71
2374	134 478 152 392
2375	371 176 396 19
2376	485 151 211 374
2377	243 226 89 137
2378	262 260 281 8
2379	373 388 229 99
2380	131 151 173 193
2381	488 371 433 72
2382	113 365 498 136
2383	144 250 33 135
2384	361 424 319 413
2385	33 65 280 425
2386	338 259 156 220
2387	483 442 167 405
2388	217 487 49 185
2389	35 363 458 203
2390	65 366 381 427
2391	325 357 212 179
2392	483 479 86 266
2393	450 471 410 186
2394	300 360 280 46
2395	20 74 358 2
2396	127 39 179 66
2397	194 149 310 493
2398	217 152 490 446
2399	195 472 206 364
2400	419 76 186 46
2401	8 204 87 209
2402	294 246 313 211
2403	366 172 130 156
2404	498 152 102 145
2405	485 331 309 45
2406	421 239 305 182
2407	24 114 462 423
2408	320 322 209 25
2409	326 171 30 94
2410	190 366 319 262
2411	108 224 420 54
2412	12 405 166 64
2413	29 93 303 403
2414	232 147 115 484
2415	357 217 293 188
2416	308 277 447 147
2417	315 326 194 179
2418	80 257 280 440
2419	188 246 31 216
2420	356 412 217 422
2421	267 188 271 97
2422	147 445 334 318
2423	352 187 24 407
2424	312 12 290 327
2425	225 302 149 276
2426	65 376 15 398
2427	250 22 465 291
2428	259 202 12 306
2429	157 282 301 138
2430	234 444 352 5
2431	433 374 322 76
2432	124 376 470 272
2433	315 33 481 478
2434	49 213 284 17
2435	403 379 76 482
2436	375 429 109 478
2437	126 411 213 196
2438	424 274 183 176
2439	489 223 486 17
2440	421 210 415 102
2441	394 111 443 276
2442	326 408 286 61
2443	174 268 301 337
2444	253 167 492 476
2445	9 302 58 216
2446	192 115 145 197
2447	388 346 427 455
2448	492 282 449 490
2449	477 124 119 239
2450	181 142 343 435
2451	395 207 183 138
2452	25 164 367 238
2453	301 259 233 395
2454	311 345 315 44
2455	270 95 354 432
2456	155 101 90 315
2457	245 349 14 269
2458	46 484 286 261
2459	147 110 421 372
2460	354 484 412 23
2461	164 131 111 7
2462	132 189 276 292
2463	106 109 250 53
2464	282 268 500 36
2465	286 163 388 24
2466	375 209 198 334
2467	66 24 457 120
2468	276 462 385 272
2469	461 39 490 9
2470	426 197 164 317
2471	395 331 338 249
2472	40 475 9 166
2473	10 470 159 335
2474	202 155 234 215
2475	130 173 11 194
2476	293 305 308 17
2477	338 440 155 170
2478	414 347 210 395
2479	376 132 58 79
2480	476 496 369 260
2481	415 269 83 257
2482	378 439 75 155
2483	71 331 45 208
2484	233 422 336 70
2485	397 60 109 491
2486	381 220 318 184
2487	428 116 439 318
2488	11 75 363 409
2489	257 102 123 490
2490	11 413 2 351
2491	1 233 78 325
2492	267 171 52 184
2493	425 454 71 40
2494	500 181 69 326
2495	434 30 438 207
2496	341 500 395 359
2497	65 36 271 383
2498	209 85 479 162
2499	82 307 119 341
2500	264 77 427 452
2501	248 205 179 441
2502	65 351 440 106
2503	325 132 35 182
2504	298 281 367 5
2505	385 390 183 224
2506	346 454 71 18
2507	500 478 483 355
2508	221 281 178 207
2509	438 3 121 262
2510	347 122 496 413
2511	40 247 329 301
2512	418 184 94 5
2513	16 476 373 41
2514	90 17 474 255
2515	479 299 231 281
2516	25 468 291 153
2517	133 360 456 53
2518	357 459 303 265
2519	165 279 388 149
2520	458 365 494 253
2521	479 106 229 185
2522	455 183 370 133
2523	103 145 488 442
2524	295 24 451 7
2525	223 213 385 291
2526	248 251 309 133
2527	495 408 95 441
2528	125 359 317 486
2529	472 101 90 445
2530	114 364 401 286
2531	181 243 388 6
2532	55 168 129 374
2533	135 158 198 463
2534	107 443 447 326
2535	268 250 255 97
2536	254 173 157 249
2537	66 60 136 425
2538	234 472 467 352
2539	416 257 396 12
2540	481 317 77 115
2541	496 68 167 59
2542	388 218 216 182
2543	323 200 194 30
2544	197 231 490 482
2545	379 145 344 455
2546	76 86 135 37
2547	113 213 254 227
2548	491 428 482 469
2549	395 353 131 216
2550	247 460 466 318
2551	434 231 118 393
2552	158 424 7 480
2553	499 120 258 279
2554	114 38 388 360
2555	202 479 310 95
2556	400 65 30 161
2557	10 94 16 254
2558	7 272 172 178
2559	68 388 469 39
2560	247 15 471 464
2561	375 404 328 261
2562	421 162 464 326
2563	289 85 468 29
2564	417 450 125 253
2565	346 321 45 370
2566	27 271 417 149
2567	313 229 36 446
2568	472 142 360 33
2569	465 377 52 371
2570	75 455 57 288
2571	29 100 21 277
2572	215 241 16 498
2573	339 172 387 229
2574	204 431 349 476
2575	234 460 68 358
2576	454 181 46 221
2577	354 205 198 327
2578	415 92 233 25
2579	339 102 142 332
2580	283 87 428 61
2581	184 2 208 374
2582	219 359 238 399
2583	24 133 380 81
2584	208 250 436 118
2585	416 324 236 293
2586	282 365 254 43
2587	143 23 280 158
2588	98 50 444 298
2589	475 413 36 355
2590	265 231 124 334
2591	383 489 294 377
2592	316 38 10 170
2593	495 377 191 408
2594	454 268 455 272
2595	476 230 336 242
2596	344 297 146 231
2597	55 181 91 377
2598	330 9 276 145
2599	245 197 334 327
2600	36 99 121 341
2601	228 98 76 402
2602	318 361 31 370
2603	98 145 172 189
2604	7 165 155 481
2605	25 310 88 164
2606	311 341 430 71
2607	496 244 175 394
2608	113 50 333 452
2609	63 493 315 41
2610	241 43 288 83
2611	61 129 433 381
2612	68 352 187 268
2613	413 343 427 397
2614	36 34 114 206
2615	72 414 385 12
2616	379 29 10 121
2617	233 118 137 386
2618	485 67 336 136
2619	276 320 194 279
2620	408 247 114 425
2621	385 403 436 332
2622	107 89 161 145
2623	27 159 89 262
2624	491 323 339 52
2625	378 433 486 321
2626	285 148 225 195
2627	400 105 455 56
2628	177 415 271 31
2629	103 418 266 301
2630	25 453 269 308
2631	61 226 97 21
2632	258 277 233 66
2633	441 463 211 95
2634	338 423 248 116
2635	298 464 214 312
2636	404 491 258 399
2637	463 283 185 358
2638	361 242 369 182
2639	227 286 246 305
2640	334 232 347 115
2641	59 32 278 138
2642	465 499 191 244
2643	329 441 389 115
2644	78 233 485 178
2645	460 223 24 323
2646	217 182 60 241
2647	99 308 199 73
2648	10 254 463 34
2649	228 301 263 386
2650	188 353 250 14
2651	198 495 314 123
2652	463 481 215 319
2653	453 81 22 458
2654	231 26 333 288
2655	135 449 467 232
2656	356 392 497 276
2657	466 381 362 383
2658	469 324 394 97
2659	138 474 85 41
2660	386 280 343 145
2661	52 305 324 48
2662	365 187 371 474
2663	479 177 381 99
2664	472 218 377 391
2665	242 253 184 391
2666	366 455 395 353
2667	158 469 487 149
2668	257 402 179 290
2669	395 371 377 114
2670	243 346 137 234
2671	472 414 291 69
2672	92 404 30 480
2673	416 258 68 275
2674	363 421 304 318
2675	116 293 266 172
2676	69 33 468 244
2677	61 399 475 24
2678	277 275 35 403
2679	100 420 217 237
2680	283 77 251 396
2681	433 395 169 404
2682	101 318 96 6
2683	365 339 476 215
2684	120 368 404 266
2685	362 201 208 246
2686	328 137 365 254
2687	148 181 217 225
2688	14 213 183 426
2689	30 191 80 315
2690	290 34 257 249
2691	220 62 179 45
2692	222 361 397 396
2693	277 25 61 493
2694	170 1 343 211
2695	295 53 219 464
2696	309 311 169 209
2697	206 377 218 402
2698	27 470 45 342
2699	496 344 223 438
2700	132 384 321 343
2701	267 240 408 9
2702	482 334 424 481
2703	408 401 62 180
2704	272 100 220 142
2705	195 139 247 364
2706	284 360 186 229
2707	372 475 359 367
2708	463 48 17 475
2709	223 202 165 253
2710	142 206 180 367
2711	285 500 6 341
2712	199 30 361 22
2713	203 171 265 182
2714	312 434 253 500
2715	322 23 453 261
2716	328 425 284 173
2717	304 65 338 218
2718	55 473 492 498
2719	91 424 449 298
2720	59 296 81 176
2721	158 305 25 349
2722	213 176 473 423
2723	377 325 23 104
2724	454 438 118 294
2725	403 284 217 146
2726	275 177 287 241
2727	250 202 109 393
2728	64 146 168 323
2729	209 442 428 131
2730	420 430 218 287
2731	446 351 378 106
2732	34 146 441 2
2733	5 53 486 390
2734	165 413 92 24
2735	22 462 420 262
2736	103 219 154 423
2737	246 64 40 87
2738	353 98 427 287
2739	472 205 86 207
2740	50 204 78 200
2741	175 432 462 161
2742	356 430 142 347
2743	38 341 391 105
2744	276 173 131 271
2745	176 43 389 113
2746	485 187 212 207
2747	155 497 30 161
2748	327 212 226 336
2749	430 417 254 422
2750	234 184 288 210
2751	25 385 172 143
2752	281 338 185 63
2753	205 28 281 244
2754	77 453 391 155
2755	494 339 309 450
2756	69 243 169 305
2757	251 198 58 174
2758	231 126 474 212
2759	485 205 96 52
2760	403 158 203 211
2761	384 139 398 487
2762	325 385 206 101
2763	409 221 214 282
2764	117 258 482 230
2765	474 355 362 385
2766	149 458 8 80
2767	63 140 417 81
2768	361 162 294 138
2769	166 228 413 410
2770	178 290 470 449
2771	176 20 61 406
2772	191 197 489 337
2773	319 246 296 308
2774	278 103 399 367
2775	370 163 27 145
2776	255 226 86 306
2777	218 454 393 251
2778	67 222 401 429
2779	444 375 89 27
2780	358 469 202 204
2781	305 330 385 447
2782	55 153 493 77
2783	500 295 373 104
2784	367 356 132 244
2785	244 422 215 302
2786	307 7 382 16
2787	66 196 217 34
2788	479 99 19 115
2789	294 187 449 413
2790	9 35 176 463
2791	492 271 343 12
2792	67 265 198 294
2793	73 138 262 301
2794	407 110 405 166
2795	8 48 374 315
2796	383 290 401 279
2797	427 471 409 421
2798	261 150 369 249
2799	493 204 369 62
2800	70 476 155 356
2801	247 29 148 98
2802	49 104 443 88
2803	76 162 174 404
2804	24 139 307 155
2805	189 50 238 182
2806	293 224 95 20
2807	369 5 483 492
2808	300 217 258 369
2809	383 271 214 331
2810	489 483 14 324
2811	218 325 179 202
2812	361 258 110 145
2813	362 100 317 437
2814	282 144 343 50
2815	6 304 92 192
2816	104 335 26 269
2817	25 191 46 383
2818	111 65 164 371
2819	149 391 494 36
2820	220 62 271 394
2821	113 367 435 383
2822	206 2 489 287
2823	68 118 216 266
2824	71 12 3 195
2825	277 477 282 341
2826	414 249 139 106
2827	42 176 459 291
2828	384 457 495 450
2829	463 388 197 240
2830	1 118 29 275
2831	446 32 438 304
2832	206 492 137 172
2833	432 453 427 234
2834	145 361 486 255
2835	54 477 172 376
2836	161 190 138 43
2837	397 390 77 217
2838	7 276 364 240
2839	156 118 316 104
2840	204 116 22 36
2841	361 175 455 283
2842	368 350 339 172
2843	408 466 98 267
2844	177 105 103 214
2845	352 132 375 111
2846	454 439 394 110
2847	431 370 7 98
2848	83 365 265 342
2849	422 77 434 421
2850	187 78 131 150
2851	311 214 29 384
2852	159 62 492 64
2853	343 435 320 306
2854	240 179 165 198
2855	272 376 358 241
2856	412 208 222 13
2857	116 449 423 327
2858	384 456 492 47
2859	436 92 111 46
2860	430 257 231 365
2861	477 155 75 414
2862	247 82 330 317
2863	176 9 208 97
2864	401 468 347 467
2865	264 469 402 234
2866	232 175 80 448
2867	231 296 255 396
2868	207 464 273 94
2869	341 401 302 455
2870	366 158 64 335
2871	354 149 382 93
2872	481 417 490 436
2873	48 464 248 215
2874	284 86 138 296
2875	250 475 64 258
2876	139 419 413 301
2877	337 202 271 90
2878	479 354 33 10
2879	149 4 214 403
2880	280 376 89 389
2881	247 47 440 423
2882	361 181 110 89
2883	139 432 267 194
2884	40 36 66 135
2885	66 242 121 63
2886	413 440 196 369
2887	467 269 319 268
2888	69 40 82 275
2889	1 436 448 349
2890	34 134 386 194
2891	316 86 180 286
2892	109 73 227 113
2893	265 248 359 459
2894	490 429 209 13
2895	412 265 437 147
2896	228 433 177 348
2897	416 281 359 371
2898	97 373 376 422
2899	334 41 244 410
2900	379 472 269 416
2901	398 169 303 305
2902	365 75 398 452
2903	57 252 189 125
2904	97 481 286 434
2905	370 411 93 133
2906	464 217 40 475
2907	361 339 210 234
2908	206 462 461 16
2909	332 327 388 4
2910	412 157 280 388
2911	261 145 373 303
2912	334 322 414 185
2913	151 69 102 232
2914	45 102 442 217
2915	115 155 460 93
2916	378 119 101 300
2917	256 498 358 385
2918	358 35 294 2
2919	382 346 204 358
2920	51 241 461 116
2921	428 379 35 75
2922	149 55 359 290
2923	335 79 381 1
2924	311 89 217 52
2925	353 377 161 126
2926	233 312 303 272
2927	41 494 301 408
2928	58 293 396 403
2929	234 120 250 11
2930	223 91 75 378
2931	330 466 371 382
2932	366 441 368 297
2933	75 56 50 191
2934	282 440 450 118
2935	363 196 116 72
2936	112 181 102 367
2937	426 22 432 271
2938	117 296 100 207
2939	109 260 147 352
2940	64 261 255 276
2941	306 433 197 60
2942	144 30 313 323
2943	223 213 184 397
2944	307 470 84 176
2945	58 106 156 116
2946	338 201 465 365
2947	308 29 115 441
2948	495 272 431 405
2949	356 243 253 104
2950	485 96 170 144
2951	155 374 26 88
2952	96 355 208 451
2953	291 67 103 364
2954	288 455 270 80
2955	423 8 122 388
2956	117 293 76 39
2957	51 230 424 191
2958	376 413 420 51
2959	363 261 68 482
2960	450 173 163 313
2961	362 234 476 464
2962	420 300 166 188
2963	303 122 462 274
2964	84 140 259 230
2965	478 246 244 382
2966	159 79 35 43
2967	231 143 196 203
2968	59 453 83 379
2969	113 282 228 193
2970	288 324 276 153
2971	474 443 163 314
2972	166 266 315 90
2973	368 397 320 429
2974	250 261 20 183
2975	28 263 340 433
2976	25 469 233 303
2977	293 117 386 273
2978	154 24 255 428
2979	298 116 431 419
2980	277 49 405 306
2981	376 476 289 330
2982	102 397 127 93
2983	73 223 351 48
2984	289 66 12 72
2985	375 172 212 175
2986	384 450 219 397
2987	207 25 9 231
2988	358 453 20 44
2989	1 434 259 194
2990	102 88 66 158
2991	111 231 395 385
2992	44 479 16 345
2993	143 372 470 354
2994	400 167 305 158
2995	269 426 188 416
2996	387 334 171 22
2997	395 153 456 157
2998	138 446 472 199
2999	130 447 145 365
3000	385 429 417 54
3001	296 17 37 165
3002	424 291 99 394
3003	336 316 229 443
3004	232 125 21 465
3005	326 245 356 110
3006	88 132 367 356
3007	398 179 499 243
3008	443 218 412 39
3009	313 321 98 213
3010	277 348 209 81
3011	22 281 445 112
3012	127 158 201 221
3013	21 156 25 484
3014	487 342 389 435
3015	447 192 80 224
3016	261 83 475 453
3017	349 380 208 379
3018	476 204 193 287
3019	255 64 184 74
3020	7 370 75 276
3021	156 302 440 332
3022	115 497 2 464
3023	258 362 278 201
3024	150 67 186 198
3025	384 300 429 284
3026	375 313 133 302
3027	169 123 480 95
3028	453 141 189 417
3029	244 499 23 483
3030	257 369 478 220
3031	415 434 61 358
3032	282 147 366 130
3033	401 237 322 431
3034	110 48 72 363
3035	65 411 104 315
3036	1 24 153 294
3037	157 434 153 489
3038	394 416 365 461
3039	450 142 334 397
3040	279 365 278 294
3041	324 112 39 279
3042	91 346 87 216
3043	216 130 279 250
3044	53 102 228 142
3045	45 429 388 135
3046	60 55 220 122
3047	149 422 70 129
3048	20 229 145 431
3049	479 232 252 500
3050	293 423 235 259
3051	236 229 299 291
3052	166 235 335 387
3053	397 239 172 259
3054	125 140 335 230
3055	65 482 189 456
3056	120 231 15 318
3057	89 182 167 93
3058	322 126 32 290
3059	360 309 442 437
3060	437 269 421 498
3061	152 249 117 255
3062	378 214 275 483
3063	483 470 116 140
3064	453 238 61 162
3065	62 473 124 413
3066	21 375 290 382
3067	80 490 57 257
3068	144 340 258 20
3069	120 59 68 295
3070	453 66 297 90
3071	58 112 56 261
3072	359 259 461 217
3073	293 162 284 402
3074	374 176 413 474
3075	23 410 322 174
3076	113 214 362 14
3077	185 343 307 319
3078	88 27 434 101
3079	452 428 328 404
3080	114 63 93 96
3081	478 496 115 429
3082	114 263 408 177
3083	301 270 221 118
3084	204 182 355 41
3085	450 233 410 114
3086	311 409 188 91
3087	1 183 120 300
3088	91 424 458 120
3089	326 341 54 109
3090	188 483 243 284
3091	383 320 261 238
3092	300 131 385 195
3093	330 46 428 333
3094	162 178 146 282
3095	223 469 41 311
3096	458 279 90 133
3097	424 441 100 144
3098	159 262 278 376
3099	209 179 180 97
3100	109 445 401 271
3101	358 68 298 69
3102	105 454 421 32
3103	262 329 303 402
3104	400 446 495 79
3105	281 269 346 205
3106	428 185 22 260
3107	272 314 405 485
3108	108 96 60 321
3109	271 36 301 108
3110	378 245 51 283
3111	428 151 264 349
3112	87 155 359 104
3113	283 225 187 107
3114	34 463 489 482
3115	441 422 498 87
3116	358 184 57 361
3117	143 116 334 102
3118	51 198 115 210
3119	104 107 97 435
3120	164 142 291 423
3121	309 435 457 47
3122	274 18 384 184
3123	246 479 358 262
3124	470 154 84 459
3125	304 77 233 420
3126	19 93 307 330
3127	241 366 324 380
3128	489 65 330 202
3129	270 382 258 130
3130	393 449 381 21
3131	411 191 399 189
3132	441 459 205 478
3133	308 456 407 417
3134	205 340 228 315
3135	219 352 470 259
3136	394 478 486 214
3137	311 151 210 445
3138	99 132 239 426
3139	348 106 490 123
3140	137 413 374 199
3141	184 431 27 383
3142	198 232 137 253
3143	305 268 84 152
3144	191 117 55 4
3145	429 1 387 444
3146	149 180 2 448
3147	394 131 380 4
3148	150 480 354 100
3149	230 168 18 411
3150	100 196 418 125
3151	465 172 387 290
3152	204 260 454 329
3153	258 52 186 369
3154	259 49 42 415
3155	12 211 368 191
3156	301 257 290 13
3157	101 392 117 440
3158	310 297 5 229
3159	284 321 278 426
3160	42 391 340 109
3161	269 297 377 471
3162	84 6 186 187
3163	236 415 467 45
3164	15 392 176 439
3165	437 427 226 13
3166	246 29 314 234
3167	59 467 201 403
3168	438 244 156 136
3169	229 79 289 20
3170	234 185 229 81
3171	180 314 131 343
3172	191 480 240 280
3173	451 330 479 110
3174	156 415 163 46
3175	479 474 240 115
3176	315 493 406 19
3177	300 429 219 80
3178	306 264 277 190
3179	459 73 277 363
3180	172 164 487 32
3181	231 219 432 352
3182	303 204 390 441
3183	128 251 240 210
3184	41 144 431 12
3185	481 171 136 96
3186	293 16 317 456
3187	39 85 250 211
3188	299 354 195 207
3189	74 268 77 413
3190	138 333 183 460
3191	485 165 288 237
3192	161 205 462 9
3193	172 435 313 480
3194	246 387 162 372
3195	250 2 283 8
3196	162 415 193 221
3197	247 17 331 170
3198	303 124 260 144
3199	481 109 175 100
3200	239 373 184 231
3201	196 441 388 325
3202	302 483 343 365
3203	349 183 227 411
3204	341 174 406 476
3205	121 320 370 421
3206	391 243 271 329
3207	297 479 433 146
3208	166 51 43 178
3209	152 391 136 64
3210	172 488 93 350
3211	303 63 51 58
3212	217 41 255 482
3213	284 289 390 307
3214	224 365 416 280
3215	197 266 369 269
3216	24 392 324 234
3217	353 290 280 461
3218	252 399 154 266
3219	227 286 465 139
3220	464 283 472 270
3221	375 299 41 175
3222	362 312 10 441
3223	143 22 334 269
3224	279 115 250 204
3225	118 444 110 166
3226	116 362 163 348
3227	245 316 392 356
3228	487 199 43 349
3229	391 304 289 149
3230	133 389 252 32
3231	444 447 471 225
3232	21 348 339 500
3233	154 398 143 98
3234	127 339 376 362
3235	489 305 66 21
3236	45 445 49 453
3237	207 199 442 132
3238	402 197 460 250
3239	190 337 210 126
3240	34 247 289 259
3241	285 51 90 400
3242	438 367 461 86
3243	25 443 477 33
3244	317 255 151 327
3245	80 3 110 22
3246	351 152 497 323
3247	216 159 240 8
3248	419 138 125 116
3249	278 201 364 212
3250	104 153 132 253
3251	422 65 437 494
3252	154 319 460 304
3253	359 83 333 365
3254	1 467 160 173
3255	353 493 222 361
3256	42 438 361 396
3257	16 276 391 21
3258	87 258 354 236
3259	241 240 2 205
3260	275 60 63 427
3261	177 198 136 207
3262	247 346 278 425
3263	204 90 488 32
3264	35 98 440 473
3265	259 495 472 331
3266	375 115 387 203
3267	176 114 10 301
3268	146 56 427 358
3269	357 90 253 393
3270	138 148 253 24
3271	216 303 477 399
3272	119 322 176 46
3273	265 206 435 407
3274	486 142 397 7
3275	103 240 477 272
3276	307 367 456 331
3277	292 391 283 71
3278	159 255 315 206
3279	275 134 154 49
3280	493 317 482 80
3281	491 166 349 335
3282	98 187 416 44
3283	288 155 103 114
3284	377 16 436 391
3285	43 74 11 129
3286	268 406 233 68
3287	87 154 168 220
3288	28 305 98 159
3289	149 491 25 166
3290	48 60 360 355
3291	10 454 143 365
3292	12 360 120 179
3293	415 226 157 341
3294	434 246 224 494
3295	93 41 497 246
3296	37 79 96 13
3297	357 45 71 371
3298	472 413 399 192
3299	326 102 389 283
3300	42 121 215 9
3301	241 363 303 458
3302	424 337 326 192
3303	170 480 328 270
3304	350 316 406 454
3305	133 9 247 373
3306	309 191 389 319
3307	264 245 9 399
3308	50 312 2 481
3309	147 61 232 489
3310	97 379 464 67
3311	357 196 420 460
3312	462 428 97 481
3313	486 383 363 403
3314	438 437 143 295
3315	156 262 3 211
3316	142 318 352 384
3317	36 141 455 440
3318	447 398 487 216
3319	372 343 214 487
3320	486 184 190 302
3321	353 163 487 423
3322	193 179 283 476
3323	396 317 17 263
3324	160 372 386 153
3325	40 162 153 243
3326	147 145 394 266
3327	160 18 413 178
3328	356 228 20 129
3329	460 188 378 500
3330	148 420 8 341
3331	144 268 352 75
3332	184 24 97 192
3333	465 293 134 347
3334	455 27 317 222
3335	148 315 457 272
3336	143 367 234 51
3337	291 89 14 398
3338	97 408 32 129
3339	339 332 131 325
3340	471 183 185 74
3341	31 173 231 474
3342	326 463 242 482
3343	486 122 208 386
3344	119 236 312 165
3345	310 461 25 180
3346	445 441 386 157
3347	388 45 334 347
3348	139 358 114 181
3349	393 134 54 280
3350	453 363 85 430
3351	485 488 192 231
3352	457 316 71 149
3353	213 122 261 411
3354	20 219 23 457
3355	190 259 396 40
3356	358 357 422 256
3357	350 202 245 400
3358	483 24 317 305
3359	288 52 371 395
3360	178 78 130 229
3361	78 381 274 85
3362	132 450 411 242
3363	327 215 204 420
3364	297 417 389 347
3365	248 401 239 154
3366	222 391 196 57
3367	88 212 39 439
3368	174 152 178 437
3369	392 282 422 141
3370	235 426 159 353
3371	325 276 233 219
3372	255 472 481 339
3373	56 489 125 353
3374	68 270 477 347
3375	102 380 116 52
3376	261 248 405 469
3377	497 396 302 117
3378	434 441 132 365
3379	163 273 311 168
3380	438 308 86 193
3381	5 370 461 362
3382	396 493 223 320
3383	425 475 206 28
3384	2 111 351 389
3385	231 414 257 183
3386	69 271 276 103
3387	272 206 283 224
3388	145 364 287 175
3389	36 428 280 155
3390	161 298 484 428
3391	491 404 162 302
3392	58 230 422 424
3393	492 287 202 289
3394	144 4 443 318
3395	280 64 295 478
3396	98 421 431 289
3397	297 36 50 135
3398	465 154 57 17
3399	412 280 417 303
3400	313 72 319 109
3401	487 163 17 205
3402	345 434 424 263
3403	251 1 468 15
3404	178 439 235 187
3405	454 488 323 444
3406	331 298 122 461
3407	432 117 310 372
3408	29 79 137 28
3409	411 380 279 177
3410	388 295 477 439
3411	170 128 213 454
3412	300 283 187 306
3413	54 105 342 28
3414	448 221 465 77
3415	252 279 194 490
3416	269 190 375 395
3417	311 248 44 462
3418	464 68 75 240
3419	419 160 421 430
3420	205 94 481 463
3421	195 267 334 213
3422	122 364 61 64
3423	469 397 30 79
3424	351 122 120 239
3425	377 385 472 497
3426	17 126 131 258
3427	498 182 293 266
3428	389 49 253 182
3429	258 113 260 20
3430	194 270 264 239
3431	394 33 260 107
3432	76 172 136 428
3433	417 357 8 432
3434	109 453 459 1
3435	241 267 53 85
3436	438 266 349 484
3437	439 173 254 487
3438	167 434 344 296
3439	482 329 179 267
3440	478 288 128 294
3441	267 354 397 303
3442	128 191 207 264
3443	276 218 300 112
3444	12 104 389 404
3445	337 167 15 248
3446	303 115 129 351
3447	129 391 70 462
3448	358 158 420 97
3449	373 177 264 75
3450	78 278 22 407
3451	480 156 236 408
3452	232 102 372 472
3453	358 230 395 106
3454	424 350 7 25
3455	95 157 347 363
3456	333 62 295 91
3457	317 268 20 313
3458	208 403 191 300
3459	176 233 38 307
3460	212 308 69 420
3461	166 313 430 363
3462	182 426 19 299
3463	294 4 464 273
3464	166 246 256 432
3465	16 38 337 227
3466	235 50 12 166
3467	323 199 112 282
3468	496 260 457 358
3469	442 5 79 150
3470	38 50 319 416
3471	199 345 321 63
3472	122 63 451 187
3473	352 250 449 355
3474	396 368 144 87
3475	458 81 475 2
3476	145 347 452 171
3477	208 31 396 11
3478	209 484 228 54
3479	120 454 448 416
3480	97 128 13 178
3481	494 190 25 106
3482	95 123 186 420
3483	120 224 34 333
3484	223 327 168 387
3485	443 170 408 484
3486	325 378 147 42
3487	102 282 178 140
3488	275 247 68 435
3489	138 400 358 447
3490	382 479 230 365
3491	31 447 488 22
3492	432 222 484 260
3493	272 351 443 439
3494	43 57 68 352
3495	189 12 100 294
3496	55 356 158 483
3497	436 199 137 452
3498	28 358 149 450
3499	258 51 124 326
3500	152 370 138 336
3501	448 172 145 419
3502	388 22 445 127
3503	307 96 3 379
3504	11 236 328 232
3505	359 258 30 492
3506	425 133 357 164
3507	132 452 240 329
3508	126 359 123 227
3509	399 93 446 224
3510	42 395 166 494
3511	22 26 96 339
3512	122 236 135 214
3513	237 474 349 289
3514	89 400 306 10
3515	151 159 460 195
3516	50 108 114 364
3517	79 49 232 11
3518	353 79 375 405
3519	409 102 229 135
3520	27 273 316 404
3521	229 389 29 106
3522	490 76 452 201
3523	134 380 176 117
3524	311 342 192 468
3525	373 241 453 132
3526	311 363 400 270
3527	297 424 371 126
3528	62 342 376 402
3529	481 413 186 311
3530	474 88 455 282
3531	364 474 384 198
3532	123 206 110 487
3533	315 351 432 481
3534	228 243 40 113
3535	128 377 108 18
3536	313 299 340 203
3537	210 93 493 67
3538	23 375 358 396
3539	480 29 147 26
3540	321 274 347 266
3541	355 428 129 96
3542	384 186 445 17
3543	186 351 391 126
3544	451 158 425 309
3545	477 180 130 398
3546	101 488 491 464
3547	357 285 445 190
3548	46 201 203 173
3549	439 201 88 253
3550	392 114 358 102
3551	450 447 299 202
3552	91 156 373 445
3553	377 247 57 387
3554	341 7 356 23
3555	237 186 161 480
3556	88 263 185 456
3557	142 62 343 324
3558	15 326 456 286
3559	313 423 63 74
3560	426 342 202 116
3561	429 103 355 246
3562	315 45 242 470
3563	351 281 452 31
3564	124 48 439 66
3565	109 474 15 126
3566	207 140 46 77
3567	414 118 92 358
3568	385 420 124 259
3569	387 259 398 16
3570	149 82 312 472
3571	281 236 252 154
3572	111 29 463 204
3573	55 60 361 30
3574	108 483 367 151
3575	351 118 266 469
3576	67 122 379 244
3577	229 193 84 139
3578	219 371 427 269
3579	326 218 165 109
3580	75 292 374 335
3581	62 101 14 67
3582	255 181 240 461
3583	3 412 240 214
3584	203 346 232 467
3585	90 160 403 164
3586	187 445 152 102
3587	379 483 64 55
3588	142 452 425 449
3589	223 178 288 261
3590	220 324 131 228
3591	275 500 190 392
3592	307 389 293 367
3593	303 68 326 128
3594	145 245 338 141
3595	208 104 498 441
3596	367 237 148 430
3597	498 11 128 197
3598	192 232 383 175
3599	145 436 242 359
3600	457 81 89 256
3601	314 469 250 492
3602	355 232 6 237
3603	492 67 285 471
3604	380 410 313 345
3605	224 465 16 446
3606	215 236 244 470
3607	234 171 248 494
3608	429 57 111 479
3609	392 202 40 153
3610	151 78 247 277
3611	135 487 231 118
3612	15 216 266 189
3613	125 319 493 263
3614	41 341 292 15
3615	121 401 458 409
3616	240 250 474 429
3617	252 419 481 298
3618	158 424 159 327
3619	98 116 285 140
3620	212 182 5 196
3621	229 153 78 305
3622	133 451 180 163
3623	90 494 154 283
3624	14 355 485 11
3625	429 250 134 403
3626	430 331 367 205
3627	190 290 205 16
3628	339 371 272 237
3629	164 31 141 365
3630	441 398 195 6
3631	449 101 368 216
3632	477 76 52 403
3633	136 48 45 427
3634	193 185 299 474
3635	14 398 47 414
3636	429 365 266 136
3637	125 19 76 131
3638	63 104 39 82
3639	22 420 373 465
3640	285 457 9 417
3641	207 341 317 63
3642	388 200 384 39
3643	430 211 345 467
3644	173 415 84 323
3645	33 145 327 22
3646	365 24 435 495
3647	89 19 143 199
3648	351 213 332 347
3649	297 443 40 96
3650	406 4 175 375
3651	418 407 478 296
3652	472 395 145 447
3653	52 419 138 480
3654	338 84 195 94
3655	301 176 79 85
3656	383 269 40 281
3657	164 120 81 200
3658	339 382 114 82
3659	82 19 360 163
3660	84 181 268 141
3661	88 254 10 76
3662	119 415 449 475
3663	184 363 267 141
3664	314 455 193 43
3665	431 197 173 23
3666	401 1 385 377
3667	266 237 70 270
3668	270 380 256 337
3669	373 194 315 269
3670	141 424 294 153
3671	416 45 215 356
3672	424 228 438 1
3673	385 404 492 490
3674	49 112 24 111
3675	474 195 223 245
3676	407 365 178 366
3677	104 18 46 101
3678	349 38 19 17
3679	175 305 68 228
3680	307 448 244 26
3681	104 456 331 116
3682	174 406 399 88
3683	435 496 326 21
3684	2 239 371 198
3685	99 60 16 250
3686	422 186 389 74
3687	374 498 1 329
3688	387 424 106 450
3689	207 331 439 89
3690	475 214 96 134
3691	269 429 62 93
3692	473 431 425 305
3693	51 365 119 238
3694	343 152 257 336
3695	272 214 353 180
3696	493 409 299 386
3697	86 287 131 16
3698	398 282 218 259
3699	349 265 151 388
3700	221 97 53 364
3701	167 96 201 386
3702	7 190 10 271
3703	20 124 284 237
3704	390 496 418 123
3705	10 466 485 399
3706	475 38 40 204
3707	102 457 351 192
3708	181 333 377 155
3709	302 155 135 126
3710	361 257 2 260
3711	286 343 184 47
3712	402 457 470 343
3713	361 338 363 90
3714	327 97 282 118
3715	6 487 355 345
3716	88 440 387 407
3717	356 255 357 414
3718	331 111 221 313
3719	178 72 117 322
3720	386 248 274 410
3721	243 232 16 473
3722	76 271 238 126
3723	14 111 330 500
3724	214 2 332 347
3725	163 225 100 492
3726	278 36 449 294
3727	242 267 16 174
3728	298 464 391 483
3729	221 203 16 130
3730	409 318 20 29
3731	183 261 340 155
3732	330 8 273 189
3733	137 255 88 262
3734	237 427 149 411
3735	273 79 408 270
3736	107 458 376 201
3737	435 490 273 227
3738	59 181 159 388
3739	229 344 429 236
3740	134 298 71 320
3741	419 374 434 8
3742	198 4 347 208
3743	187 324 398 151
3744	306 406 58 187
3745	342 312 375 383
3746	433 477 326 245
3747	278 188 77 469
3748	402 49 42 441
3749	275 378 492 224
3750	153 385 246 323
3751	208 225 180 466
3752	261 45 130 126
3753	332 246 12 271
3754	163 481 399 226
3755	57 396 314 291
3756	109 81 38 399
3757	499 476 412 291
3758	196 285 322 254
3759	124 181 305 377
3760	168 345 287 169
3761	479 453 235 191
3762	299 348 162 280
3763	272 341 219 54
3764	271 209 202 465
3765	62 397 158 265
3766	391 83 170 384
3767	353 309 471 375
3768	345 364 160 405
3769	158 480 282 375
3770	422 332 343 305
3771	425 72 61 268
3772	258 410 146 317
3773	271 214 223 11
3774	180 8 318 15
3775	74 19 87 260
3776	125 32 303 153
3777	297 412 250 269
3778	412 255 285 406
3779	323 362 337 138
3780	327 39 304 461
3781	172 124 298 446
3782	74 192 295 162
3783	174 352 342 47
3784	92 120 469 335
3785	4 101 333 46
3786	119 456 458 36
3787	24 157 450 140
3788	127 361 207 353
3789	462 446 159 134
3790	377 342 170 363
3791	257 355 53 28
3792	416 136 451 161
3793	317 242 400 97
3794	203 4 100 279
3795	477 182 278 389
3796	420 131 434 474
3797	145 82 490 483
3798	190 287 342 236
3799	472 224 23 252
3800	32 407 205 397
3801	340 30 148 244
3802	370 383 206 9
3803	94 442 391 45
3804	283 483 486 92
3805	200 189 430 293
3806	452 136 301 58
3807	401 477 170 178
3808	412 95 33 442
3809	492 159 87 445
3810	275 442 136 188
3811	15 370 151 19
3812	380 332 479 490
3813	311 60 418 264
3814	314 139 99 262
3815	397 176 233 188
3816	381 61 491 150
3817	405 101 211 330
3818	321 82 52 318
3819	388 469 191 44
3820	364 383 320 181
3821	231 102 270 243
3822	205 40 464 178
3823	9 396 45 367
3824	100 266 10 404
3825	53 350 19 170
3826	137 146 424 409
3827	102 437 486 497
3828	367 135 75 414
3829	282 76 430 162
3830	178 5 195 263
3831	322 290 88 391
3832	44 302 290 198
3833	408 237 435 27
3834	150 281 421 359
3835	411 119 399 318
3836	329 238 32 466
3837	369 155 117 125
3838	223 71 388 263
3839	104 127 494 299
3840	198 373 318 93
3841	140 216 233 266
3842	186 339 285 422
3843	257 223 387 45
3844	370 242 315 184
3845	457 480 256 17
3846	457 257 64 25
3847	430 194 278 225
3848	166 411 226 412
3849	226 177 231 322
3850	42 486 109 6
3851	284 420 262 84
3852	268 259 77 397
3853	270 178 397 500
3854	254 2 51 17
3855	256 284 238 497
3856	17 292 54 5
3857	222 162 108 299
3858	147 227 193 317
3859	138 60 393 203
3860	500 309 157 102
3861	456 335 248 280
3862	237 342 130 172
3863	264 197 256 87
3864	324 364 96 397
3865	127 155 452 484
3866	205 286 283 456
3867	177 19 436 488
3868	79 80 419 139
3869	459 176 48 413
3870	400 62 180 295
3871	242 9 284 146
3872	124 12 58 64
3873	85 214 288 4
3874	96 106 448 199
3875	321 452 367 27
3876	460 367 44 117
3877	359 199 53 395
3878	81 98 100 276
3879	227 358 226 388
3880	70 29 297 75
3881	170 325 406 255
3882	208 343 215 314
3883	179 49 63 242
3884	438 25 352 427
3885	13 372 284 78
3886	417 223 382 185
3887	499 2 81 4
3888	35 373 376 16
3889	166 194 386 310
3890	156 99 480 123
3891	466 88 366 432
3892	64 99 48 132
3893	131 410 102 112
3894	136 500 350 460
3895	376 21 363 221
3896	191 182 441 31
3897	270 406 432 206
3898	390 109 125 254
3899	451 241 80 17
3900	483 383 484 373
3901	471 157 278 422
3902	125 192 53 247
3903	458 318 172 160
3904	464 408 51 446
3905	421 293 119 73
3906	167 441 472 200
3907	460 99 282 86
3908	32 457 448 171
3909	310 87 364 228
3910	350 322 475 346
3911	102 112 14 276
3912	197 44 456 460
3913	457 171 317 93
3914	365 135 18 304
3915	469 326 22 267
3916	203 138 185 64
3917	441 409 292 307
3918	198 132 255 439
3919	173 30 324 347
3920	213 241 154 216
3921	464 492 59 108
3922	395 142 98 266
3923	452 181 77 214
3924	379 213 80 482
3925	289 424 414 444
3926	45 309 42 137
3927	188 240 179 459
3928	235 224 57 365
3929	221 218 309 478
3930	141 495 50 378
3931	81 179 405 482
3932	357 358 319 232
3933	227 69 499 302
3934	212 416 65 222
3935	258 105 424 342
3936	33 278 474 455
3937	168 396 135 34
3938	490 235 443 98
3939	458 461 493 309
3940	5 24 478 372
3941	21 438 349 203
3942	361 124 207 343
3943	168 225 382 230
3944	340 295 13 195
3945	108 354 16 426
3946	74 326 15 374
3947	154 374 468 279
3948	419 319 125 15
3949	284 433 435 78
3950	442 380 288 299
3951	7 331 20 79
3952	246 189 445 305
3953	420 53 322 266
3954	181 228 304 114
3955	332 370 364 206
3956	410 404 109 34
3957	368 199 360 60
3958	476 427 234 68
3959	360 340 368 154
3960	96 362 438 320
3961	435 50 418 297
3962	482 445 383 108
3963	311 313 436 27
3964	97 370 379 452
3965	160 120 85 15
3966	465 315 169 365
3967	318 195 114 473
3968	434 298 226 273
3969	416 247 266 242
3970	239 92 464 254
3971	190 67 291 260
3972	269 382 427 108
3973	318 131 117 327
3974	153 170 496 23
3975	79 226 245 45
3976	148 17 341 339
3977	22 135 471 400
3978	282 217 354 78
3979	45 441 102 351
3980	351 208 26 37
3981	461 153 374 277
3982	151 215 247 320
3983	130 61 394 407
3984	222 471 296 223
3985	187 19 495 306
3986	441 201 313 368
3987	173 226 34 127
3988	20 94 379 426
3989	125 497 274 204
3990	257 436 375 161
3991	229 72 143 122
3992	415 312 158 362
3993	159 76 322 131
3994	175 371 184 62
3995	84 445 296 288
3996	409 46 78 146
3997	97 382 183 316
3998	384 360 303 203
3999	469 242 376 93
4000	66 4 455 108
